The number of jobs:
50
The number of machines:
7
The number of vehicles:
5
The number of workers:
5

The processing time of each order processed on different machines:
(where rows denote machines: 1 to 7 and columns denote orders: 1 to 
50)
35,40,35,24,32,33,25,28,37,32,31,33,21,31,40,25,38,30,36,27,31,21,25,30,22,25,34,20,39,21,33,28,29,35,34,31,34,23,31,35,28,22,22,24,38,29,33,26,40,29
36,28,24,33,21,30,30,38,39,30,31,20,27,35,21,35,25,24,27,25,32,25,38,33,31,29,38,30,26,39,38,35,39,22,36,38,40,27,34,39,23,21,39,27,22,39,29,33,20,36
32,38,25,36,38,26,21,39,25,36,26,20,31,31,29,25,35,20,25,25,27,29,36,29,26,35,37,25,33,32,26,38,29,26,26,25,30,22,37,39,40,37,25,27,29,21,21,22,30,25
28,20,33,31,27,25,35,35,25,31,22,37,27,30,23,40,21,23,34,35,28,38,31,40,23,30,33,35,29,40,36,22,23,26,33,37,39,25,21,24,40,29,37,40,31,22,32,37,25,30
31,23,20,20,31,27,29,38,31,24,35,33,39,29,21,39,40,32,21,34,37,31,30,36,38,30,29,33,32,38,31,35,21,39,40,21,21,40,37,28,27,30,38,20,28,37,28,21,40,37
34,37,39,24,28,40,25,37,39,21,40,35,24,25,26,22,24,25,28,28,29,34,29,36,37,29,31,28,23,36,39,25,36,23,40,23,26,36,36,39,20,30,27,37,40,21,25,27,38,33
26,28,25,36,35,37,30,38,21,23,36,29,27,26,20,37,28,26,35,22,38,26,35,33,20,39,21,31,30,23,35,20,36,39,28,34,30,30,38,21,35,27,20,21,39,25,37,36,38,24

The coefficient of each worker on each machine:
(where rows denote workers: 1 to 5 and columns denote machines: 1 to 
7)
1.25,1,0.75,1.25,1,0.75,0.5
0.5,0.5,0.5,1,1.25,1,0.5
0.75,1,0.75,0.5,0.5,1,0.75
1.5,1,1,1.25,0.75,0.5,0.75
0.5,1.25,1,0.75,1.25,0.5,0.5

The unit processing cost of machines:

7,7,10,9,7,9,7

The unit idle cost of machines:

3,2,1,3,2,4,4

The distance between each location:
(where rows and columns denote locations: 0 to 50)
0,129,14,44,76,25,116,31,97,46,65,76,65,108,77,38,78,84,84,35,21,114,85,96,33,96,114,63,70,64,79,89,57,66,69,66,104,84,74,86,106,75,94,90,84,96,68,62,120,87,65
129,0,133,87,182,123,33,111,129,171,187,102,65,54,201,92,110,171,51,94,127,168,179,34,161,148,38,183,129,189,154,124,126,181,159,167,233,214,90,57,35,168,74,63,196,195,117,86,169,210,148
14,133,0,46,64,38,123,26,86,52,56,89,71,117,81,45,68,70,91,41,10,127,97,99,37,110,121,53,58,68,65,78,71,75,55,52,100,81,68,95,107,87,105,99,72,106,82,73,134,78,51
44,87,46,0,100,47,79,26,80,89,101,70,28,78,120,15,56,96,49,13,40,129,116,53,77,108,79,97,62,107,83,72,69,105,81,86,146,127,42,55,62,104,72,62,113,129,72,46,134,123,72
76,182,64,100,0,101,179,74,81,88,33,152,128,177,105,104,81,24,148,100,63,184,145,148,76,169,178,28,60,92,39,78,132,115,26,15,80,72,95,154,149,138,167,160,17,148,144,136,192,44,36
25,123,38,47,101,0,103,48,116,50,86,53,58,92,78,35,94,108,73,34,44,91,69,92,43,72,101,85,91,67,102,108,32,59,93,90,118,98,86,72,105,58,75,73,107,82,43,44,97,107,88
116,33,123,79,179,103,0,105,140,153,178,72,51,21,180,78,118,173,31,81,118,136,152,39,145,117,5,175,133,170,157,133,99,158,158,164,219,199,98,31,53,141,42,34,192,168,89,62,137,201,149
31,111,26,26,74,48,105,0,69,76,76,87,54,104,106,33,47,71,75,29,17,138,115,77,62,118,105,72,44,93,60,60,78,97,56,60,124,106,43,80,83,104,96,87,87,126,85,66,144,99,48
97,129,86,80,81,116,140,69,0,136,106,150,102,148,163,94,25,59,118,91,77,206,183,102,121,186,142,100,28,149,42,8,146,161,56,69,158,146,43,128,94,172,149,137,98,192,151,127,212,123,48
46,171,52,89,88,50,153,76,136,0,60,95,106,141,30,81,120,105,123,79,62,102,58,139,15,91,150,62,108,18,108,129,65,27,93,84,73,53,120,122,151,52,122,122,86,61,80,92,110,73,94
65,187,56,101,33,86,178,76,106,60,0,139,127,173,72,101,101,56,147,97,61,160,117,153,51,148,177,6,81,61,67,102,114,85,51,38,52,40,110,150,158,111,159,155,26,119,128,127,168,22,58
76,102,89,70,152,53,72,87,150,95,139,0,55,54,118,56,126,157,53,60,91,68,81,83,93,47,68,138,130,111,147,142,31,92,141,141,168,148,110,45,101,71,31,39,160,97,18,24,71,160,134
65,65,71,28,128,58,51,54,102,106,127,55,0,50,135,27,77,124,21,30,67,121,120,34,96,100,51,123,88,124,110,94,67,117,109,114,169,150,59,27,50,108,47,35,140,135,64,31,124,149,100
108,54,117,78,177,92,21,104,148,141,173,54,50,0,167,73,124,174,30,77,115,116,135,52,135,97,16,170,137,158,160,141,83,143,159,163,210,190,105,23,69,124,22,19,189,151,71,49,116,195,150
77,201,81,120,105,78,180,106,163,30,72,118,135,167,0,110,149,125,151,109,91,107,57,169,44,102,177,77,135,14,131,157,86,27,116,105,62,47,149,149,181,58,147,148,98,52,101,119,115,77,119
38,92,45,15,104,35,78,33,94,81,101,56,27,73,110,0,70,104,47,4,42,114,102,59,70,93,76,97,74,99,93,86,55,94,89,91,142,123,57,50,71,90,63,55,116,116,58,34,119,123,81
78,110,68,56,81,94,118,47,25,120,101,126,77,124,149,70,0,65,94,67,59,183,162,80,105,162,119,95,22,135,47,17,123,143,56,68,153,138,20,103,75,151,124,113,99,173,127,102,188,120,45
84,171,70,96,24,108,173,71,59,105,56,157,124,174,125,104,65,0,144,100,66,196,161,139,91,179,173,50,43,112,18,58,140,132,16,21,104,96,82,151,138,152,167,158,40,166,151,137,203,67,24
84,51,91,49,148,73,31,75,118,123,147,53,21,30,151,47,94,144,0,50,87,121,128,30,114,100,30,144,107,140,130,111,74,130,130,134,188,168,75,11,48,117,34,21,161,144,67,35,124,169,120
35,94,41,13,100,34,81,29,91,79,97,60,30,77,109,4,67,100,50,0,38,116,103,61,67,95,80,94,70,97,89,83,56,93,85,87,139,120,55,54,73,91,67,59,112,116,60,38,121,119,77
21,127,10,40,63,44,118,17,77,62,61,91,67,115,91,42,59,66,87,38,0,134,106,92,47,116,117,57,49,78,59,69,76,85,50,50,107,89,58,92,99,96,104,97,74,116,85,73,140,83,45
114,168,127,129,184,91,136,138,206,102,160,68,121,116,107,114,183,196,121,116,134,0,50,150,110,21,131,162,181,109,192,197,60,81,182,177,168,151,171,112,168,51,94,105,186,61,57,90,8,175,178
85,179,97,116,145,69,152,115,183,58,117,81,120,135,57,102,162,161,128,103,106,50,0,154,69,49,148,120,155,60,161,175,54,33,148,140,119,102,155,123,170,12,112,119,143,16,64,93,58,129,147
96,34,99,53,148,92,39,77,102,139,153,83,34,52,169,59,80,139,30,61,92,150,154,0,128,130,42,149,97,157,122,95,100,151,126,133,199,180,60,40,18,142,63,49,162,169,95,62,153,175,115
33,161,37,77,76,43,145,62,121,15,51,93,96,135,44,70,105,91,114,67,47,110,69,128,0,97,142,52,93,31,93,114,65,41,79,71,76,55,105,114,139,62,118,116,76,75,80,86,118,68,80
96,148,110,108,169,72,117,118,186,91,148,47,100,97,102,93,162,179,100,95,116,21,49,130,97,0,112,148,162,101,174,177,40,75,165,161,161,143,150,92,147,45,75,85,172,64,36,69,26,164,160
114,38,121,79,178,101,5,105,142,150,177,68,51,16,177,76,119,173,30,80,117,131,148,42,142,112,0,174,134,168,158,135,95,154,159,164,217,197,99,28,56,137,37,30,191,164,85,58,132,199,149
63,183,53,97,28,85,175,72,100,62,6,138,123,170,77,97,95,50,144,94,57,162,120,149,52,148,174,0,75,65,61,96,114,88,45,32,58,46,104,147,154,113,157,152,24,122,127,125,170,27,52
70,129,58,62,60,91,133,44,28,108,81,130,88,137,135,74,22,43,107,70,49,181,155,97,93,162,134,75,0,121,26,22,122,133,34,46,133,119,39,115,95,145,134,123,77,164,129,108,187,99,24
64,189,68,107,92,67,170,93,149,18,61,111,124,158,14,99,135,112,140,97,78,109,60,157,31,101,168,65,121,0,118,143,80,28,102,92,60,42,136,139,169,58,139,140,87,59,95,110,117,69,105
79,154,65,83,39,102,157,60,42,108,67,147,110,160,131,93,47,18,130,89,59,192,161,122,93,174,158,61,26,118,0,40,135,134,16,29,118,107,64,138,120,151,155,145,56,168,144,127,199,82,14
89,124,78,72,78,108,133,60,8,129,102,142,94,141,157,86,17,58,111,83,69,197,175,95,114,177,135,96,22,143,40,0,137,154,53,66,154,141,36,120,89,164,141,129,96,184,143,118,203,120,44
57,126,71,69,132,32,99,78,146,65,114,31,67,83,86,55,123,140,74,56,76,60,54,100,65,40,95,114,122,80,135,137,0,61,125,122,138,118,111,69,117,42,62,66,137,70,15,39,66,133,121
66,181,75,105,115,59,158,97,161,27,85,92,117,143,27,94,143,132,130,93,85,81,33,151,41,75,154,88,133,28,134,154,61,0,120,111,87,70,140,127,165,31,122,125,112,34,75,96,89,96,121
69,159,55,81,26,93,158,56,56,93,51,141,109,159,116,89,56,16,130,85,50,182,148,126,79,165,159,45,34,102,16,53,125,120,0,13,102,91,71,136,126,139,152,143,43,154,136,122,189,67,11
66,167,52,86,15,90,164,60,69,84,38,141,114,163,105,91,68,21,134,87,50,177,140,133,71,161,164,32,46,92,29,66,122,111,13,0,89,78,81,140,135,132,154,146,31,145,134,123,184,54,22
104,233,100,146,80,118,219,124,158,73,52,168,169,210,62,142,153,104,188,139,107,168,119,199,76,161,217,58,133,60,118,154,138,87,102,89,0,20,161,189,206,118,193,191,65,113,153,162,176,37,110
84,214,81,127,72,98,199,106,146,53,40,148,150,190,47,123,138,96,168,120,89,151,102,180,55,143,197,46,119,42,107,141,118,70,91,78,20,0,144,169,188,100,173,171,60,98,133,142,159,34,98
74,90,68,42,95,86,98,43,43,120,110,110,59,105,149,57,20,82,75,55,58,171,155,60,105,150,99,104,39,136,64,36,111,140,71,81,161,144,0,85,56,144,106,94,112,168,114,86,176,131,60
86,57,95,55,154,72,31,80,128,122,150,45,27,23,149,50,103,151,11,54,92,112,123,40,114,92,28,147,115,139,138,120,69,127,136,140,189,169,85,0,58,111,23,10,166,139,60,31,114,173,127
106,35,107,62,149,105,53,83,94,151,158,101,50,69,181,71,75,138,48,73,99,168,170,18,139,147,56,154,95,169,120,89,117,165,126,135,206,188,56,58,0,158,81,68,165,185,113,79,171,181,115
75,168,87,104,138,58,141,104,172,52,111,71,108,124,58,90,151,152,117,91,96,51,12,142,62,45,137,113,145,58,151,164,42,31,139,132,118,100,144,111,158,0,102,108,137,27,53,82,59,125,137
94,74,105,72,167,75,42,96,149,122,159,31,47,22,147,63,124,167,34,67,104,94,112,63,118,75,37,157,134,139,155,141,62,122,152,154,193,173,106,23,81,102,0,14,177,129,49,32,95,181,143
90,63,99,62,160,73,34,87,137,122,155,39,35,19,148,55,113,158,21,59,97,105,119,49,116,85,30,152,123,140,145,129,66,125,143,146,191,171,94,10,68,108,14,0,171,135,55,30,107,177,134
84,196,72,113,17,107,192,87,98,86,26,160,140,189,98,116,99,40,161,112,74,186,143,162,76,172,191,24,77,87,56,96,137,112,43,31,65,60,112,166,165,137,177,171,0,145,150,146,194,28,53
96,195,106,129,148,82,168,126,192,61,119,97,135,151,52,116,173,166,144,116,116,61,16,169,75,64,164,122,164,59,168,184,70,34,154,145,113,98,168,139,185,27,129,135,145,0,80,109,68,128,154
68,117,82,72,144,43,89,85,151,80,128,18,64,71,101,58,127,151,67,60,85,57,64,95,80,36,85,127,129,95,144,143,15,75,136,134,153,133,114,60,113,53,49,55,150,80,0,33,62,147,130
62,86,73,46,136,44,62,66,127,92,127,24,31,49,119,34,102,137,35,38,73,90,93,62,86,69,58,125,108,110,127,118,39,96,122,123,162,142,86,31,79,82,32,30,146,109,33,0,93,149,114
120,169,134,134,192,97,137,144,212,110,168,71,124,116,115,119,188,203,124,121,140,8,58,153,118,26,132,170,187,117,199,203,66,89,189,184,176,159,176,114,171,59,95,107,194,68,62,93,0,183,185
87,210,78,123,44,107,201,99,123,73,22,160,149,195,77,123,120,67,169,119,83,175,129,175,68,164,199,27,99,69,82,120,133,96,67,54,37,34,131,173,181,125,181,177,28,128,147,149,183,0,76
65,148,51,72,36,88,149,48,48,94,58,134,100,150,119,81,45,24,120,77,45,178,147,115,80,160,149,52,24,105,14,44,121,121,11,22,110,98,60,127,115,137,143,134,53,154,130,114,185,76,0

The weight of orders:
20,18,13,19,20,20,14,13,11,10,18,19,12,13,11,10,17,15,15,15,13,19,17,13,16,10,17,16,10,18,18,20,10,18,20,14,11,19,20,16,20,14,12,10,13,20,10,10,14,15

The unit tardiness penalty of orders:

10,10,6,8,10,10,7,8,9,10,10,10,10,6,6,10,8,9,7,8,10,8,8,9,10,10,6,7,7,10,9,7,10,9,8,8,6,6,6,9,6,8,8,6,8,9,6,8,7,8

The due date of orders:
524,211,518,158,418,418,401,277,269,478,354,432,465,317,283,501,414,497,95,102,650,268,575,413,454,500,378,216,408,318,210,413,334,501,618,391,700,304,191,733,562,536,625,513,331,533,177,609,585,466

the loading and unloading time of each order:
5,5,3,5,5,5,4,3,3,3,5,5,3,3,3,3,4,4,4,4,3,5,4,3,4,3,4,4,3,5,5,5,3,5,5,4,3,5,5,4,5,4,3,3,3,5,3,3,4,4

The sequence dependent setup time of each job processed on machine 1.
(Where rows denote jobs: 1 to 50 and columns denote jobs: 0 to 50.For example:The value of Sijk is in row j,column i+1.)
11,16,12,12,16,14,13,17,10,17,13,16,20,17,14,12,16,10,16,14,15,20,11,10,18,12,18,16,15,19,18,11,19,11,14,12,15,17,19,11,19,17,18,11,13,17,16,12,12,14
12,19,11,17,18,15,12,19,15,17,17,16,16,13,18,14,10,10,18,14,11,20,18,16,12,17,13,12,12,15,10,19,12,15,10,12,14,16,18,13,20,16,13,10,13,13,16,13,15,18
19,14,16,14,11,20,12,16,12,11,19,16,16,10,16,20,20,11,20,17,14,10,10,10,11,14,19,17,17,11,12,12,15,15,11,15,13,15,19,19,10,20,15,14,20,16,20,17,12,10
13,14,20,16,19,15,17,19,10,17,20,18,14,20,14,18,11,14,17,13,19,16,19,15,18,12,17,19,20,16,10,17,11,11,19,20,18,19,12,12,16,15,17,17,13,18,17,19,20,17
15,20,18,16,20,12,17,18,13,11,13,20,12,15,11,17,15,11,10,12,13,10,16,18,13,10,12,19,14,17,13,19,13,10,15,19,11,11,17,15,14,14,14,12,13,15,14,19,12,12
19,14,19,11,13,19,14,15,14,11,18,14,13,14,18,15,12,12,18,15,20,20,12,18,20,14,12,10,16,17,18,12,15,18,15,14,17,18,14,16,19,18,12,17,14,20,16,16,17,13
16,14,11,12,14,17,11,16,17,19,18,18,13,13,10,12,17,15,17,20,10,17,12,15,16,14,14,15,17,17,11,15,18,10,11,18,20,10,14,13,17,17,11,15,13,16,10,19,15,11
16,13,12,13,12,18,19,10,20,20,12,11,19,17,18,10,18,18,16,12,18,12,11,10,12,19,13,12,18,11,17,20,17,11,10,17,17,17,14,17,13,19,17,15,20,12,11,14,13,17
13,12,19,18,20,14,14,19,12,11,16,14,19,19,16,19,20,14,20,18,19,18,19,18,15,16,14,18,19,20,13,17,15,20,10,18,12,11,20,11,18,19,13,17,11,13,12,14,10,14
14,20,10,11,13,16,15,12,15,19,19,13,19,17,12,17,19,15,15,13,12,10,10,14,15,17,18,11,12,13,19,11,12,18,16,20,15,19,11,13,11,18,13,16,12,16,15,10,19,19
12,17,15,13,11,19,14,17,19,16,13,18,13,19,16,17,14,19,15,14,18,15,17,10,19,15,17,19,11,11,17,20,11,17,12,14,14,12,16,17,10,18,10,15,17,17,16,11,11,10
10,15,13,10,19,19,14,19,19,16,14,12,14,12,10,16,16,10,12,19,17,15,14,18,13,11,15,13,14,14,17,20,10,17,11,12,17,18,15,20,18,12,13,14,20,15,12,11,12,20
13,12,12,20,18,20,10,14,15,16,16,12,18,10,11,17,18,13,15,14,12,17,17,13,17,13,17,12,11,19,16,17,12,17,18,15,17,17,10,16,18,15,14,15,18,14,17,16,10,17
10,20,20,16,17,17,16,13,16,15,15,16,12,18,15,13,16,20,13,19,20,19,16,13,10,15,11,20,10,14,17,16,14,16,14,10,11,19,15,12,14,12,12,15,14,11,13,18,13,19
12,15,20,16,14,11,10,19,10,19,17,18,14,18,19,17,14,19,13,14,19,11,19,19,10,20,16,17,14,19,17,16,13,20,19,18,12,10,18,19,17,12,10,19,11,15,15,10,11,18
15,12,16,11,19,12,15,11,18,14,10,11,16,13,13,15,12,17,15,18,13,15,14,15,13,15,16,19,11,14,20,10,19,18,20,17,11,12,19,11,16,15,18,10,19,12,17,14,13,15
16,13,18,19,17,15,15,17,17,13,10,13,17,13,12,19,16,15,19,11,12,10,11,11,11,12,17,18,18,15,17,14,12,19,17,18,11,10,17,12,16,13,17,18,15,13,10,11,17,10
11,17,12,15,12,12,15,17,10,12,17,12,18,17,20,10,18,12,19,10,19,19,10,16,11,15,13,17,14,15,16,13,15,12,19,13,11,16,14,16,12,20,10,18,18,18,15,12,17,18
12,10,13,16,17,12,18,18,10,12,18,10,11,11,17,15,19,20,15,17,18,18,12,19,18,16,13,18,11,20,15,12,14,14,19,17,15,12,12,16,10,13,18,15,10,19,19,17,18,15
20,18,13,20,18,11,17,20,18,20,16,20,18,14,15,18,14,12,14,10,15,13,18,17,17,17,19,13,10,13,11,10,11,14,17,15,16,20,16,14,12,11,18,14,13,20,20,15,15,15
17,20,16,10,13,15,18,12,16,17,10,20,14,13,18,13,19,20,14,20,12,10,19,17,16,15,18,17,15,20,18,16,12,13,10,15,11,20,20,17,10,16,11,12,16,20,20,14,13,19
13,15,12,11,18,15,17,14,17,19,12,12,11,18,18,16,20,10,14,12,13,13,14,19,11,11,15,18,17,13,16,15,17,13,12,17,20,16,12,12,14,19,13,10,10,13,18,20,10,18
20,12,12,13,11,12,17,11,13,13,11,12,12,13,10,17,18,20,14,19,14,14,16,10,13,18,18,17,15,16,12,14,16,19,12,13,11,14,16,13,16,13,19,20,15,19,10,16,10,17
19,18,19,16,19,17,14,10,12,13,20,12,16,18,10,19,19,17,19,11,10,18,14,12,11,11,18,18,20,13,18,12,15,18,11,20,10,14,20,20,11,17,17,16,20,15,13,13,10,18
13,15,15,13,18,15,10,17,19,16,16,12,10,18,17,19,10,14,12,14,17,11,18,18,20,15,16,12,13,15,17,17,18,16,12,19,17,17,17,12,13,15,18,12,11,12,13,16,13,10
12,18,18,15,13,17,13,15,19,18,20,19,14,14,16,13,12,15,17,15,14,17,17,18,17,12,11,14,12,12,15,16,20,15,13,14,15,20,20,11,18,12,13,12,20,13,15,15,17,15
10,15,16,14,20,14,17,12,10,16,20,19,20,18,17,11,17,13,17,11,19,17,13,13,19,14,10,14,17,17,18,10,16,16,19,19,13,14,12,12,18,11,18,10,15,12,17,13,14,18
14,20,14,15,17,20,18,10,10,12,17,10,14,16,19,18,15,12,11,18,13,20,12,17,19,16,15,13,15,15,15,18,10,14,18,10,16,16,13,11,19,18,16,18,10,13,15,13,17,17
18,19,14,16,11,15,20,13,16,10,20,18,10,16,10,18,19,14,15,20,14,20,15,18,10,16,12,12,11,18,12,15,19,20,19,10,14,20,20,13,17,11,13,19,14,14,16,13,12,18
13,12,16,19,12,14,15,19,17,18,20,18,19,17,10,15,14,16,14,15,14,11,17,15,19,11,14,18,16,11,19,14,11,10,19,16,14,17,12,16,15,10,13,12,11,13,12,15,19,13
16,17,18,13,11,11,17,13,18,18,13,14,18,10,15,10,13,10,18,18,15,12,10,12,11,14,17,15,11,11,10,11,20,12,10,14,13,12,11,16,20,10,17,18,20,15,14,12,11,13
10,15,11,15,15,11,14,12,10,20,17,16,17,11,12,16,10,19,18,18,13,20,10,18,20,18,13,14,16,19,19,13,18,13,17,13,16,10,18,10,12,14,18,12,13,17,19,17,11,20
13,14,20,13,14,16,10,17,17,14,20,19,10,20,14,10,10,17,19,10,15,15,17,14,10,11,10,18,12,19,16,18,18,18,19,18,12,17,18,20,12,20,19,20,19,11,18,10,16,11
12,10,11,19,16,19,16,16,18,20,19,12,16,16,12,12,17,15,17,20,18,11,18,10,16,15,17,19,16,13,19,12,10,12,20,20,17,13,11,18,13,20,13,17,17,16,16,13,17,12
14,16,16,19,17,10,12,13,12,17,17,20,20,10,11,19,18,10,12,19,14,11,18,15,16,10,16,16,12,16,16,18,11,15,15,11,20,18,18,19,19,17,20,16,16,18,13,12,10,18
11,18,12,14,18,19,13,13,15,17,17,11,13,19,14,15,18,12,16,19,18,10,11,11,14,10,20,12,17,13,20,11,16,11,11,18,11,16,12,11,16,15,14,16,16,17,20,12,12,18
10,14,10,11,13,16,20,11,17,20,14,16,11,10,15,10,20,12,10,20,14,13,16,14,19,14,11,13,19,18,20,15,16,13,15,10,14,16,16,15,11,10,14,12,16,20,14,18,15,17
10,15,11,14,10,20,20,10,16,16,11,12,16,13,19,20,20,14,12,19,19,12,11,19,19,19,13,14,18,17,18,14,17,11,18,20,10,19,13,16,19,20,17,13,18,18,18,11,12,20
13,20,13,19,17,10,10,16,17,18,12,16,17,19,12,13,11,14,20,10,20,14,10,10,17,10,17,18,19,19,12,18,15,10,11,20,18,11,18,15,19,14,11,13,18,20,11,18,15,19
12,19,15,10,19,16,19,15,11,17,13,15,11,11,15,13,16,11,20,15,19,17,14,11,17,11,18,11,17,12,13,18,17,16,15,19,16,15,16,15,14,12,16,13,19,12,14,13,17,16
19,16,14,11,13,14,20,12,10,17,16,15,13,16,20,14,13,10,17,10,19,11,12,17,12,12,15,18,17,10,10,18,15,17,13,14,16,15,13,13,16,17,10,13,18,10,11,11,10,18
17,19,12,16,12,20,20,15,20,14,12,18,17,10,20,17,12,19,18,14,18,19,10,13,10,20,18,19,15,18,12,16,20,11,19,18,13,11,12,17,11,16,16,11,18,16,11,10,17,12
16,12,17,19,10,15,13,12,17,17,20,19,14,13,17,18,16,19,17,19,17,13,14,16,19,11,18,11,19,19,18,11,11,13,12,19,15,17,14,12,14,13,19,11,18,19,20,19,18,13
18,10,14,16,18,12,13,11,16,19,17,14,13,16,10,18,10,11,10,17,15,17,10,20,15,10,19,11,17,14,18,20,11,19,16,16,19,14,12,18,15,16,14,16,10,14,16,20,20,16
15,19,12,10,17,13,15,12,20,10,15,10,20,16,10,18,18,17,10,17,13,11,12,20,13,14,15,14,19,10,20,17,10,10,19,12,10,15,13,16,15,17,18,18,15,15,20,11,10,16
20,18,10,10,15,18,17,17,11,11,10,12,11,17,10,14,18,16,14,18,15,16,12,16,16,13,12,12,13,12,16,14,13,15,20,12,19,11,15,19,11,18,20,15,12,18,15,10,10,14
19,15,17,12,16,10,11,10,14,19,17,11,14,15,12,17,15,13,15,15,12,19,19,20,19,12,19,11,13,11,16,20,19,16,17,19,16,12,15,20,14,17,15,18,20,10,14,18,20,19
11,11,12,12,20,14,17,12,12,12,18,16,12,14,16,14,14,15,20,15,17,19,16,17,13,10,11,19,14,13,14,14,14,12,10,17,11,20,10,14,16,17,10,11,20,14,18,10,19,13
18,15,17,20,18,18,10,15,18,19,15,10,12,15,14,10,19,18,15,11,18,18,19,13,18,11,13,11,19,11,20,17,19,20,16,20,10,12,14,14,19,11,18,10,11,10,18,17,19,17
17,18,18,13,19,14,12,20,17,13,20,15,19,14,10,18,13,17,10,14,20,17,12,10,13,16,10,19,17,11,16,17,20,19,16,12,18,13,17,17,10,13,15,14,11,14,19,20,16,20
18,13,13,18,11,16,18,11,12,16,17,14,12,17,15,12,12,16,17,18,20,13,16,16,11,19,20,17,15,10,16,18,15,16,19,10,10,16,17,16,19,17,16,18,15,15,18,10,12,18

The sequence dependent setup time of each job processed on machine 2.
(Where rows denote jobs: 1 to 50 and columns denote jobs: 0 to 50.For example:The value of Sijk is in row j,column i+1.)
10,11,17,16,15,12,14,12,17,13,14,11,17,18,17,10,16,12,13,20,16,12,14,13,11,13,12,11,10,19,20,15,19,12,13,19,10,10,15,15,17,15,19,10,14,20,10,13,19,16
13,11,19,14,12,10,19,16,13,11,20,13,15,19,11,17,11,11,12,11,16,12,11,10,20,11,16,17,19,12,17,19,13,16,10,18,18,19,19,12,12,10,14,12,12,15,13,10,20,13
10,16,14,14,20,17,18,10,16,11,16,20,18,13,11,11,16,16,13,15,20,17,10,10,16,16,17,13,16,19,18,13,18,14,19,13,14,16,15,13,17,12,10,15,14,20,18,10,13,18
13,12,14,15,20,12,14,16,20,13,19,12,17,17,15,12,10,14,15,14,11,12,18,14,15,15,15,20,15,10,17,15,16,13,12,17,16,20,17,15,20,19,14,16,18,17,20,13,16,17
17,11,11,20,16,18,12,20,19,15,15,14,17,16,15,12,14,20,14,14,14,15,19,20,13,11,16,11,14,12,18,16,20,17,12,17,12,17,18,12,19,15,14,10,12,13,20,20,14,13
12,19,20,20,12,18,17,20,11,19,15,19,13,15,11,14,19,18,14,20,16,16,11,12,12,12,18,12,11,14,15,18,20,13,18,14,12,13,19,18,19,11,11,10,10,20,12,19,11,19
18,11,17,13,11,14,18,16,17,17,19,13,12,20,10,17,16,14,18,19,20,16,17,15,18,18,14,17,13,20,18,17,13,12,14,15,13,15,14,19,16,14,13,17,13,17,14,12,18,12
14,10,14,17,13,13,18,10,11,18,18,17,20,13,15,12,20,11,12,11,15,19,20,11,12,13,13,14,11,18,17,12,17,19,14,18,18,16,13,10,15,16,13,20,10,18,13,15,11,16
14,13,18,19,18,16,19,13,12,15,20,18,15,19,13,12,11,20,18,13,20,16,15,15,17,10,17,13,19,19,19,13,15,18,12,17,13,11,15,17,11,19,14,14,17,20,12,15,15,10
15,16,17,11,19,20,14,11,20,19,15,19,20,15,10,13,15,17,16,10,13,13,20,14,12,10,18,15,13,13,16,17,12,19,14,19,20,13,10,18,13,18,20,12,13,16,16,13,20,17
14,16,19,10,16,10,13,13,18,11,18,16,15,11,14,17,16,12,18,10,20,13,20,16,17,13,11,11,19,17,20,20,18,20,10,10,11,19,14,14,10,12,15,19,11,16,15,15,17,19
10,16,10,20,12,20,17,18,13,18,12,18,10,15,17,14,11,17,10,10,12,14,11,14,10,20,13,17,15,13,14,10,17,12,10,19,13,14,16,16,13,17,18,19,16,10,11,14,12,10
20,16,11,12,12,20,16,12,10,17,18,14,20,18,19,12,14,15,18,18,19,17,13,15,19,19,18,20,11,16,19,10,11,15,15,14,19,14,13,11,11,19,13,12,14,16,16,10,17,12
16,13,11,16,18,12,12,15,13,10,13,18,18,13,16,20,16,17,14,12,14,15,19,18,15,12,17,13,12,15,10,12,13,17,16,13,16,20,14,12,18,10,20,15,16,11,14,16,11,13
12,13,20,12,15,18,10,11,16,16,20,15,11,10,20,11,17,11,20,11,19,10,19,12,15,19,20,19,18,17,17,13,20,12,20,15,17,10,19,15,18,13,16,19,19,13,18,11,19,13
14,19,10,13,19,18,18,19,19,18,16,15,12,11,10,16,15,14,12,11,16,10,13,14,20,10,11,12,10,11,13,16,18,11,11,10,16,19,13,13,15,11,12,19,16,12,15,13,10,13
16,18,15,16,11,10,12,12,14,14,16,11,13,18,11,10,10,10,16,13,17,13,14,15,11,12,10,15,10,13,14,14,14,15,14,20,12,18,16,17,16,10,10,15,17,12,17,10,13,15
11,20,10,14,11,19,12,20,15,10,10,13,16,17,18,13,18,13,18,20,17,12,14,12,16,19,19,15,19,17,14,20,13,17,20,17,18,12,18,12,14,14,11,10,17,20,12,11,14,11
17,16,14,12,16,16,20,20,20,20,12,10,13,13,15,18,17,20,15,17,11,10,17,10,17,19,11,13,12,11,12,18,20,19,18,14,17,13,12,16,14,16,20,15,18,12,19,16,19,17
16,18,13,11,11,17,18,13,12,15,17,18,14,13,18,16,16,18,20,18,16,10,18,19,12,10,20,13,18,19,20,13,13,10,18,15,14,14,14,17,14,15,15,18,13,20,15,18,12,20
20,18,13,14,13,19,15,14,11,15,19,18,20,20,16,10,13,18,16,10,20,10,17,12,11,14,14,11,14,10,11,12,14,13,12,20,12,12,10,19,16,11,18,20,18,15,15,18,18,17
12,18,18,10,18,18,17,10,18,17,13,11,10,19,20,17,15,20,19,15,19,10,17,12,10,18,18,16,13,10,18,14,18,14,15,19,15,19,18,15,15,15,11,15,10,15,10,13,15,14
17,20,15,13,20,19,12,18,14,13,17,20,17,10,15,15,13,13,11,11,18,10,12,20,15,18,12,20,12,18,13,19,12,17,15,10,18,13,11,12,20,19,12,15,10,14,16,11,10,20
14,15,10,10,12,18,18,10,12,13,14,15,15,19,14,20,17,13,11,17,12,20,18,18,15,14,10,18,11,10,13,13,10,13,17,14,15,19,19,10,14,19,11,18,17,20,12,11,20,16
16,19,15,10,16,18,14,20,17,14,11,11,10,17,16,14,12,16,17,13,17,18,11,13,12,16,12,14,12,19,11,11,19,20,14,18,18,12,10,15,10,15,11,13,12,16,19,19,17,17
11,13,14,15,10,18,15,20,10,13,15,16,15,19,10,11,10,16,15,19,10,18,15,13,11,10,14,18,16,14,19,14,15,11,19,11,10,18,19,12,13,19,20,20,19,18,10,12,12,20
12,17,13,10,19,12,15,18,10,12,18,16,18,11,13,11,17,20,20,10,13,10,19,20,13,18,20,17,17,17,16,19,11,12,18,12,11,16,20,18,18,10,11,20,12,10,19,20,20,10
17,16,20,18,16,19,16,15,20,11,13,14,16,19,14,15,12,11,14,12,12,10,13,17,15,19,16,11,16,13,12,11,10,20,20,12,10,20,15,13,10,20,12,20,20,17,12,12,17,15
19,13,12,20,10,11,10,10,10,17,17,16,19,17,17,13,18,11,17,12,15,12,19,12,15,14,20,19,18,19,12,12,20,15,10,17,13,20,10,17,12,15,17,13,13,19,15,13,10,11
11,10,14,14,16,17,12,11,15,18,13,17,16,11,15,14,16,13,19,16,18,10,15,11,17,10,13,16,15,11,16,17,14,12,11,10,11,16,19,12,15,16,14,10,18,19,16,15,17,19
14,13,14,15,15,12,11,11,15,20,20,17,18,18,13,16,11,20,14,16,18,17,13,13,14,15,10,13,15,12,10,15,16,19,10,18,10,14,14,16,17,13,10,11,20,14,15,17,20,12
10,12,11,15,20,18,20,13,14,12,18,10,14,17,10,10,17,16,18,11,15,18,15,16,10,18,12,10,17,11,12,11,10,19,11,17,11,19,18,18,14,15,15,13,13,11,12,17,14,18
11,19,13,19,15,17,15,10,11,17,12,19,11,14,10,16,20,16,20,20,20,18,10,15,15,19,19,11,10,11,14,14,15,19,19,11,12,20,13,20,10,10,15,13,16,10,19,12,19,15
10,18,14,13,18,19,10,11,13,10,12,20,16,20,11,18,11,10,13,19,13,11,17,18,10,14,16,18,20,20,14,18,20,17,14,10,20,14,15,17,14,11,17,14,10,10,18,11,16,14
20,19,10,17,20,11,16,20,18,11,19,13,17,19,13,11,19,10,12,11,12,19,17,13,16,10,11,16,17,12,16,10,16,11,12,14,16,18,20,20,13,10,19,20,10,18,11,15,12,19
17,11,14,10,15,16,12,13,13,20,14,17,11,16,20,14,20,13,16,11,12,12,17,13,16,17,18,11,12,12,11,15,11,20,15,18,15,11,17,15,11,15,17,19,10,16,20,14,11,19
18,14,19,10,12,19,15,18,19,17,20,13,10,12,19,18,11,20,19,14,18,11,15,18,16,11,19,19,18,11,12,19,20,18,18,13,12,18,19,11,13,15,17,20,18,15,19,14,19,12
18,20,11,11,17,17,11,15,18,12,18,10,16,17,12,13,16,19,18,14,19,11,20,10,18,15,17,10,19,14,16,16,18,13,10,20,20,12,16,14,19,12,18,11,12,13,14,11,13,20
11,14,14,11,11,18,19,20,11,17,13,18,12,13,13,19,17,16,16,19,13,19,14,15,14,15,20,13,17,14,16,13,18,19,19,18,14,18,20,13,11,15,13,13,12,15,12,11,17,18
12,10,13,15,12,19,13,14,20,11,12,10,12,17,17,16,17,14,14,19,13,20,14,15,20,17,16,19,17,14,17,18,12,18,11,20,13,20,20,11,15,11,18,14,14,13,19,19,13,10
15,10,17,13,16,12,11,16,17,15,15,18,15,17,20,12,14,17,19,12,19,19,13,17,12,17,12,19,12,15,14,15,11,13,17,17,11,14,13,16,10,18,17,11,16,13,18,15,10,15
10,11,11,15,19,17,14,13,16,16,10,14,18,11,17,11,17,15,13,19,16,17,17,16,19,16,14,13,14,16,20,12,16,20,14,12,11,19,18,11,20,17,10,13,12,17,19,18,12,17
15,18,17,13,16,17,15,12,14,13,12,19,11,16,18,11,19,10,14,16,15,17,16,15,19,16,14,16,11,13,13,16,16,11,17,14,13,10,15,10,11,14,14,19,10,18,16,11,15,10
20,20,10,13,19,12,18,11,10,20,18,15,14,19,19,18,15,13,19,12,14,17,14,14,16,18,20,17,13,18,13,11,20,13,13,17,18,19,13,17,13,18,11,16,14,14,16,15,20,19
13,15,20,12,15,20,18,19,12,20,11,17,16,20,16,12,16,13,15,19,13,20,12,20,18,20,14,16,15,19,17,20,15,13,10,17,16,12,14,19,17,13,12,15,10,11,14,13,11,17
18,12,13,11,10,12,12,12,10,20,19,17,19,19,14,20,13,16,10,14,18,18,15,17,10,19,16,19,10,16,19,11,18,16,15,19,18,16,17,16,16,19,12,18,12,20,13,11,18,12
16,17,18,15,11,13,16,18,11,16,19,10,16,18,16,12,11,15,20,18,19,18,15,20,18,16,20,14,15,20,16,13,12,12,16,12,10,19,13,16,15,20,19,15,19,13,16,19,13,12
16,17,20,14,11,10,17,10,17,15,15,16,16,12,12,18,12,17,12,20,17,12,16,13,20,16,17,19,11,10,19,15,14,14,12,19,10,19,14,16,11,16,16,12,17,13,14,18,20,10
18,20,19,14,20,17,14,19,11,18,14,13,15,19,18,11,13,11,20,15,17,18,17,10,17,15,14,11,17,10,18,15,13,16,11,17,18,20,11,16,14,20,15,11,13,13,19,17,11,10
19,17,19,20,10,20,16,18,14,20,14,11,14,17,13,18,16,18,20,18,15,15,12,20,11,18,19,18,12,14,11,11,10,19,12,10,14,14,20,10,18,20,14,14,15,15,14,18,16,10
19,13,15,13,14,14,15,16,19,17,13,17,18,14,18,11,13,11,11,18,12,15,11,15,15,10,20,18,15,14,19,11,14,11,14,13,16,12,13,15,12,10,11,12,12,17,20,17,14,12

The sequence dependent setup time of each job processed on machine 3.
(Where rows denote jobs: 1 to 50 and columns denote jobs: 0 to 50.For example:The value of Sijk is in row j,column i+1.)
19,10,18,17,16,11,17,13,20,10,10,14,15,16,16,20,10,18,16,20,14,16,17,17,20,20,12,16,11,17,10,15,11,17,13,15,11,17,17,17,14,17,18,13,15,15,15,15,10,15
10,17,19,13,14,14,17,16,12,18,18,11,18,12,11,10,18,18,20,18,14,10,12,20,18,11,20,17,13,12,20,20,19,14,13,19,13,20,18,17,13,14,18,18,15,14,16,14,16,11
11,15,17,19,18,11,13,14,16,15,13,16,10,17,19,19,11,17,11,10,14,19,19,15,16,13,13,14,13,11,12,19,19,18,17,20,20,10,19,14,16,18,13,19,17,18,18,13,18,20
16,17,10,13,15,14,10,10,11,13,14,18,12,17,12,17,14,15,18,13,17,12,19,13,13,16,14,17,14,16,14,10,20,10,20,13,10,10,17,19,20,13,11,19,11,13,13,15,19,14
10,17,18,19,12,16,10,11,13,17,15,20,11,19,13,11,10,11,12,20,20,16,15,18,10,19,19,14,15,16,20,15,13,14,16,12,15,17,13,10,17,10,19,16,20,17,13,20,12,18
17,19,12,15,15,19,18,12,12,10,13,16,17,14,15,16,10,20,13,17,11,13,17,19,19,14,13,14,10,13,16,12,20,10,14,17,14,17,17,10,10,13,15,13,17,12,17,20,17,14
10,16,19,10,16,12,20,10,10,13,19,14,16,17,12,17,16,10,19,15,12,12,18,14,12,12,19,17,17,16,18,13,20,11,16,15,13,17,16,19,16,16,10,16,16,14,14,10,12,15
16,18,19,13,14,16,15,16,19,12,15,15,10,12,13,15,14,19,12,10,16,10,10,15,16,16,17,13,13,16,12,18,11,18,10,15,15,12,10,13,12,20,11,10,13,17,11,15,19,15
16,18,14,18,10,16,12,16,14,20,13,20,12,12,17,11,11,20,12,17,18,15,20,10,20,13,11,18,13,11,17,18,16,16,20,16,18,11,12,16,20,15,14,18,19,12,17,19,10,10
11,14,10,14,20,17,18,15,14,17,17,20,12,11,11,10,13,12,17,19,20,12,11,17,14,17,15,11,19,12,16,20,11,18,10,13,20,11,16,13,18,12,11,20,16,18,15,11,13,13
13,19,12,18,19,12,15,12,16,12,15,12,12,19,16,14,17,19,17,19,13,14,20,18,10,10,10,15,16,19,10,11,15,16,14,16,13,19,13,11,10,15,15,11,18,12,19,20,11,20
16,12,20,16,14,13,11,11,10,17,13,19,13,16,19,18,19,18,16,16,20,16,20,10,14,15,16,17,19,10,10,20,15,19,18,18,17,17,19,11,20,20,15,19,15,18,10,20,13,14
20,18,15,16,20,10,10,11,10,19,16,14,10,13,19,17,20,14,17,13,19,13,19,15,19,17,13,18,11,14,15,11,19,14,10,10,14,18,11,20,10,16,10,12,17,17,11,17,12,18
17,14,16,17,17,12,19,15,17,18,12,14,16,11,17,12,15,16,13,11,18,15,15,12,19,11,16,17,13,13,10,10,16,16,20,19,15,14,20,19,15,12,17,14,11,18,20,13,15,15
17,20,20,15,12,13,12,18,16,16,13,16,18,13,12,14,17,12,14,20,13,18,12,19,19,10,16,18,19,13,10,18,16,12,18,14,10,17,17,12,20,15,13,14,13,13,10,20,10,11
13,14,20,15,11,14,18,13,12,13,13,15,17,15,12,12,17,10,10,16,15,20,12,17,15,19,15,20,19,17,16,14,18,17,18,13,16,11,18,15,14,19,19,12,18,20,11,15,13,10
15,10,17,10,16,17,17,15,13,12,17,13,12,17,12,19,15,18,14,14,14,19,12,19,14,12,14,17,19,11,16,10,12,14,16,17,17,17,15,13,15,20,11,13,19,10,12,13,20,12
12,19,18,20,18,18,12,11,11,10,13,20,16,16,18,10,10,15,15,12,14,11,19,20,10,16,15,13,17,12,19,17,10,17,17,14,16,16,19,11,12,13,15,11,16,13,11,14,19,17
11,19,19,18,16,18,15,10,20,16,16,20,12,10,17,20,12,19,19,11,15,11,19,13,14,15,10,10,12,18,18,18,19,11,19,20,15,12,16,13,14,13,19,13,11,16,18,19,19,15
20,16,15,18,14,10,16,12,12,16,11,15,17,13,14,17,10,15,12,17,14,15,15,18,16,17,18,10,14,15,18,19,15,16,12,13,17,20,10,19,17,17,13,13,11,17,13,10,16,16
20,11,11,10,15,18,17,15,20,20,15,12,10,15,17,10,14,11,13,17,11,13,18,15,11,17,15,20,16,15,14,12,10,17,18,20,10,16,15,11,17,15,12,10,18,20,15,11,19,19
15,15,11,10,14,19,10,12,20,16,18,11,19,10,20,17,11,16,11,10,18,12,13,15,14,18,11,15,12,17,12,19,15,12,16,17,12,20,16,14,20,17,18,11,19,16,16,12,11,17
19,12,16,16,10,17,11,11,12,16,17,19,10,16,13,15,19,20,10,11,14,12,12,18,16,20,20,16,15,11,13,13,10,20,18,14,16,18,20,20,12,19,17,20,12,14,19,16,17,11
14,15,13,13,12,13,14,12,16,20,11,19,10,20,19,19,19,10,11,15,19,19,19,11,15,17,18,13,10,17,10,20,15,15,13,10,13,18,15,12,11,20,19,17,19,10,17,16,15,17
14,14,17,17,13,17,14,17,19,12,13,18,19,14,20,15,19,14,17,15,18,11,16,12,12,11,18,18,16,10,15,12,11,18,16,13,12,11,13,13,10,14,14,12,19,15,10,14,14,15
15,20,17,15,10,20,19,19,18,13,19,16,19,11,16,16,12,11,20,18,17,15,14,12,10,16,15,12,20,20,18,16,18,12,13,18,14,10,17,15,20,18,12,17,12,11,20,19,15,11
11,18,13,17,16,19,14,11,10,10,12,15,20,17,10,17,14,13,12,18,17,14,14,16,14,14,10,14,18,15,11,19,17,10,13,11,20,17,12,10,14,10,17,10,11,13,13,13,20,10
13,16,18,17,19,12,12,17,18,14,17,17,10,13,17,16,20,16,14,14,11,19,19,18,17,17,11,11,10,19,18,13,19,14,17,18,11,11,10,18,12,11,17,19,13,10,11,20,10,11
11,13,18,11,17,11,14,14,18,15,15,19,13,11,18,19,14,15,12,18,13,16,12,18,18,13,13,11,19,15,11,11,18,19,20,12,18,15,14,19,16,18,16,18,17,19,15,13,13,20
18,14,18,20,15,16,13,13,18,12,18,13,12,10,20,14,17,14,18,18,15,13,12,12,19,20,10,20,18,12,14,17,20,18,19,12,16,10,19,19,12,13,17,19,20,20,19,17,12,11
10,12,13,15,13,20,11,12,20,18,10,10,10,12,15,13,13,15,15,19,19,18,20,20,16,18,11,12,16,14,17,10,19,10,11,11,15,20,13,17,14,13,16,11,15,11,18,11,18,14
17,13,20,15,10,15,14,18,11,19,18,10,12,13,18,14,14,10,14,17,20,15,16,20,14,16,13,18,14,17,12,14,14,20,14,13,17,20,17,15,11,15,17,20,17,11,16,12,16,11
10,14,17,17,12,10,15,13,19,18,20,12,11,20,19,19,13,18,11,20,12,18,16,16,14,15,19,16,14,19,18,13,17,17,15,20,14,18,15,15,14,20,11,19,20,16,14,16,16,20
10,11,12,12,12,19,14,20,12,13,14,14,13,15,10,12,14,20,16,16,18,17,20,11,14,15,11,14,11,20,15,15,16,10,13,18,17,11,12,15,16,10,13,17,12,20,12,16,17,11
11,14,20,12,18,14,17,12,19,19,16,18,14,11,17,16,20,18,17,20,13,10,12,18,20,18,16,20,13,19,10,14,16,19,12,14,11,12,15,19,10,14,11,14,11,18,11,19,13,16
20,10,17,15,11,17,18,12,12,12,19,19,15,15,11,18,14,15,20,12,16,16,12,14,12,18,12,10,20,16,18,20,19,16,18,20,14,20,14,17,18,10,12,20,17,10,16,10,12,19
17,19,10,11,17,14,19,17,17,14,19,13,17,13,15,12,14,13,15,20,16,16,15,11,20,13,11,11,14,11,12,16,11,10,17,20,14,15,14,14,11,20,15,14,17,14,14,14,12,20
15,12,20,11,14,10,18,15,12,10,17,15,11,12,12,16,12,20,13,14,10,14,16,17,10,20,14,10,11,14,15,14,10,13,14,14,17,16,13,10,12,13,14,19,15,19,15,10,20,19
20,16,10,14,19,16,16,18,20,20,13,12,10,17,18,17,17,10,19,13,16,11,20,11,18,14,16,15,17,15,13,10,19,20,16,11,15,20,16,18,18,15,10,18,15,18,16,14,15,10
14,15,10,20,10,12,20,18,13,12,11,11,13,14,10,17,16,16,16,15,12,14,16,16,13,18,16,12,16,11,15,14,12,12,12,20,19,12,19,11,20,13,20,14,10,11,17,16,10,18
12,12,17,16,17,15,16,20,14,16,15,12,10,13,19,13,19,17,13,12,17,12,14,10,19,20,12,16,13,20,14,10,19,14,18,17,18,16,17,16,11,12,14,13,20,17,14,20,19,12
11,14,14,19,18,15,15,12,11,13,10,20,17,20,16,14,13,12,11,14,17,15,20,16,14,15,19,10,11,18,14,18,14,11,10,15,10,17,13,16,10,15,12,15,12,10,18,18,13,16
14,10,11,10,12,16,17,16,15,19,18,13,18,16,18,16,20,13,16,10,12,12,14,17,13,20,15,17,13,14,19,16,20,13,16,12,14,17,17,18,13,13,10,12,14,15,13,16,20,14
12,20,16,14,16,16,15,10,20,10,17,16,17,15,15,20,15,12,12,15,15,17,17,13,17,16,18,20,11,15,14,14,13,20,11,17,18,10,11,19,17,20,12,18,13,16,10,13,20,10
12,19,14,13,10,16,20,10,16,15,10,17,10,14,12,19,14,12,19,17,17,18,11,18,18,19,18,20,20,14,10,17,12,14,14,12,18,18,20,14,18,15,12,16,19,18,17,18,14,12
10,19,17,14,18,14,20,18,16,18,15,14,14,13,13,20,11,20,19,20,17,14,19,18,16,10,16,20,10,11,18,15,19,13,14,10,15,20,12,13,16,12,12,17,14,12,18,19,18,20
19,10,14,18,18,17,14,12,15,12,20,15,15,10,19,16,15,18,10,13,11,19,11,15,19,19,11,20,18,14,20,18,14,10,17,12,11,17,19,19,15,13,19,14,19,10,10,15,12,12
19,17,18,13,20,11,10,14,10,16,11,11,13,16,18,10,20,11,20,18,11,13,14,15,12,12,10,15,20,18,16,13,19,12,19,18,20,12,18,19,10,16,17,11,13,17,15,13,11,16
17,17,14,13,12,11,13,20,13,14,14,19,10,18,15,13,12,20,20,17,17,15,16,10,18,18,19,14,17,12,10,17,10,19,15,17,14,18,12,11,14,14,16,13,14,20,14,14,11,10
11,19,20,17,16,14,14,16,12,16,14,20,17,16,12,13,19,14,14,15,14,15,20,12,14,17,10,16,16,17,14,20,17,15,14,10,17,16,13,14,16,18,20,18,15,11,12,13,19,10
10,12,12,16,16,11,19,12,11,14,19,17,13,13,16,15,11,20,20,19,12,16,17,12,14,10,15,10,15,20,17,18,11,13,18,16,17,16,16,15,11,10,20,10,13,19,17,14,12,19

The sequence dependent setup time of each job processed on machine 4.
(Where rows denote jobs: 1 to 50 and columns denote jobs: 0 to 50.For example:The value of Sijk is in row j,column i+1.)
14,19,10,13,17,18,11,11,15,20,17,10,18,20,16,12,17,16,20,12,15,20,19,13,18,12,10,15,14,15,13,17,10,20,14,18,17,10,17,19,13,11,12,18,15,14,16,15,12,17
15,11,11,19,20,12,12,17,15,20,11,11,18,12,17,17,12,10,13,15,17,20,16,14,11,13,10,17,12,14,18,18,20,16,11,11,13,12,16,14,17,20,13,11,13,11,19,19,18,10
15,11,18,20,13,19,20,18,20,16,13,14,19,17,15,10,18,16,14,13,12,11,18,19,12,12,18,14,13,16,20,15,18,18,15,18,13,10,16,19,11,15,14,12,14,14,16,14,10,15
12,18,20,14,20,17,20,20,14,13,14,13,19,12,16,20,16,20,20,20,16,13,13,13,11,11,16,15,13,18,15,12,16,14,16,17,16,10,19,16,17,20,13,13,14,20,11,13,15,15
17,12,11,11,11,18,14,15,13,10,11,19,12,14,19,17,20,18,16,14,19,10,17,13,15,19,15,15,13,11,10,18,20,11,20,16,15,13,14,13,20,17,16,11,16,15,17,10,10,14
15,11,12,19,20,13,14,14,15,12,19,20,13,17,19,13,11,15,17,16,20,20,17,16,15,11,18,16,20,13,14,18,15,15,15,19,16,16,10,18,14,19,10,20,16,16,14,14,14,14
16,14,11,14,18,17,19,19,10,14,10,13,17,20,13,15,10,18,10,12,12,12,19,19,16,10,10,18,16,19,11,16,18,15,16,10,15,20,17,14,13,10,10,14,18,14,16,15,12,19
16,14,13,15,11,17,14,17,15,17,20,16,20,20,12,20,16,16,19,18,10,20,16,19,17,13,19,15,20,11,11,10,11,19,10,13,17,12,14,10,12,14,17,17,18,10,14,18,17,19
11,16,17,18,13,12,16,11,16,11,15,10,15,10,13,15,14,15,20,12,12,13,20,12,19,13,20,11,12,19,15,11,12,15,18,19,11,17,10,19,17,11,18,19,15,18,10,17,15,19
20,15,13,13,12,15,12,11,20,10,20,11,16,11,19,11,10,12,10,16,20,14,19,19,14,17,19,10,15,15,20,14,18,19,16,13,15,11,12,15,12,12,19,10,20,12,11,14,20,12
10,16,10,16,15,12,11,14,15,11,11,14,18,12,17,10,19,17,14,18,11,15,19,11,20,14,14,12,16,13,17,13,20,17,13,10,11,13,12,13,11,19,17,12,18,15,10,14,20,11
15,13,13,12,14,17,19,12,18,18,17,19,19,15,13,15,12,17,20,10,10,17,12,18,14,17,11,19,19,19,15,17,15,18,17,17,13,13,13,11,17,15,20,17,17,13,20,20,16,13
13,14,12,19,16,17,16,17,10,20,18,19,17,12,20,16,12,19,11,16,12,10,18,18,10,15,20,19,12,11,19,14,17,15,10,14,16,10,14,13,18,16,17,20,15,16,17,15,11,14
18,14,11,15,18,11,13,10,13,12,17,15,14,14,12,18,16,11,13,17,10,19,13,13,14,16,12,19,12,11,19,14,18,15,18,18,17,20,13,17,14,20,16,15,10,18,14,15,12,13
17,14,15,20,10,19,12,12,11,13,17,17,15,17,11,20,17,14,12,11,20,19,12,15,15,20,13,11,19,20,11,11,15,17,13,17,18,10,14,19,20,18,13,15,15,15,15,20,18,13
12,17,17,13,18,12,13,19,12,13,20,20,15,16,12,15,18,20,17,18,14,17,13,18,12,20,10,13,19,12,16,20,15,18,18,19,17,12,11,17,12,10,20,17,17,14,17,15,12,11
12,17,14,11,19,14,15,17,11,20,19,11,15,13,12,12,10,15,10,10,16,11,12,15,15,15,15,12,20,10,13,13,14,12,14,14,14,20,18,13,19,12,16,19,12,11,14,14,14,14
18,11,14,14,14,15,20,12,18,13,15,17,12,13,20,12,17,19,18,20,11,12,17,15,16,15,17,11,10,17,15,20,14,17,10,16,17,16,16,11,10,18,17,15,16,15,20,19,13,18
14,14,20,19,16,20,15,14,19,14,14,17,10,20,11,20,13,17,12,11,16,11,15,18,20,16,14,11,18,15,11,18,15,19,19,18,10,11,14,18,13,17,16,18,20,10,17,15,10,10
14,14,14,15,13,10,14,20,11,15,19,13,16,11,15,13,16,13,18,14,20,18,20,12,10,20,20,16,18,16,18,18,20,13,12,10,17,13,12,13,11,18,14,18,10,15,20,12,12,10
20,17,10,16,15,10,12,17,14,15,15,12,11,16,16,20,20,19,18,20,19,17,18,13,11,11,20,15,19,13,12,15,16,11,12,16,12,14,20,16,19,15,18,19,11,11,13,14,20,16
11,12,15,10,14,20,17,18,18,19,13,19,15,17,16,16,18,10,14,12,11,11,17,16,17,14,17,11,15,18,14,12,19,11,12,19,18,18,12,18,19,13,18,18,14,16,10,14,17,12
10,20,15,12,12,15,14,13,17,15,18,12,12,12,19,17,13,19,13,14,16,10,15,18,12,18,20,20,15,13,10,17,12,18,10,13,17,16,15,19,17,11,12,14,18,12,13,10,17,14
19,20,20,16,17,15,15,15,17,10,13,17,11,10,19,13,14,12,18,10,14,12,15,20,15,11,10,14,13,17,10,19,17,16,19,19,19,17,16,15,20,19,12,17,13,13,18,15,20,19
15,12,14,13,15,13,17,14,18,15,18,17,15,11,20,15,13,19,12,19,16,15,13,15,11,18,18,10,20,19,13,16,18,10,14,17,18,17,17,19,17,12,10,20,18,17,14,18,18,11
14,13,18,14,14,14,10,11,18,12,18,16,17,16,19,19,12,10,11,18,16,11,17,13,20,12,12,14,13,14,20,16,20,14,19,16,19,15,20,16,13,17,20,16,12,10,14,12,18,14
12,18,17,10,13,14,10,13,10,18,18,13,20,10,11,17,14,16,17,15,20,19,20,18,14,15,12,15,13,18,15,19,10,14,19,20,10,20,13,13,20,16,19,10,16,14,13,17,19,20
15,20,18,11,17,12,15,16,17,10,15,15,19,11,15,14,13,11,17,13,17,14,12,19,17,15,19,18,19,18,17,15,16,14,17,14,13,15,10,10,18,16,15,18,11,19,15,19,17,10
19,20,14,19,15,11,12,17,13,16,13,12,15,16,18,11,11,20,14,17,18,15,15,12,19,10,16,17,18,16,17,10,13,16,11,10,18,11,16,20,19,10,10,13,11,12,15,11,17,20
20,20,15,13,18,15,17,14,17,13,17,20,15,15,13,11,13,18,13,20,13,20,19,19,14,18,17,13,10,17,12,15,19,15,15,12,12,11,18,14,18,13,19,11,15,13,15,17,18,17
12,15,18,10,20,16,10,17,19,13,14,10,12,12,20,15,11,17,19,10,17,16,10,11,10,17,14,11,13,11,13,19,17,17,16,12,10,15,17,14,20,13,13,17,17,17,12,17,11,20
15,12,10,19,11,19,15,18,18,20,16,18,19,20,10,15,11,16,16,17,13,14,11,19,15,12,16,18,15,14,11,18,16,10,10,12,13,17,13,13,15,15,15,20,18,17,20,10,20,19
13,14,10,12,10,20,12,12,17,18,11,19,10,16,17,16,13,16,19,17,17,12,18,19,12,19,15,19,14,14,10,18,18,13,17,10,14,17,17,13,13,15,16,16,12,15,14,11,20,10
10,19,17,16,12,16,10,20,16,20,17,11,10,19,11,13,18,14,19,18,15,13,20,10,12,19,15,11,14,17,15,11,17,17,17,12,18,11,14,12,12,16,17,13,19,15,20,14,10,18
13,12,16,13,16,14,10,16,19,19,18,16,12,10,20,13,14,11,18,11,12,10,11,11,20,15,16,18,10,19,17,20,20,20,10,12,17,19,19,18,12,15,20,11,10,14,19,17,20,13
20,20,13,12,16,15,14,15,19,19,10,16,15,13,16,10,20,18,14,19,11,18,10,16,13,16,20,13,10,10,16,17,13,15,17,13,10,13,11,12,12,12,12,16,13,16,18,10,17,15
12,20,10,13,17,17,17,15,19,16,16,15,17,19,14,16,16,17,18,18,11,13,14,17,13,18,16,11,17,13,17,20,10,20,12,11,17,18,16,11,13,14,19,18,14,20,17,19,12,19
18,11,19,15,12,14,11,20,13,18,14,10,15,20,15,15,14,18,14,16,14,19,12,14,11,20,17,18,10,17,11,10,16,15,17,17,13,19,11,10,13,12,13,15,19,15,17,17,18,12
11,20,15,15,17,17,11,11,19,18,17,10,11,19,13,14,12,10,15,18,15,20,19,11,13,14,11,14,20,20,17,10,17,18,18,14,20,10,19,17,12,16,15,14,11,18,19,12,13,12
14,19,11,18,10,20,11,13,16,15,10,12,12,15,13,20,17,14,11,20,20,12,10,11,14,11,17,14,18,20,14,20,11,11,15,19,16,20,12,13,19,15,15,17,13,12,12,16,11,10
10,13,16,20,19,13,13,13,20,13,16,16,14,15,20,12,19,19,19,10,11,13,20,11,18,19,17,20,18,11,14,14,20,11,11,10,17,10,11,13,13,19,10,16,14,15,11,19,18,10
12,16,19,12,16,13,20,20,11,10,15,16,14,19,14,18,10,11,20,19,14,18,10,14,17,16,19,18,14,19,13,11,14,20,17,17,13,12,11,11,14,14,13,11,20,11,14,12,14,10
10,12,18,19,16,16,11,12,14,12,12,18,14,16,17,15,11,11,10,18,14,11,13,13,13,20,16,14,12,16,11,19,12,17,13,10,14,16,13,15,17,17,13,11,19,13,10,10,19,10
20,11,10,15,18,19,16,13,10,16,14,11,16,18,18,14,20,12,20,11,12,11,15,13,17,10,10,19,10,17,14,12,10,20,11,17,16,13,14,12,19,10,15,15,17,12,15,18,18,12
15,13,18,17,10,10,11,13,12,14,15,13,19,19,10,18,12,15,10,20,11,10,14,19,20,15,14,14,10,15,13,18,17,12,20,17,11,18,18,11,20,19,19,19,17,17,16,14,10,17
17,12,18,13,19,12,17,19,13,18,13,15,17,17,18,12,10,18,17,17,13,20,11,13,18,11,11,20,10,11,17,16,12,12,20,18,11,15,19,14,15,15,10,13,19,11,20,11,16,15
13,15,12,11,15,11,20,12,14,17,15,18,18,15,14,16,20,10,19,14,12,12,20,11,14,10,14,16,16,12,17,19,17,11,15,13,13,10,10,19,18,11,10,15,20,19,18,12,17,14
15,17,13,19,17,16,15,14,10,10,10,19,11,20,18,19,12,19,18,14,13,14,16,18,12,10,11,19,14,19,11,15,19,14,10,12,11,15,15,16,11,11,15,10,17,20,10,11,15,19
17,10,19,16,10,18,19,13,15,15,19,14,18,12,19,18,15,18,13,11,19,18,16,14,15,10,16,15,18,16,19,15,13,13,12,10,20,18,10,20,18,13,13,20,18,11,11,17,10,12
14,10,17,11,10,15,16,20,20,17,16,15,15,16,15,11,19,10,14,18,18,13,11,14,15,16,16,20,12,11,11,13,14,11,11,19,17,12,10,12,11,17,10,10,20,18,10,12,19,12
10,11,17,11,11,17,13,20,19,10,11,19,17,13,19,17,19,14,15,18,14,13,14,11,13,14,14,10,20,15,11,18,18,12,16,18,11,15,16,13,15,11,19,19,19,15,12,19,18,16

The sequence dependent setup time of each job processed on machine 5.
(Where rows denote jobs: 1 to 50 and columns denote jobs: 0 to 50.For example:The value of Sijk is in row j,column i+1.)
14,14,14,14,16,14,12,18,17,18,10,16,11,20,18,16,19,19,20,13,14,17,16,10,20,10,17,17,16,10,20,15,11,13,10,18,19,12,13,16,19,13,10,10,18,14,17,10,10,13
12,15,14,19,18,13,11,16,10,14,12,12,10,20,13,18,13,12,17,16,17,15,18,11,18,17,20,10,14,15,18,17,17,17,11,15,11,13,19,10,12,14,19,17,17,19,14,17,16,12
10,15,14,13,12,13,16,12,14,17,12,20,11,19,18,13,18,10,20,19,17,19,17,12,18,15,12,17,14,19,20,10,16,14,19,11,14,17,12,12,18,15,10,17,16,15,10,16,10,19
18,19,12,11,16,10,20,18,16,12,16,19,14,19,19,17,11,17,10,13,14,18,19,19,19,17,12,18,19,10,17,16,17,13,12,14,15,10,17,11,13,14,19,20,16,19,12,15,14,20
14,14,19,12,16,13,20,15,18,18,10,11,13,10,18,18,11,14,19,12,19,18,13,16,14,15,12,15,20,13,13,13,12,20,16,20,13,16,16,19,18,12,15,12,17,13,12,18,10,11
14,11,10,16,17,20,14,16,11,15,13,19,15,13,15,13,17,10,17,17,11,14,20,13,19,11,16,12,12,11,11,11,14,17,12,17,19,12,13,19,11,13,16,19,15,20,19,14,11,17
12,15,10,20,17,16,18,13,16,16,20,18,18,20,20,18,15,15,20,20,19,14,16,13,17,18,12,13,10,13,12,11,16,17,15,20,10,20,12,12,14,18,16,16,10,17,17,18,15,11
20,12,18,13,20,12,13,19,15,11,13,18,11,11,10,14,16,19,12,14,11,20,12,13,13,16,16,10,10,19,12,16,16,10,18,12,17,11,14,13,10,11,15,12,14,13,17,11,12,10
13,14,20,11,16,17,17,11,19,20,18,20,19,10,17,10,13,13,10,17,18,14,16,18,13,11,13,17,17,11,11,12,12,19,16,18,20,11,14,15,15,19,18,15,10,12,12,19,17,20
18,12,18,11,18,15,16,16,18,18,10,20,13,10,13,18,19,14,19,15,17,18,14,18,20,13,11,11,17,10,18,11,12,16,16,12,13,16,12,19,11,15,16,16,13,20,10,10,18,13
16,10,15,11,18,12,13,19,11,20,20,20,18,13,20,11,19,18,13,20,13,20,19,20,15,10,11,11,13,19,15,17,20,10,12,18,14,15,18,16,17,20,20,15,13,16,10,17,19,16
17,12,10,15,15,20,12,15,18,15,20,14,12,12,14,20,20,10,15,16,15,12,18,10,14,14,16,20,12,16,19,16,10,15,17,11,19,15,16,12,15,12,11,14,19,11,15,19,13,16
15,18,19,18,14,10,20,10,19,13,11,10,12,15,19,12,15,20,11,10,10,11,15,19,15,15,14,19,10,16,16,12,15,13,17,19,19,13,19,10,19,16,12,17,10,17,14,10,11,14
18,15,16,13,16,12,18,20,18,15,19,15,18,20,19,10,15,18,15,12,11,14,11,16,17,12,17,17,14,12,13,10,15,11,15,17,11,16,14,17,20,17,14,16,16,16,15,10,13,20
14,18,20,10,11,19,10,16,17,19,16,13,16,13,16,15,16,10,18,10,15,19,17,18,15,13,17,18,16,20,15,20,19,20,15,17,14,19,18,12,11,17,18,14,17,12,15,13,10,20
18,19,15,13,11,13,10,18,10,20,15,17,14,14,15,11,10,14,20,12,13,15,13,14,16,10,19,17,10,10,10,13,13,11,20,13,11,10,16,17,13,15,15,11,16,14,20,16,19,10
14,20,10,14,17,15,17,17,11,15,18,11,17,13,13,16,13,13,14,20,14,12,13,19,19,15,17,15,17,12,12,19,20,11,16,16,10,20,14,19,13,19,16,20,13,12,10,14,17,17
17,18,10,20,12,11,14,10,13,16,17,12,15,12,12,14,18,13,17,10,17,11,18,18,16,15,16,14,20,16,18,13,14,11,10,13,10,10,15,12,16,17,13,19,17,11,20,11,11,13
15,17,14,16,19,15,11,19,13,13,11,18,13,18,12,10,15,20,20,18,15,11,18,16,16,11,10,16,17,20,11,19,10,13,20,16,19,18,13,17,11,18,17,12,14,14,12,17,20,14
19,16,12,20,13,10,13,13,17,12,19,14,19,12,15,13,13,16,16,13,19,17,17,16,16,12,17,13,13,18,11,11,18,15,12,12,14,13,10,14,14,17,16,18,20,20,17,10,15,16
20,16,13,10,14,14,17,12,17,17,18,13,11,18,18,16,18,13,16,20,19,11,19,12,18,15,19,16,20,17,10,20,14,19,17,14,14,13,13,16,11,10,14,14,11,10,14,18,18,15
15,20,18,19,20,11,18,15,13,16,20,14,10,14,13,14,20,15,12,10,20,13,18,14,20,11,12,11,19,16,15,20,17,11,11,19,19,20,16,17,17,16,16,17,13,10,18,13,14,19
14,20,20,10,12,12,18,15,12,19,14,20,10,16,18,13,14,13,20,18,16,14,17,19,17,11,12,13,10,20,10,13,18,16,15,11,14,20,11,16,14,15,19,19,10,20,16,13,15,18
14,18,12,13,13,14,11,10,10,20,10,13,10,12,18,14,19,11,11,19,13,12,13,15,10,20,19,13,18,14,17,12,16,10,17,14,13,19,16,14,13,11,18,19,19,14,11,14,14,17
15,16,16,18,20,15,15,13,18,18,15,16,10,20,12,19,10,16,14,18,10,18,20,20,13,13,15,13,18,16,13,12,16,13,19,10,15,19,20,14,11,17,19,15,19,20,20,16,15,13
11,20,12,14,18,12,16,16,17,15,18,14,11,15,16,13,17,17,14,17,11,12,19,16,13,16,16,15,15,13,12,20,18,12,19,18,16,17,20,18,10,14,18,14,17,17,18,19,13,17
17,18,13,11,10,19,18,10,13,11,11,12,12,13,20,14,19,14,19,19,12,12,13,12,12,14,11,14,20,18,18,17,14,14,19,17,19,11,17,11,11,19,10,10,17,12,15,12,16,14
17,19,14,17,19,11,12,18,18,17,16,19,20,18,13,14,18,15,15,11,11,13,11,17,19,10,10,17,20,15,19,19,19,10,14,17,18,19,19,18,11,18,13,15,19,17,16,16,16,11
18,10,11,13,13,15,11,17,11,11,12,19,18,20,18,20,10,19,11,17,20,17,11,15,14,12,16,12,13,20,14,20,11,20,20,20,17,14,11,18,11,20,15,16,13,13,18,15,15,12
17,19,17,18,12,10,16,11,12,11,19,10,17,12,18,18,19,15,17,17,14,16,14,11,14,10,16,14,13,14,18,13,11,13,10,19,19,11,20,17,13,12,11,17,10,18,13,11,10,13
13,18,12,12,18,10,13,14,14,20,10,11,16,19,15,11,19,17,17,16,19,16,10,11,17,10,14,11,15,16,16,14,12,19,20,15,11,20,17,19,16,12,11,10,13,14,18,12,13,10
17,15,13,15,19,15,18,14,17,17,19,13,20,17,20,10,16,19,17,17,12,14,20,13,11,14,14,20,17,18,12,18,20,16,17,16,15,12,18,12,15,11,18,18,17,19,14,19,20,12
20,12,11,15,19,16,12,20,11,14,16,16,11,10,20,11,18,13,13,15,15,14,10,12,11,18,17,16,19,12,12,18,13,10,16,18,18,19,13,18,20,19,12,20,19,12,15,14,14,13
10,20,12,10,15,11,17,12,15,10,19,12,13,15,12,14,10,16,12,15,14,10,17,17,19,10,11,10,14,17,11,15,10,19,16,14,19,15,14,12,18,11,15,17,19,16,16,10,15,14
14,18,13,19,15,19,14,19,14,11,17,12,13,14,20,14,16,18,13,19,11,18,20,12,16,18,14,12,20,20,17,20,12,14,18,15,20,12,13,13,12,12,14,18,13,12,14,16,11,13
12,10,14,14,17,16,16,12,18,17,12,15,11,18,17,11,19,12,15,11,12,12,17,13,18,16,16,19,13,10,12,10,19,15,11,19,16,17,10,16,11,16,12,16,17,11,20,19,11,10
16,12,17,17,17,14,15,14,19,11,12,17,19,14,10,11,15,20,11,15,15,15,15,16,20,18,12,20,20,17,15,17,13,11,12,15,19,18,12,15,10,20,20,11,13,19,16,13,10,16
16,14,20,15,13,19,12,10,17,12,16,20,16,15,14,15,15,10,10,18,20,18,13,12,13,11,14,18,18,17,17,10,20,20,16,14,11,16,20,14,19,16,13,15,13,15,19,11,17,11
17,11,10,15,15,11,12,10,18,11,15,16,12,12,15,19,20,11,14,16,12,10,10,10,20,11,15,12,20,12,13,11,10,18,19,20,14,17,11,18,17,10,13,14,20,13,19,10,14,14
11,10,19,13,18,11,14,16,12,15,17,11,17,15,15,19,15,12,15,11,10,15,13,13,16,18,12,18,20,17,17,14,16,11,16,15,15,11,10,18,19,16,18,20,15,15,13,11,20,13
16,13,20,14,12,14,10,17,17,12,15,11,20,19,10,16,17,20,18,19,11,20,14,18,19,12,19,12,14,11,10,15,10,18,11,18,13,15,17,12,20,16,10,11,10,17,14,16,19,12
12,17,10,13,15,11,13,13,20,16,13,17,16,14,17,15,14,14,16,10,13,18,17,20,19,12,13,18,15,16,14,12,18,16,13,18,11,16,19,12,10,17,18,11,18,12,20,14,19,15
12,14,10,19,12,15,16,15,18,16,13,16,19,13,12,13,16,20,19,13,16,15,17,15,19,15,19,19,20,14,12,20,15,15,17,15,13,12,10,20,17,13,18,13,14,19,18,20,18,17
19,12,18,20,12,17,11,11,14,17,14,10,16,16,19,10,10,19,10,10,19,14,17,18,13,19,19,18,13,19,14,15,13,16,16,16,16,16,11,20,14,13,17,19,16,16,12,19,16,12
16,16,10,10,16,19,18,20,15,14,14,17,15,18,17,19,12,10,19,17,10,15,12,20,14,17,16,17,15,15,12,20,19,13,20,20,17,18,10,10,18,12,17,11,11,14,19,13,14,16
11,17,16,16,19,16,11,12,19,19,17,19,18,15,18,18,15,14,11,20,10,12,10,15,14,19,19,17,15,10,11,19,12,18,15,20,20,19,17,14,17,15,18,20,10,13,13,19,12,13
11,13,16,20,20,19,16,16,11,13,20,11,16,15,15,15,16,18,18,16,19,13,16,17,13,16,12,20,15,15,16,20,19,17,11,16,11,20,20,17,15,16,16,10,15,17,18,18,16,15
11,12,12,11,10,15,13,18,12,10,19,17,12,18,16,10,18,17,11,20,10,16,15,12,20,18,18,17,10,13,10,13,12,16,19,18,13,19,14,11,14,16,16,17,15,13,16,14,11,16
12,17,11,15,16,20,17,14,17,17,11,12,11,19,16,10,13,18,12,10,11,17,12,13,16,15,15,18,11,12,19,17,11,17,14,13,20,19,14,15,11,16,20,13,18,17,15,12,17,15
19,15,14,16,20,15,19,18,12,17,16,15,15,16,18,14,12,18,18,19,13,14,14,19,10,17,10,19,12,16,19,12,12,14,14,17,17,13,10,16,11,12,12,14,17,15,10,10,13,19
13,20,16,14,16,17,12,15,15,11,16,11,19,20,11,12,10,16,10,11,16,14,18,20,15,18,15,14,16,16,19,20,17,17,10,19,19,17,13,16,11,20,11,17,19,16,20,15,19,13

The sequence dependent setup time of each job processed on machine 6.
(Where rows denote jobs: 1 to 50 and columns denote jobs: 0 to 50.For example:The value of Sijk is in row j,column i+1.)
18,14,13,15,12,19,16,11,17,16,10,15,16,18,18,13,10,18,19,18,20,11,16,17,12,13,16,18,20,13,16,16,11,10,10,14,20,16,18,20,11,11,10,18,19,16,18,15,14,11
17,14,16,12,18,17,16,11,17,13,19,19,15,14,14,14,15,20,12,10,19,14,13,15,13,15,12,14,13,11,13,16,19,19,17,18,20,13,11,20,16,20,11,10,16,17,11,13,15,19
19,19,18,18,18,18,18,13,13,13,17,10,11,18,19,15,11,11,20,11,12,10,10,19,18,13,14,20,14,17,12,16,16,10,14,15,20,12,20,14,19,11,17,11,19,12,16,16,10,12
17,18,17,19,12,18,11,15,19,17,12,12,20,19,16,14,10,13,18,11,12,11,16,12,14,11,13,10,20,15,11,13,19,13,19,14,10,16,13,19,12,20,14,14,15,12,20,17,14,17
15,14,11,12,10,20,20,14,10,10,18,13,11,13,20,13,17,13,20,11,15,18,13,20,10,18,14,17,11,11,18,11,15,11,15,17,20,12,14,17,10,19,10,11,13,16,18,12,16,14
14,16,13,13,18,11,13,12,12,16,10,11,17,11,14,12,15,16,11,11,14,10,14,11,17,17,19,10,19,16,15,19,20,20,20,13,16,17,18,17,13,10,15,17,16,16,19,18,14,14
11,13,10,13,19,15,18,15,11,17,11,11,20,18,12,12,17,10,11,20,11,16,17,15,18,13,18,18,20,10,20,20,18,11,11,12,20,12,13,16,18,20,18,15,15,16,17,18,19,10
11,15,15,20,18,12,11,11,19,11,11,19,14,17,15,15,19,20,12,10,17,14,13,11,13,14,12,11,16,14,14,18,20,13,15,12,17,15,10,20,19,17,16,17,19,18,17,17,20,19
10,20,18,15,12,13,11,14,20,18,17,16,12,19,13,13,11,13,13,13,16,18,15,20,13,11,13,13,19,14,20,19,10,11,17,11,20,15,20,15,14,10,20,13,10,10,12,11,18,20
16,10,19,18,11,13,18,14,10,20,15,18,18,17,14,16,19,14,11,17,19,13,11,10,12,20,20,20,12,13,13,12,12,17,16,11,16,10,10,11,16,15,13,14,11,10,13,19,13,14
11,19,14,18,11,20,14,10,17,17,16,16,13,18,18,17,16,14,17,18,15,18,11,14,10,11,15,19,11,16,19,16,12,14,20,14,17,14,19,17,16,13,12,13,18,14,16,15,13,17
13,18,15,11,18,20,11,11,19,18,17,11,20,17,10,10,12,20,17,13,11,13,12,12,18,10,15,13,16,19,18,11,12,13,13,16,12,20,10,13,18,16,11,20,18,18,20,15,13,20
15,20,13,18,15,15,19,20,14,20,20,18,14,19,10,15,10,11,14,20,13,15,12,10,19,18,18,20,11,12,10,12,16,11,10,12,12,18,13,18,19,20,18,16,15,12,20,20,19,13
10,11,10,19,10,11,17,11,13,17,19,11,11,19,16,11,12,10,17,20,17,15,14,13,13,16,11,11,16,15,12,20,12,20,19,11,13,20,13,10,10,20,18,16,11,15,17,16,17,13
18,17,20,10,18,17,19,15,15,11,20,11,11,14,19,14,19,16,18,14,16,12,19,15,19,20,14,15,15,17,12,17,11,16,18,18,20,12,20,13,19,15,13,13,10,13,11,19,18,18
14,13,15,19,13,13,20,12,10,11,15,19,16,12,18,18,19,16,15,19,12,16,12,18,20,19,20,13,13,18,19,18,12,17,14,19,13,17,12,14,17,16,19,13,15,10,14,18,16,10
10,16,12,19,15,15,12,20,19,17,15,14,14,17,17,18,13,19,13,19,10,20,15,15,19,19,19,19,17,14,17,18,16,14,12,15,18,13,13,16,12,10,12,10,14,18,11,10,17,12
11,19,12,16,16,12,16,12,16,17,11,15,16,20,19,11,10,10,13,17,15,15,11,16,15,16,18,10,17,18,19,17,19,10,15,11,12,20,14,13,16,16,17,14,13,12,14,14,19,13
13,14,13,18,16,12,20,13,18,11,20,16,20,17,14,10,17,18,15,20,20,19,17,17,18,18,17,14,16,12,13,11,15,15,18,18,13,16,10,11,18,17,10,13,12,19,19,18,18,12
18,12,20,13,19,13,11,12,16,10,19,10,10,12,19,10,15,13,17,19,12,20,10,12,14,15,18,15,10,14,14,19,10,18,13,19,11,13,13,17,15,12,17,20,15,18,17,16,12,19
10,19,14,17,13,14,13,17,16,15,19,20,16,12,20,18,11,18,16,17,11,13,20,16,12,17,11,12,20,10,15,16,14,10,20,11,15,16,18,18,13,14,19,18,12,12,15,18,18,17
13,16,14,11,17,15,15,20,15,14,13,18,16,12,14,15,15,14,20,13,16,15,14,20,14,20,20,15,20,20,16,12,15,11,19,16,16,13,15,10,11,20,18,18,14,16,17,20,15,17
18,13,11,10,20,19,16,14,14,14,14,11,10,10,18,20,16,11,19,16,15,13,13,16,19,10,19,18,13,12,12,20,15,19,10,14,15,16,18,16,20,12,18,15,13,12,16,13,19,20
15,20,13,11,10,20,17,12,18,14,11,10,13,10,11,12,17,13,11,14,15,16,16,14,14,19,16,13,17,19,20,14,10,18,19,17,15,18,17,13,10,15,19,19,19,10,17,12,11,18
14,19,19,10,12,10,14,17,11,19,18,10,12,20,10,15,18,13,16,19,15,12,15,20,17,11,19,13,10,20,19,12,15,19,11,15,12,20,10,19,13,18,18,12,20,14,13,17,16,20
11,12,15,13,20,11,16,12,10,10,14,15,14,10,15,19,18,16,17,13,16,10,11,16,14,20,14,12,11,13,16,15,10,11,13,13,18,12,10,14,10,10,15,13,14,12,10,14,16,17
19,17,11,19,20,14,14,14,19,13,13,16,15,18,13,16,20,17,11,20,18,14,19,16,18,18,17,12,15,11,18,19,11,18,20,16,17,16,10,18,11,16,12,19,20,13,10,13,15,11
12,10,11,16,12,20,16,19,13,13,15,16,18,19,17,20,18,15,17,18,13,18,10,15,11,19,16,14,16,12,16,20,18,18,14,11,12,17,13,10,12,20,16,14,11,15,20,14,17,10
16,16,11,12,17,11,15,11,19,15,20,19,10,13,20,14,12,16,19,19,12,11,16,18,15,19,16,10,14,14,19,12,12,20,13,17,20,18,17,10,20,20,17,19,14,10,13,10,11,20
10,20,14,20,20,14,19,13,14,11,13,19,20,13,11,13,11,12,11,15,17,16,10,19,14,19,15,19,18,10,17,13,13,19,20,18,10,11,15,11,13,18,13,15,14,16,12,18,11,13
16,19,17,16,13,20,13,13,10,13,17,10,17,20,16,17,18,16,19,13,12,18,14,16,14,14,16,11,12,10,16,12,19,18,12,18,20,14,10,11,20,10,19,11,18,12,18,13,18,16
15,18,12,15,12,16,18,12,18,15,17,18,13,13,17,12,11,17,20,16,14,14,14,14,16,17,11,16,20,13,18,12,18,13,19,15,16,14,10,19,11,20,14,11,16,20,14,16,13,20
13,17,15,12,12,13,14,14,10,16,10,14,11,17,17,13,10,12,13,14,20,15,19,18,19,18,20,15,17,12,18,19,13,19,16,15,20,14,18,18,20,18,20,10,14,14,12,19,19,12
11,20,10,11,10,14,14,12,18,12,15,16,11,11,11,17,10,15,14,15,19,19,16,20,11,13,18,13,20,10,16,19,20,20,11,18,11,19,10,16,18,18,12,10,18,19,17,17,14,16
10,16,18,18,16,20,14,20,12,15,13,19,14,18,11,15,10,20,15,10,17,20,14,17,16,11,11,17,16,12,17,15,16,15,14,19,19,16,17,14,19,17,12,12,16,16,12,20,13,11
17,10,14,17,18,18,12,20,18,11,16,10,10,10,13,15,17,18,11,16,11,20,13,15,10,15,19,16,11,10,17,15,10,13,20,10,20,15,16,13,17,11,11,10,15,18,18,13,11,13
12,14,18,20,20,17,16,15,13,18,20,15,11,16,16,12,13,15,12,11,19,19,10,18,15,19,13,11,19,18,17,20,17,19,15,11,15,12,18,10,14,20,20,17,10,18,20,13,11,11
13,17,17,16,12,19,20,18,20,17,19,16,18,11,15,17,16,19,14,17,18,10,18,15,10,18,10,16,18,17,13,20,12,20,12,11,11,18,16,20,11,13,13,17,13,14,10,11,19,12
13,14,10,12,13,18,19,17,13,20,16,13,11,19,11,11,20,10,20,20,20,18,19,10,19,14,14,17,20,20,11,12,20,20,15,12,12,11,15,11,20,18,10,11,12,10,14,20,15,15
12,10,16,19,14,14,10,15,15,11,13,13,14,18,12,20,13,16,13,16,17,15,12,19,19,20,19,10,15,20,11,16,12,16,15,15,19,12,11,14,18,13,16,18,19,19,18,20,20,12
17,15,20,12,14,13,20,15,19,15,19,10,16,14,14,11,18,19,13,13,12,12,14,10,12,14,16,17,20,20,17,18,16,11,10,17,11,17,14,13,13,10,12,11,16,15,13,12,20,17
10,12,18,15,18,20,20,17,20,17,14,13,14,14,15,12,18,18,18,19,11,19,20,11,14,12,13,10,15,15,11,12,16,17,18,14,12,16,13,15,15,18,13,20,19,17,16,13,20,10
12,12,17,13,20,14,18,11,10,13,17,13,19,20,18,16,11,20,18,18,13,17,12,13,20,13,13,18,13,14,15,20,17,10,14,16,12,20,10,10,16,13,15,14,19,18,16,11,13,14
11,16,20,17,13,15,12,11,17,10,14,11,17,18,10,13,10,15,11,10,12,17,12,11,16,17,14,18,15,13,18,12,18,19,17,13,16,16,19,15,17,15,14,14,11,15,16,17,10,10
15,14,10,20,20,12,20,10,18,20,15,14,13,12,10,20,13,16,20,14,15,14,13,18,17,14,10,10,18,11,11,10,14,14,12,10,17,17,13,12,18,18,10,19,19,18,12,13,12,18
17,20,10,16,14,16,13,19,11,11,12,10,19,12,20,15,11,20,12,14,17,14,12,14,14,19,17,14,12,10,20,12,15,19,14,18,14,14,18,14,12,18,17,12,14,11,14,15,10,13
10,11,10,10,20,13,18,10,11,20,12,19,12,14,11,18,16,16,12,17,17,18,14,10,11,16,19,16,13,12,11,19,13,13,17,14,14,19,11,11,19,15,19,10,20,12,18,17,18,18
10,12,16,12,15,18,12,13,15,16,20,15,13,10,11,11,20,11,13,15,17,14,15,18,20,10,16,11,10,18,16,11,12,18,11,10,18,17,12,16,18,18,19,11,12,14,18,20,19,11
18,12,13,10,19,13,10,19,10,11,14,15,13,11,13,12,13,20,12,10,20,15,15,20,18,10,18,15,10,20,11,18,13,13,14,13,18,12,13,19,19,17,15,14,13,19,18,20,19,15
13,11,18,19,13,11,15,10,12,19,12,15,19,12,12,15,14,20,18,13,10,10,16,17,14,11,16,17,17,16,18,18,13,17,19,15,20,15,19,11,15,14,18,20,17,14,18,12,18,11
19,14,18,13,18,16,13,20,13,15,15,10,10,16,17,10,15,16,10,13,11,20,17,12,15,19,16,14,10,13,17,10,17,16,10,17,11,19,15,17,15,20,15,15,16,14,18,11,11,13

The sequence dependent setup time of each job processed on machine 7.
(Where rows denote jobs: 1 to 50 and columns denote jobs: 0 to 50.For example:The value of Sijk is in row j,column i+1.)
16,14,13,16,16,15,11,14,10,15,19,12,15,19,19,11,12,19,20,11,16,16,20,17,15,18,16,17,14,18,13,13,13,17,10,14,10,19,18,12,11,17,19,20,12,17,19,10,12,17
20,20,17,16,16,19,20,12,13,15,12,12,20,17,10,12,19,19,12,17,15,16,11,19,13,20,18,15,10,20,19,18,10,10,12,15,10,13,17,17,20,18,12,19,16,15,20,19,14,15
15,14,14,10,11,12,13,11,14,10,12,13,15,13,20,20,20,14,17,20,12,20,20,13,16,13,16,19,17,13,13,16,17,18,15,12,17,16,14,19,10,11,16,19,10,10,13,13,16,16
13,18,12,13,10,15,15,17,19,11,11,13,12,11,19,19,12,14,13,15,18,12,16,10,10,13,15,12,12,11,11,17,17,19,16,19,20,16,10,18,20,17,12,11,19,14,10,13,16,18
18,17,20,20,16,10,16,10,16,15,19,12,13,18,15,15,18,20,13,13,14,19,17,20,18,17,18,14,12,15,19,10,12,13,19,11,19,17,15,15,20,19,20,12,18,16,17,18,12,20
10,17,16,14,16,18,10,15,14,10,11,16,20,19,12,16,16,19,13,11,20,19,19,19,20,14,11,16,16,10,15,17,12,19,14,10,16,18,10,18,18,13,12,20,18,19,19,16,13,15
11,13,15,17,13,14,14,16,13,13,19,19,18,14,14,15,11,11,15,14,15,13,13,17,10,17,11,19,17,13,12,13,17,13,16,14,14,10,12,18,12,17,20,19,14,19,19,12,14,19
12,11,19,18,11,20,19,12,19,16,11,13,18,12,10,16,15,11,17,18,18,19,18,18,20,15,14,17,18,11,20,17,17,20,18,16,12,11,10,10,12,19,16,12,17,19,12,13,10,14
13,19,14,13,17,12,10,10,19,11,11,12,18,15,19,11,15,17,13,10,18,14,19,20,17,16,13,13,11,17,20,17,15,20,10,10,15,11,20,10,12,10,12,20,18,12,14,17,20,18
19,19,13,19,19,10,14,17,17,16,10,17,10,10,14,10,17,17,17,20,15,16,13,11,12,10,11,16,10,16,19,15,19,17,20,16,15,14,18,10,14,18,10,19,13,19,17,15,14,14
14,13,20,19,18,11,12,15,12,11,20,12,19,16,15,16,17,10,14,19,16,15,19,20,17,20,11,16,12,17,14,16,10,10,13,15,11,19,20,15,20,19,12,18,19,12,17,20,15,11
20,10,18,20,11,11,17,11,14,13,10,13,14,13,12,17,18,17,20,15,18,16,13,14,12,14,15,15,13,16,10,15,10,10,12,18,18,19,16,16,15,20,14,13,16,18,12,17,17,18
20,11,16,19,15,16,20,20,18,14,12,10,16,12,12,17,18,16,13,15,16,11,14,19,14,14,13,18,17,20,18,10,13,12,17,18,20,20,11,20,14,12,18,20,16,17,10,12,15,12
15,15,17,13,17,17,10,12,13,15,17,18,10,11,19,17,15,16,18,16,11,11,10,11,11,17,14,17,13,19,13,17,14,19,20,15,13,14,12,12,16,20,17,19,16,11,10,12,13,13
18,14,20,19,10,16,14,14,17,13,19,16,13,11,14,16,10,15,20,12,17,12,15,10,17,16,15,17,10,13,13,13,11,20,19,13,13,15,18,11,20,11,11,12,11,19,19,11,15,20
14,12,16,16,13,18,10,12,18,19,17,17,18,13,10,18,14,20,13,11,20,12,12,10,16,12,18,17,12,15,19,15,18,13,20,12,17,10,18,15,12,16,20,20,20,11,11,11,15,14
14,18,10,14,11,20,16,14,14,19,11,15,10,10,17,11,18,19,17,18,18,12,17,11,10,11,19,15,17,18,19,13,17,10,16,14,11,20,18,18,20,17,15,19,12,17,19,15,12,10
10,18,20,19,15,14,11,18,16,18,19,20,10,14,10,20,13,20,19,19,16,12,10,18,15,14,13,14,20,10,17,13,14,11,19,16,20,13,11,13,10,18,18,16,16,19,17,12,16,10
20,11,15,10,14,19,16,13,16,17,20,15,18,20,16,20,17,17,14,16,16,10,18,10,20,13,10,13,11,19,20,15,19,14,13,14,12,19,20,17,19,10,12,11,19,14,13,17,19,10
20,13,17,12,12,20,20,17,19,12,14,13,16,17,12,11,19,19,14,13,17,18,18,16,13,11,13,16,14,11,17,17,20,10,13,18,19,15,14,19,15,18,17,19,11,10,19,12,16,16
10,17,12,15,20,17,15,19,14,19,15,20,14,11,10,16,18,12,14,20,11,17,20,18,15,15,18,15,14,18,20,17,15,17,12,12,13,16,14,15,14,14,20,18,13,20,10,10,19,11
19,10,18,15,11,14,15,10,19,13,16,19,15,13,17,20,16,13,12,12,15,16,20,11,14,13,13,18,18,13,15,14,17,20,18,16,15,15,11,17,15,20,19,14,20,15,13,19,20,14
14,16,12,15,20,20,20,10,16,18,12,12,12,12,11,15,16,20,18,16,16,13,11,15,12,10,17,20,13,18,13,12,19,10,20,17,14,20,18,13,20,17,17,18,19,20,15,15,11,15
11,16,11,19,15,10,16,19,17,11,15,11,19,12,16,15,10,15,14,15,17,18,19,14,16,13,20,17,11,19,20,20,18,11,20,12,17,15,14,11,15,19,15,14,18,18,19,15,13,11
14,10,16,18,16,15,14,20,16,15,17,19,10,18,19,13,13,17,12,12,20,13,18,16,12,10,17,20,15,16,11,14,20,10,15,18,17,18,16,13,18,10,11,16,14,13,15,18,18,18
16,16,20,18,19,19,20,19,13,12,16,18,20,13,16,12,10,12,11,20,18,19,15,17,19,13,15,13,14,11,11,12,14,17,15,14,11,16,19,12,17,18,14,17,10,16,17,19,19,12
13,20,10,18,15,15,13,13,12,20,19,19,10,19,16,20,13,16,11,15,18,20,13,20,14,11,11,13,10,11,12,11,20,13,12,10,14,15,11,12,15,15,18,17,18,20,16,16,13,15
11,14,10,10,15,11,18,19,14,12,15,20,19,20,16,10,12,15,17,15,20,17,10,15,18,20,14,20,12,20,14,17,19,12,13,12,14,14,14,13,18,16,18,14,17,20,12,14,16,10
18,11,13,17,11,17,14,14,17,17,14,13,17,11,11,10,10,13,14,13,11,19,15,12,18,17,10,16,12,18,13,13,17,18,11,19,11,12,14,19,20,11,10,10,12,15,18,17,18,10
16,12,18,12,16,12,13,12,19,13,10,11,13,10,18,10,15,19,13,10,20,12,19,12,15,18,20,13,16,14,20,11,19,20,13,20,17,19,16,19,15,12,20,13,16,13,11,17,15,11
15,18,14,15,14,12,18,18,19,10,19,19,19,20,16,14,15,18,15,11,19,11,18,20,14,13,17,17,14,18,13,10,18,20,13,18,15,11,20,17,20,20,16,18,19,12,17,13,18,20
14,19,13,15,12,18,17,17,14,16,10,12,13,12,12,20,16,14,17,11,18,19,16,14,17,17,20,19,20,12,14,20,12,18,20,18,16,13,20,12,12,10,13,13,13,11,14,18,11,18
12,13,16,12,18,20,10,17,13,13,16,12,12,20,14,15,10,12,18,17,11,15,12,12,15,11,10,16,18,12,18,19,15,20,18,14,11,10,19,12,17,20,17,13,15,11,17,12,13,13
19,20,10,15,19,17,11,15,16,20,17,15,16,10,19,13,12,20,10,19,15,15,20,11,12,16,17,15,10,13,12,10,15,10,20,10,20,11,13,14,16,15,10,10,12,10,16,13,19,10
16,19,15,13,18,13,11,13,18,15,16,11,14,17,16,12,19,17,17,19,15,13,10,10,13,20,15,14,20,12,18,12,17,16,14,18,14,13,13,20,16,11,15,18,12,19,14,20,16,19
18,12,20,13,18,16,19,17,18,14,13,12,17,12,10,20,12,17,20,20,10,20,18,14,14,20,15,11,11,10,16,11,15,14,13,10,14,13,16,19,12,10,13,18,18,10,20,10,15,19
12,14,18,15,11,14,14,14,12,12,13,17,18,15,16,16,18,13,17,20,19,12,13,14,16,16,10,10,19,16,20,11,10,20,18,14,18,12,19,16,14,10,19,10,12,14,16,12,20,13
20,10,11,16,18,12,14,19,20,15,15,11,16,19,20,20,11,14,13,19,12,17,14,15,18,19,15,13,20,15,15,13,12,12,19,11,14,14,10,15,14,19,15,16,16,10,11,12,13,16
10,15,14,16,14,19,20,10,20,16,20,10,16,13,15,19,15,17,13,10,15,17,15,14,11,17,13,20,12,19,19,10,10,19,13,11,18,18,14,17,19,11,19,15,10,20,18,11,12,19
19,19,12,17,14,11,16,14,11,14,17,19,13,15,16,15,20,15,13,16,16,14,12,15,20,11,19,14,14,12,18,10,18,10,10,15,17,10,15,17,10,20,20,12,15,12,19,19,12,15
15,18,18,16,15,12,13,13,20,10,10,15,17,20,18,18,17,19,18,16,16,19,15,10,12,16,11,19,13,14,11,16,11,13,11,12,15,10,15,13,13,15,14,12,17,17,14,10,13,16
16,16,18,10,18,11,10,16,10,16,18,17,17,16,12,20,15,15,20,20,18,20,12,17,18,14,16,19,17,13,16,18,20,16,19,13,15,15,20,19,17,11,11,12,11,15,19,14,20,19
19,15,12,18,15,20,10,20,15,12,14,18,16,13,10,14,17,16,17,20,15,14,16,15,17,20,18,20,16,18,12,10,16,13,17,11,19,18,17,15,16,16,12,12,12,19,15,15,14,15
18,11,11,11,19,11,20,11,14,12,12,13,16,12,19,12,13,16,20,15,12,18,20,20,15,19,13,12,15,16,12,19,18,11,13,10,15,10,19,11,14,18,16,20,12,12,13,20,16,10
11,18,13,17,19,14,15,15,17,19,13,13,19,14,11,14,15,20,12,18,15,14,12,19,20,14,17,20,18,19,13,18,16,12,15,11,14,12,17,18,14,12,19,15,16,20,11,15,16,12
19,16,17,19,17,15,10,15,14,13,10,15,13,17,18,12,19,17,10,18,15,18,15,18,20,12,11,16,20,13,17,17,16,16,13,19,20,14,11,13,17,10,16,14,16,15,11,14,16,17
17,20,10,20,20,12,12,15,12,18,11,18,14,13,15,15,16,17,16,13,13,16,16,10,14,10,19,11,18,10,11,13,15,12,13,19,20,20,11,10,18,19,10,18,15,19,18,20,14,16
20,16,11,16,11,17,12,17,20,17,14,18,19,13,14,16,16,13,13,10,13,20,18,11,10,15,12,18,10,12,12,16,11,15,13,10,12,18,15,17,17,16,10,20,18,15,14,18,19,12
14,16,13,20,12,16,12,12,12,17,18,14,16,20,15,11,19,19,11,10,15,12,19,16,10,17,17,13,15,16,18,17,14,15,12,12,16,19,17,16,17,11,14,16,18,13,12,14,12,10
12,15,19,20,10,17,10,11,12,20,15,15,11,15,17,14,17,15,20,14,16,12,20,14,20,17,12,15,15,20,11,17,20,17,16,16,20,15,13,11,17,11,10,13,18,14,13,10,20,11
13,17,15,16,19,12,10,20,16,14,18,11,15,17,10,12,10,15,18,16,12,10,12,18,13,12,11,12,10,10,16,11,14,14,10,11,19,17,19,11,16,14,20,20,11,20,10,13,11,14

