The number of factories:
2
The number of jobs:
20
The number of machines:
5
The number of vehicles:
2
The number of workers:
2

The factory where machine i is located:
1,1,1,2,2

The vehicle which belong to factory 1:
1
The vehicle which belong to factory 2:
2

The processing time of each order processed on different machines:
(where rows denote orders: 1 to 20 and columns denote machines: 1 to 
5)
23,29,39,40,20,36,33,33,20,34,28,33,34,33,35,36,34,39,35,25
27,37,29,34,20,38,29,36,38,26,34,29,34,31,38,40,28,30,30,21
28,23,35,21,21,31,30,20,30,23,21,27,33,39,24,23,22,36,32,29
25,25,36,27,33,25,30,24,30,38,37,26,23,25,37,34,38,40,21,31
37,27,30,26,29,26,26,34,38,25,27,35,34,20,35,36,21,40,33,35

The coefficient of each worker on each machine:
(where rows denote workers: 1 to 2 and columns denote machines: 1 to 
5)
1,0.5,0.5,0.5,0.75
1.5,1,1.25,1,0.5

The unit processing cost of machines:

10,6,7,8,8

The unit idle cost of machines:

4,3,1,4,1

The distance between each location:
(where rows and columns denote locations from factory 1 to customers)
0,95,104,83,99,137,82,32,105,105,30,86,72,49,134,84,58,80,32,134,72
95,0,38,133,58,79,38,65,55,129,119,162,157,47,110,168,147,61,75,155,100
104,38,0,161,24,116,23,73,93,162,133,184,174,58,149,186,146,96,95,190,81
83,133,161,0,165,122,142,99,102,34,65,45,57,106,90,62,121,78,69,56,154
99,58,24,165,0,137,25,70,111,172,128,183,170,59,165,183,132,109,97,200,60
137,79,116,122,137,0,116,118,32,98,147,164,170,105,48,178,194,57,105,112,171
82,38,23,142,25,116,0,50,88,147,110,162,152,37,142,164,124,85,75,176,64
32,65,73,99,70,118,50,0,85,112,60,113,102,18,126,114,83,66,30,141,61
105,55,93,102,111,32,88,85,0,87,117,142,144,73,56,153,163,28,74,108,140
105,129,162,34,172,98,147,112,87,0,94,78,92,114,60,96,151,68,82,29,172
30,119,133,65,128,147,110,60,117,94,0,58,43,76,135,55,57,90,46,120,98
86,162,184,45,183,164,162,113,142,78,58,0,22,126,135,19,101,115,89,92,156
72,157,174,57,170,170,152,102,144,92,43,22,0,116,146,12,79,116,81,110,139
49,47,58,106,59,105,37,18,73,114,76,126,116,0,119,128,101,59,38,143,67
134,110,149,90,165,48,142,126,56,60,135,135,146,119,0,152,189,60,103,67,186
84,168,186,62,183,178,164,114,153,96,55,19,12,128,152,0,87,126,93,111,150
58,147,146,121,132,194,124,83,163,151,57,101,79,101,189,87,0,138,89,176,80
80,61,96,78,109,57,85,66,28,68,90,115,116,59,60,126,138,0,49,94,126
32,75,95,69,97,105,75,30,74,82,46,89,81,38,103,93,89,49,0,111,90
134,155,190,56,200,112,176,141,108,29,120,92,110,143,67,111,176,94,111,0,201
72,100,81,154,60,171,64,61,140,172,98,156,139,67,186,150,80,126,90,201,0
The distance between each location:
(where rows and columns denote locations from factory 2 to customers)
0,151,186,53,197,109,172,138,105,26,117,91,108,140,64,110,174,91,108,4,198
151,0,38,133,58,79,38,65,55,129,119,162,157,47,110,168,147,61,75,155,100
186,38,0,161,24,116,23,73,93,162,133,184,174,58,149,186,146,96,95,190,81
53,133,161,0,165,122,142,99,102,34,65,45,57,106,90,62,121,78,69,56,154
197,58,24,165,0,137,25,70,111,172,128,183,170,59,165,183,132,109,97,200,60
109,79,116,122,137,0,116,118,32,98,147,164,170,105,48,178,194,57,105,112,171
172,38,23,142,25,116,0,50,88,147,110,162,152,37,142,164,124,85,75,176,64
138,65,73,99,70,118,50,0,85,112,60,113,102,18,126,114,83,66,30,141,61
105,55,93,102,111,32,88,85,0,87,117,142,144,73,56,153,163,28,74,108,140
26,129,162,34,172,98,147,112,87,0,94,78,92,114,60,96,151,68,82,29,172
117,119,133,65,128,147,110,60,117,94,0,58,43,76,135,55,57,90,46,120,98
91,162,184,45,183,164,162,113,142,78,58,0,22,126,135,19,101,115,89,92,156
108,157,174,57,170,170,152,102,144,92,43,22,0,116,146,12,79,116,81,110,139
140,47,58,106,59,105,37,18,73,114,76,126,116,0,119,128,101,59,38,143,67
64,110,149,90,165,48,142,126,56,60,135,135,146,119,0,152,189,60,103,67,186
110,168,186,62,183,178,164,114,153,96,55,19,12,128,152,0,87,126,93,111,150
174,147,146,121,132,194,124,83,163,151,57,101,79,101,189,87,0,138,89,176,80
91,61,96,78,109,57,85,66,28,68,90,115,116,59,60,126,138,0,49,94,126
108,75,95,69,97,105,75,30,74,82,46,89,81,38,103,93,89,49,0,111,90
4,155,190,56,200,112,176,141,108,29,120,92,110,143,67,111,176,94,111,0,201
198,100,81,154,60,171,64,61,140,172,98,156,139,67,186,150,80,126,90,201,0

The weight of orders:
18,19,20,13,11,12,16,16,15,13,15,18,19,19,14,13,11,16,12,11

The unit tardiness penalty of orders:

10,9,10,9,8,9,7,6,9,10,10,6,6,8,6,6,8,10,7,9

The due date of orders:
258,278,179,758,601,504,477,702,201,389,516,440,757,351,779,550,362,367,676,250

the loading and unloading time of each order:
5,5,5,3,3,3,4,4,4,3,4,5,5,5,4,3,3,4,3,3

The sequence dependent setup time of each job processed on machine 1.
(Where rows denote jobs: 1 to 20 and columns denote jobs: 0 to 20.For example:The value of Sijk is in row j,column i+1.)
14,13,20,13,18,14,10,13,11,14,12,13,11,16,18,20,12,16,19,11
11,10,11,13,16,16,14,18,17,20,12,17,20,11,10,14,15,19,15,10
19,15,19,12,20,12,18,20,13,17,13,13,18,19,16,15,14,10,15,11
17,16,14,18,17,18,11,10,17,13,11,16,10,20,14,15,18,17,19,18
11,18,15,14,15,18,19,12,16,19,15,14,10,16,10,10,10,10,14,11
17,10,16,17,10,17,15,18,11,14,11,12,16,16,20,11,10,18,16,18
14,16,11,15,19,19,15,18,13,15,18,11,16,12,10,16,10,10,19,17
18,11,18,15,17,18,13,14,12,12,12,11,12,10,18,18,18,14,12,16
13,13,19,20,13,17,11,10,13,11,11,19,13,10,18,11,18,15,12,16
20,12,13,12,20,16,17,18,14,13,11,19,18,12,15,10,10,18,10,17
10,13,12,15,20,13,17,12,13,20,15,11,15,12,20,18,16,11,14,12
11,19,11,17,11,20,16,18,14,15,16,16,19,13,13,17,10,16,12,18
15,18,20,18,12,20,17,18,19,12,11,17,17,17,17,15,17,13,15,16
16,10,10,10,18,18,11,19,19,16,19,18,10,13,14,15,10,15,12,19
12,12,13,19,18,18,14,12,12,10,18,13,16,14,15,15,16,15,20,18
19,13,19,16,19,20,16,17,10,11,14,15,10,16,10,20,13,13,10,17
18,10,13,10,15,11,17,19,14,13,15,12,11,11,18,10,10,18,19,15
20,13,16,16,15,20,11,18,13,13,10,18,11,11,10,17,10,17,15,18
18,20,17,10,16,11,10,13,11,17,20,11,12,12,18,14,11,16,11,13
19,18,10,15,19,12,12,14,14,20,17,13,12,10,17,12,18,13,19,10
14,18,14,18,11,10,18,19,14,13,12,16,16,11,15,16,12,16,17,18

The sequence dependent setup time of each job processed on machine 2.
(Where rows denote jobs: 1 to 20 and columns denote jobs: 0 to 20.For example:The value of Sijk is in row j,column i+1.)
12,16,16,12,17,10,17,20,10,18,12,10,15,13,16,19,18,11,13,18
18,13,14,20,10,14,12,17,10,18,11,20,15,17,13,20,10,10,16,10
11,20,19,12,20,10,12,19,16,18,11,14,15,15,16,14,18,15,17,16
10,15,13,12,20,14,17,17,20,19,18,11,17,20,18,17,17,16,19,15
13,10,13,12,20,18,13,12,18,18,12,10,17,11,10,14,18,15,14,20
12,18,15,20,19,10,13,12,13,20,18,20,15,16,18,14,15,16,11,20
13,15,20,19,12,10,19,13,12,14,14,12,13,17,19,20,14,11,14,20
19,17,17,16,18,20,13,17,18,18,11,12,14,19,14,11,20,16,10,10
19,14,16,10,13,12,15,12,10,12,19,18,20,16,18,14,12,12,16,12
15,19,11,19,18,11,11,20,10,15,10,14,19,13,19,15,17,13,16,17
18,16,10,15,17,10,13,17,20,14,12,13,16,11,15,11,16,11,18,16
18,12,19,19,17,16,13,12,12,14,13,16,20,14,13,18,12,15,11,16
19,19,15,14,14,13,18,15,12,19,19,16,11,16,17,11,18,14,19,16
15,18,12,18,18,20,12,10,17,15,18,19,13,10,10,18,13,13,18,20
19,13,14,17,14,12,19,17,18,13,18,16,19,11,12,15,19,19,15,14
20,13,13,11,13,14,19,18,10,15,12,11,17,12,14,17,15,13,13,16
13,17,20,11,14,16,16,12,10,14,17,12,16,11,17,20,20,17,19,10
15,15,15,18,13,18,13,14,17,11,10,15,15,16,10,11,14,13,13,16
20,19,10,16,10,19,12,12,10,18,20,13,10,12,11,17,11,13,14,13
18,13,17,12,19,13,12,15,15,19,11,11,11,19,15,13,20,11,15,16
11,18,14,19,15,10,13,12,17,19,13,19,13,20,14,15,16,17,18,14

The sequence dependent setup time of each job processed on machine 3.
(Where rows denote jobs: 1 to 20 and columns denote jobs: 0 to 20.For example:The value of Sijk is in row j,column i+1.)
10,16,12,18,18,13,17,14,19,19,11,18,10,10,16,10,10,14,15,14
19,15,16,12,12,17,18,12,14,18,20,12,14,18,19,12,15,17,20,15
13,16,13,12,16,19,14,19,19,12,13,16,18,10,12,16,15,16,17,16
19,15,11,18,12,19,15,20,19,19,15,17,10,20,18,11,14,12,11,13
20,18,16,16,15,12,11,14,13,16,20,10,13,18,14,18,19,19,12,12
19,17,20,14,11,11,17,10,13,12,16,19,15,18,16,16,19,12,19,18
11,15,10,19,17,11,19,10,10,15,13,18,12,11,12,12,19,17,14,18
20,17,18,13,17,16,11,13,19,14,13,19,16,20,12,10,13,14,16,13
13,16,16,16,13,18,18,16,11,13,12,14,14,19,12,18,13,16,13,16
12,10,13,19,17,15,11,11,10,18,14,19,16,13,14,18,13,12,11,10
16,12,16,17,10,19,19,11,11,12,10,14,12,20,12,11,16,13,19,13
10,13,15,10,12,18,10,12,19,19,17,15,15,19,15,17,15,17,14,13
16,19,10,18,10,14,15,13,11,15,18,13,10,16,12,19,10,15,18,16
18,14,16,18,19,12,14,13,11,14,18,12,14,18,12,15,17,10,13,14
20,18,14,11,14,11,15,19,19,15,17,19,20,12,10,18,13,10,13,10
13,17,16,10,20,14,14,14,16,19,20,10,20,11,18,10,15,11,16,19
20,11,11,17,18,19,18,15,10,14,12,17,19,12,16,17,20,11,15,17
14,17,19,10,10,17,18,12,10,12,19,13,10,12,20,16,13,13,11,18
18,10,20,19,17,14,20,16,10,16,13,15,10,11,11,16,15,14,12,13
17,12,20,20,16,14,15,17,19,16,11,18,10,17,16,17,13,20,15,20
16,20,16,20,17,18,16,16,17,20,14,12,11,11,11,13,16,13,15,19

The sequence dependent setup time of each job processed on machine 4.
(Where rows denote jobs: 1 to 20 and columns denote jobs: 0 to 20.For example:The value of Sijk is in row j,column i+1.)
12,12,20,10,13,17,15,17,19,13,15,11,14,16,16,15,11,11,17,13
16,17,16,11,18,14,19,13,13,13,11,13,19,10,19,20,13,20,15,10
20,15,18,12,16,10,15,10,12,15,13,18,16,10,13,20,11,16,20,20
17,15,19,20,14,15,14,20,11,20,17,20,14,20,19,17,12,12,13,10
16,18,18,18,16,12,11,16,10,17,10,17,18,14,18,11,17,17,12,10
18,15,16,12,20,20,13,10,14,11,16,18,19,19,14,16,20,16,17,18
15,16,20,12,16,19,14,18,13,18,19,14,11,16,13,14,12,12,20,14
13,13,13,10,17,14,12,12,15,11,18,10,20,18,12,11,10,19,14,13
11,11,20,15,10,17,10,10,13,20,13,11,11,16,20,17,14,12,14,15
10,18,10,19,19,13,14,12,11,19,20,11,12,19,14,20,14,14,16,13
16,13,12,11,20,16,14,20,19,20,10,16,20,10,16,18,15,13,13,16
14,10,10,11,10,10,20,10,12,16,20,15,20,12,17,18,19,13,16,11
10,19,20,20,19,12,14,20,14,11,17,17,20,15,14,18,20,11,18,10
11,12,11,15,18,16,13,16,16,12,19,15,14,10,19,11,17,17,19,18
14,12,18,13,15,17,16,17,18,10,20,17,10,11,14,19,20,17,11,11
13,10,17,13,16,12,18,12,10,15,15,13,10,10,14,20,19,20,14,17
17,16,11,13,10,19,14,14,11,15,14,20,10,11,14,11,13,17,13,15
10,10,11,15,14,10,14,16,16,15,17,16,10,10,16,11,17,20,11,12
11,14,16,19,20,13,19,17,16,15,15,19,16,15,11,18,14,16,11,10
10,20,14,13,12,19,16,13,18,14,14,16,18,11,11,18,12,15,17,13
13,13,13,18,12,12,17,17,19,16,12,19,18,14,19,20,11,13,15,11

The sequence dependent setup time of each job processed on machine 5.
(Where rows denote jobs: 1 to 20 and columns denote jobs: 0 to 20.For example:The value of Sijk is in row j,column i+1.)
19,14,11,14,16,11,19,11,19,13,15,18,14,17,15,20,17,15,11,15
10,20,11,18,14,19,17,13,13,18,18,11,16,15,10,10,12,16,15,20
13,16,14,19,15,16,14,17,11,12,19,14,16,13,13,20,10,15,18,10
19,17,16,19,11,18,16,19,12,18,11,19,17,18,20,10,16,11,19,20
20,16,10,16,10,11,13,12,19,19,17,14,18,10,14,18,12,11,16,12
14,13,20,20,11,18,11,16,13,14,17,10,16,13,18,11,16,15,20,20
11,11,20,18,19,12,12,12,17,15,11,15,16,12,18,12,13,13,13,17
12,20,16,17,12,16,12,12,17,13,10,19,17,12,15,14,19,15,13,20
18,15,10,15,10,13,16,15,13,19,14,17,13,19,16,17,20,14,14,18
17,17,12,14,10,15,12,19,15,13,16,19,16,17,10,13,20,18,13,14
10,17,16,12,17,10,15,12,17,15,15,17,12,11,10,18,13,15,20,18
12,20,10,13,11,17,16,13,15,11,14,12,20,11,12,19,12,15,15,12
10,13,18,16,11,20,16,20,10,19,14,15,17,14,13,16,20,11,20,14
12,13,10,20,14,12,10,13,15,14,17,15,19,14,18,19,19,20,14,15
10,15,15,20,15,14,16,13,13,10,14,16,13,20,18,14,13,17,17,10
12,10,10,14,11,20,19,16,11,14,14,18,12,12,10,15,19,19,15,15
16,17,12,10,10,10,17,18,17,17,16,15,12,14,18,11,10,15,10,20
12,17,12,15,18,15,14,10,18,12,12,14,11,14,12,20,15,20,16,13
17,14,19,12,11,16,15,17,19,11,14,10,10,12,19,10,19,10,20,16
17,19,16,13,16,20,10,20,18,12,14,13,16,13,16,17,11,16,18,11
16,11,18,14,20,18,11,10,14,18,11,13,19,19,17,15,10,17,13,18

