The number of factories:
2
The number of jobs:
20
The number of machines:
3
The number of vehicles:
3
The number of workers:
3

The factory where machine i is located:
1,1,2

The vehicle which belong to factory 1:
1,2
The vehicle which belong to factory 2:
3

The processing time of each order processed on different machines:
(where rows denote orders: 1 to 20 and columns denote machines: 1 to 
3)
27,29,37,34,31,24,25,37,20,40,23,29,30,21,40,22,22,27,26,35
36,33,31,28,32,21,27,21,29,35,27,35,39,26,24,24,31,22,30,31
24,23,23,35,25,20,20,26,20,22,31,33,22,36,22,39,36,20,34,20

The coefficient of each worker on each machine:
(where rows denote workers: 1 to 3 and columns denote machines: 1 to 
3)
0.5,1.25,1.25
0.75,0.75,0.5
1,0.5,1.25

The unit processing cost of machines:

10,7,8

The unit idle cost of machines:

4,2,2

The distance between each location:
(where rows and columns denote locations from factory 1 to customers)
0,158,51,161,154,164,56,153,35,159,106,142,151,64,36,101,146,32,20,145,71
158,0,124,5,66,10,105,64,129,18,111,132,20,116,176,129,193,147,176,109,192
51,124,0,125,106,127,24,106,18,120,55,92,123,74,85,52,110,25,62,94,69
161,5,125,0,63,4,107,60,131,14,110,129,25,120,179,128,191,149,179,107,193
154,66,106,63,0,60,99,2,119,49,65,71,82,138,182,83,136,131,167,46,162
164,10,127,4,60,0,110,58,134,11,110,128,29,124,183,128,190,151,181,105,194
56,105,24,107,99,110,0,98,24,104,63,103,101,55,83,67,131,43,72,98,92
153,64,106,60,2,58,98,0,119,47,66,73,80,137,182,84,138,131,167,48,162
35,129,18,131,119,134,24,119,0,128,73,110,125,61,67,70,126,20,49,111,72
159,18,120,14,49,11,104,47,128,0,99,117,37,123,180,118,179,144,176,94,186
106,111,55,110,65,110,63,66,73,99,0,39,118,117,140,19,83,76,114,40,98
142,132,92,129,71,128,103,73,110,117,39,0,144,157,177,42,67,111,147,25,118
151,20,123,25,82,29,101,80,125,37,118,144,0,103,165,135,202,144,170,123,192
64,116,74,120,138,124,55,137,61,123,117,157,103,0,64,122,185,78,83,149,129
36,176,85,179,182,183,83,182,67,180,140,177,165,64,0,136,182,68,42,179,101
101,129,52,128,83,128,67,84,70,118,19,42,135,122,136,0,68,69,106,51,82
146,193,110,191,136,190,131,138,126,179,83,67,202,185,182,68,0,115,142,91,91
32,147,25,149,131,151,43,131,20,144,76,111,144,78,68,69,115,0,38,116,52
20,176,62,179,167,181,72,167,49,176,114,147,170,83,42,106,142,38,0,153,58
145,109,94,107,46,105,98,48,111,94,40,25,123,149,179,51,91,116,153,0,133
71,192,69,193,162,194,92,162,72,186,98,118,192,129,101,82,91,52,58,133,0
The distance between each location:
(where rows and columns denote locations from factory 2 to customers)
0,204,110,208,210,212,112,210,94,209,165,201,194,91,29,160,198,90,56,204,111
204,0,124,5,66,10,105,64,129,18,111,132,20,116,176,129,193,147,176,109,192
110,124,0,125,106,127,24,106,18,120,55,92,123,74,85,52,110,25,62,94,69
208,5,125,0,63,4,107,60,131,14,110,129,25,120,179,128,191,149,179,107,193
210,66,106,63,0,60,99,2,119,49,65,71,82,138,182,83,136,131,167,46,162
212,10,127,4,60,0,110,58,134,11,110,128,29,124,183,128,190,151,181,105,194
112,105,24,107,99,110,0,98,24,104,63,103,101,55,83,67,131,43,72,98,92
210,64,106,60,2,58,98,0,119,47,66,73,80,137,182,84,138,131,167,48,162
94,129,18,131,119,134,24,119,0,128,73,110,125,61,67,70,126,20,49,111,72
209,18,120,14,49,11,104,47,128,0,99,117,37,123,180,118,179,144,176,94,186
165,111,55,110,65,110,63,66,73,99,0,39,118,117,140,19,83,76,114,40,98
201,132,92,129,71,128,103,73,110,117,39,0,144,157,177,42,67,111,147,25,118
194,20,123,25,82,29,101,80,125,37,118,144,0,103,165,135,202,144,170,123,192
91,116,74,120,138,124,55,137,61,123,117,157,103,0,64,122,185,78,83,149,129
29,176,85,179,182,183,83,182,67,180,140,177,165,64,0,136,182,68,42,179,101
160,129,52,128,83,128,67,84,70,118,19,42,135,122,136,0,68,69,106,51,82
198,193,110,191,136,190,131,138,126,179,83,67,202,185,182,68,0,115,142,91,91
90,147,25,149,131,151,43,131,20,144,76,111,144,78,68,69,115,0,38,116,52
56,176,62,179,167,181,72,167,49,176,114,147,170,83,42,106,142,38,0,153,58
204,109,94,107,46,105,98,48,111,94,40,25,123,149,179,51,91,116,153,0,133
111,192,69,193,162,194,92,162,72,186,98,118,192,129,101,82,91,52,58,133,0

The weight of orders:
16,18,10,12,20,15,15,17,12,20,11,14,11,11,13,15,19,15,15,14

The unit tardiness penalty of orders:

9,10,6,6,10,7,9,10,6,8,8,7,6,7,8,10,6,8,9,9

The due date of orders:
346,266,466,465,328,208,700,376,488,786,266,444,153,425,325,486,268,78,345,353

the loading and unloading time of each order:
4,5,3,3,5,4,4,4,3,5,3,4,3,3,3,4,5,4,4,4

The sequence dependent setup time of each job processed on machine 1.
(Where rows denote jobs: 1 to 20 and columns denote jobs: 0 to 20.For example:The value of Sijk is in row j,column i+1.)
13,20,13,14,11,12,13,20,13,11,20,13,12,12,11,16,12,13,14,10
14,13,13,18,17,17,18,19,14,12,11,18,17,12,10,19,10,17,12,11
12,17,16,17,19,13,14,19,15,11,12,19,10,20,11,14,13,19,10,20
13,15,17,15,18,16,14,13,18,18,15,17,13,18,10,19,14,19,14,10
14,19,12,19,19,15,14,10,13,10,10,17,19,11,17,17,19,13,17,14
15,20,12,13,15,10,13,20,13,20,14,18,15,15,17,15,18,13,11,18
11,11,15,16,13,12,10,19,16,10,10,12,20,18,20,11,17,11,18,19
18,14,20,12,12,13,17,11,17,15,17,14,16,12,14,15,19,13,20,17
18,12,15,19,12,14,14,18,17,16,13,14,11,11,19,14,10,17,16,14
12,12,15,10,16,10,11,17,14,17,17,13,12,17,10,12,10,14,16,12
14,10,18,15,14,10,11,13,19,19,10,10,18,20,17,19,14,20,13,19
20,16,15,15,12,10,16,19,10,19,16,14,13,11,20,20,19,14,10,11
12,12,16,13,10,15,18,17,16,17,14,10,10,11,14,13,20,17,17,13
14,19,14,15,15,12,13,12,18,14,14,13,14,10,11,11,17,17,12,15
17,15,10,13,16,14,14,10,10,20,19,15,13,10,14,13,11,16,18,20
15,16,19,15,17,10,11,20,13,20,14,10,17,18,19,12,15,17,17,12
14,13,13,16,20,12,11,19,19,12,19,19,19,13,10,11,18,19,19,13
11,14,15,20,12,18,10,17,10,12,20,15,11,12,14,12,14,19,10,10
16,20,20,18,18,15,16,18,13,13,18,10,14,13,12,17,16,18,13,12
19,10,15,10,11,12,19,15,15,11,18,16,16,15,14,20,16,13,13,17
13,20,20,14,16,17,10,18,13,15,18,10,14,17,11,11,12,20,16,11

The sequence dependent setup time of each job processed on machine 2.
(Where rows denote jobs: 1 to 20 and columns denote jobs: 0 to 20.For example:The value of Sijk is in row j,column i+1.)
15,13,10,13,20,18,14,16,11,12,19,13,10,17,13,17,14,11,16,15
18,19,18,20,13,20,14,16,20,19,11,17,14,12,18,10,18,11,15,17
20,19,19,13,16,18,19,10,11,12,17,12,11,11,15,15,19,16,20,11
17,14,14,17,10,17,11,11,17,20,16,20,18,12,17,16,11,16,15,16
16,19,15,11,12,17,18,17,10,17,20,11,17,12,10,20,17,18,18,18
13,11,11,20,10,18,16,16,18,19,16,18,17,20,19,20,18,10,20,13
15,12,10,19,13,18,10,20,16,20,12,17,13,11,11,12,19,15,16,17
14,19,13,17,19,20,14,17,15,10,17,19,14,13,19,14,18,12,10,12
10,18,17,19,20,19,19,10,18,13,19,14,14,18,12,20,16,17,11,11
20,10,17,16,16,17,17,19,15,20,18,19,15,17,14,12,15,20,18,10
13,15,19,16,10,19,20,20,17,18,13,11,12,12,20,18,10,11,11,19
16,13,10,17,16,16,11,17,13,10,18,12,17,10,11,19,18,15,19,18
13,14,12,19,18,16,17,17,18,18,14,14,15,20,19,20,19,18,15,11
13,19,17,11,18,15,11,20,13,12,17,16,18,20,12,11,14,17,18,13
17,19,20,18,12,17,17,13,19,19,10,17,17,14,14,14,14,17,19,16
10,20,10,16,18,14,12,12,16,17,20,15,19,20,13,19,11,11,20,12
12,18,12,15,13,18,15,17,18,14,12,14,18,11,14,17,15,17,17,10
13,16,16,12,12,20,20,13,18,16,15,12,17,14,17,10,10,19,16,14
15,15,11,15,19,15,15,19,17,14,11,18,13,10,10,15,17,11,19,15
17,20,10,13,17,10,10,11,18,10,10,20,12,10,16,13,16,15,13,17
19,13,13,15,16,15,18,13,20,14,15,11,16,16,12,12,16,18,19,16

The sequence dependent setup time of each job processed on machine 3.
(Where rows denote jobs: 1 to 20 and columns denote jobs: 0 to 20.For example:The value of Sijk is in row j,column i+1.)
11,12,14,20,19,20,20,15,15,11,13,10,15,17,15,12,14,18,19,14
12,12,12,13,18,20,15,15,10,13,17,16,13,16,19,13,15,15,13,15
15,11,15,20,16,19,16,16,10,20,15,19,19,10,16,16,16,19,19,19
13,12,15,19,16,20,20,14,17,17,18,16,12,12,17,16,12,14,13,20
16,18,18,10,12,15,18,15,16,15,13,10,12,11,17,10,13,16,15,20
13,15,14,14,18,10,18,11,19,11,15,12,14,14,16,16,20,13,12,10
14,10,18,18,17,13,15,14,14,18,17,18,20,11,12,10,15,15,17,15
14,11,14,12,18,19,19,15,15,18,13,19,15,20,15,15,15,19,19,19
17,17,20,15,19,10,11,19,10,17,14,16,17,10,16,12,20,19,14,15
18,13,19,15,20,19,11,10,20,17,12,19,17,10,19,20,13,16,16,20
19,20,11,18,16,13,12,11,15,14,17,11,15,17,19,17,14,10,12,17
14,15,16,12,16,14,14,11,20,15,17,10,15,20,11,10,11,18,15,19
15,19,10,12,11,13,19,12,13,18,19,15,18,15,15,17,19,12,13,10
13,19,19,19,20,13,10,12,19,16,13,10,20,15,16,14,15,19,19,14
10,11,17,18,19,20,19,10,14,18,11,18,13,12,13,18,15,19,11,12
15,19,16,17,17,19,20,18,18,17,10,13,13,19,17,16,11,18,18,13
11,16,15,14,20,11,11,18,17,18,14,18,13,10,18,10,10,11,13,12
12,16,11,17,20,15,20,16,19,11,12,10,18,20,13,14,15,11,17,17
13,10,19,17,16,15,18,18,20,18,17,17,11,17,16,14,10,20,20,15
20,19,16,13,10,13,17,17,19,14,10,19,16,11,15,10,15,14,17,19
20,13,12,20,11,14,20,12,20,19,13,16,13,14,19,13,11,12,13,12

