The number of jobs:
50
The number of machines:
7
The number of vehicles:
6
The number of workers:
5

The processing time of each order processed on different machines:
(where rows denote machines: 1 to 7 and columns denote orders: 1 to 
50)
27,31,30,25,37,28,20,29,30,32,30,25,24,20,28,33,36,34,35,22,21,37,34,30,29,27,38,26,30,24,21,24,20,29,30,38,24,24,31,37,22,32,21,25,33,33,28,33,29,32
33,37,26,27,26,20,31,36,38,20,39,30,35,25,38,29,22,39,40,29,24,28,24,33,27,26,20,30,24,28,23,31,23,29,27,38,37,21,34,25,21,33,35,31,23,36,22,34,22,40
32,23,37,33,34,21,23,32,20,34,33,34,23,33,27,31,28,31,23,34,29,35,33,22,35,33,39,28,21,36,40,28,21,33,38,39,27,25,29,35,28,28,39,21,31,34,38,24,40,26
23,22,26,37,36,26,32,34,36,37,26,30,22,32,28,26,34,25,31,32,40,32,25,36,34,21,39,34,27,24,38,35,38,32,27,25,33,37,37,39,39,28,22,20,26,33,29,24,28,20
32,33,22,35,30,30,21,29,37,23,25,36,30,31,20,21,29,38,40,27,28,22,26,38,29,22,21,20,36,33,37,32,26,26,27,32,21,30,35,20,37,23,31,33,34,29,34,37,23,21
23,37,30,30,27,31,35,26,28,25,24,23,28,33,31,22,21,27,21,25,32,30,39,21,38,29,23,37,24,30,27,29,23,20,36,31,31,22,39,29,40,23,33,29,26,22,21,29,33,29
30,25,38,30,24,39,36,29,23,20,39,40,26,35,23,32,29,35,36,23,21,23,28,20,26,29,34,32,32,30,39,29,37,32,37,37,27,40,25,27,22,30,28,28,25,23,31,37,27,20

The coefficient of each worker on each machine:
(where rows denote workers: 1 to 5 and columns denote machines: 1 to 
7)
0.5,1.25,1.25,1,0.75,0.75,1
1.25,1.25,1.5,1,1.25,0.5,1
1.25,1.25,1.5,1.5,0.75,0.5,1.25
1.25,0.5,0.5,0.5,1.5,0.5,1
1.25,0.75,1.25,0.75,1.5,0.5,1.5

The unit processing cost of machines:

10,9,6,6,6,9,9

The unit idle cost of machines:

2,4,3,2,3,5,1

The distance between each location:
(where rows and columns denote locations: 0 to 50)
0,98,85,59,92,64,101,89,61,69,85,35,65,60,103,68,124,74,98,88,107,136,82,69,104,108,77,70,25,40,56,82,56,81,59,113,87,116,109,76,91,40,76,93,86,41,56,29,111,54,59
98,0,123,151,151,35,171,32,101,113,88,64,160,57,63,138,45,63,76,185,175,187,52,154,9,154,39,92,110,121,152,153,140,179,40,208,114,208,169,109,144,109,78,40,163,70,140,81,102,152,152
85,123,0,131,34,95,183,94,144,153,40,85,128,124,163,152,166,61,166,137,189,221,73,146,123,193,84,149,64,124,123,165,61,131,101,124,170,116,192,14,24,125,149,89,59,65,60,106,51,113,129
59,151,131,0,123,120,57,147,71,68,141,92,14,100,135,40,167,133,124,41,63,102,141,17,158,83,135,86,68,33,10,44,77,38,112,90,89,101,71,126,127,47,100,151,103,100,77,71,166,22,3
92,151,34,123,0,121,179,124,153,160,73,103,118,142,184,152,192,91,184,120,185,221,104,140,152,196,113,161,67,125,114,163,47,114,124,96,179,85,191,45,10,130,164,121,30,86,46,118,84,103,121
64,35,95,120,121,0,147,29,82,94,67,30,128,41,70,113,71,41,77,152,152,170,37,125,39,138,23,78,76,92,120,129,106,146,12,173,100,173,149,81,114,82,69,37,130,36,105,52,87,118,121
101,171,183,57,179,147,0,177,70,60,186,124,67,114,133,34,172,172,118,84,6,46,177,39,179,39,167,83,118,61,67,19,133,85,137,140,70,153,17,176,182,66,99,183,160,140,133,96,212,79,59
89,32,94,147,124,29,177,0,111,123,57,55,153,69,90,142,77,33,100,176,182,199,21,153,30,167,13,106,94,120,145,158,120,169,41,190,129,188,178,80,116,111,96,9,139,51,119,81,70,142,147
61,101,144,71,153,82,70,111,0,12,134,66,84,44,67,40,103,114,54,112,74,88,116,64,110,56,104,16,86,40,77,54,114,108,70,156,26,164,68,133,152,27,31,119,145,86,114,39,159,85,73
69,113,153,68,160,94,60,123,12,0,145,77,82,56,75,33,112,126,60,109,63,76,127,59,121,44,115,23,93,40,76,44,119,106,82,156,21,165,56,143,159,30,40,130,150,96,120,49,170,84,71
85,88,40,141,73,67,186,57,134,145,0,69,143,104,138,153,133,26,144,158,192,219,36,153,87,188,50,136,74,125,136,167,86,151,76,156,158,150,193,28,64,122,131,52,95,49,86,96,26,129,141
35,64,85,92,103,30,124,55,66,77,69,0,99,39,81,90,94,49,81,123,130,152,53,98,69,121,44,67,49,66,90,105,80,116,25,145,89,146,128,72,99,58,65,60,107,21,80,29,93,89,92
65,160,128,14,118,128,67,153,84,82,143,99,0,112,148,54,178,137,137,28,73,112,146,29,167,96,142,99,69,45,9,56,71,24,121,77,103,88,82,125,122,59,113,157,95,105,72,81,167,15,11
60,57,124,100,142,41,114,69,44,56,104,39,112,0,43,82,67,80,42,138,118,131,78,100,65,99,64,37,82,68,103,96,114,133,30,172,60,176,112,111,138,55,28,77,143,59,114,33,126,106,102
103,63,163,135,184,70,133,90,67,75,138,81,148,43,0,107,40,112,17,175,136,136,105,131,71,106,90,52,125,103,140,119,157,171,63,213,65,218,126,149,179,88,36,98,186,99,157,74,157,145,137
68,138,152,40,152,113,34,142,40,33,153,90,54,82,107,0,143,138,93,79,40,69,143,27,146,45,133,55,88,28,50,15,107,77,103,131,51,141,40,144,154,32,72,149,137,106,108,62,178,61,43
124,45,166,167,192,71,172,77,103,112,133,94,178,67,40,143,0,107,57,205,175,176,97,165,49,146,83,89,142,134,170,157,174,200,70,237,104,239,166,152,186,121,73,85,200,107,174,99,147,173,169
74,63,61,133,91,41,172,33,114,126,26,49,137,80,112,138,107,0,119,156,178,201,13,143,62,170,24,114,71,112,129,153,92,149,51,163,136,160,177,47,83,106,108,30,108,33,91,78,46,124,133
98,76,166,124,184,77,118,100,54,60,144,81,137,42,17,93,57,119,0,165,120,119,114,118,85,89,99,38,122,92,130,104,154,160,68,205,48,211,110,153,180,78,24,109,184,101,153,69,165,136,126
88,185,137,41,120,152,84,176,112,109,158,123,28,138,175,79,205,156,165,0,89,130,166,52,191,118,163,127,85,73,35,78,77,7,145,56,129,70,101,137,126,87,141,179,93,126,78,107,181,34,39
107,175,189,63,185,152,6,182,74,63,192,130,73,118,136,40,175,178,120,89,0,40,182,46,183,38,173,86,125,67,73,25,139,90,141,145,72,158,14,182,188,72,102,188,166,145,140,102,218,85,66
136,187,221,102,221,170,46,199,88,76,219,152,112,131,136,69,176,201,119,130,40,0,204,84,195,32,192,94,157,97,112,59,176,131,158,185,73,199,30,213,223,97,108,207,204,171,176,124,244,124,104
82,52,73,141,104,37,177,21,116,127,36,53,146,78,105,143,97,13,114,166,182,204,0,150,50,172,15,114,82,118,138,158,105,159,48,176,136,173,180,60,96,111,105,16,122,41,104,81,52,134,141
69,154,146,17,140,125,39,153,64,59,153,98,29,100,131,27,165,143,118,52,46,84,150,0,161,67,142,80,82,33,28,27,93,51,116,105,78,117,54,140,143,45,95,158,120,110,94,74,179,40,20
104,9,123,158,152,39,179,30,110,121,87,69,167,65,71,146,49,62,85,191,183,195,50,161,0,163,39,101,115,128,158,161,144,185,46,212,122,212,178,109,145,117,87,36,166,73,143,88,98,158,159
108,154,193,83,196,138,39,167,56,44,188,121,96,99,106,45,146,170,89,118,38,32,172,67,163,0,160,62,130,71,93,40,152,117,126,172,42,184,24,184,197,68,77,174,182,140,152,92,214,105,86
77,39,84,135,113,23,167,13,104,115,50,44,142,64,90,133,83,24,99,163,173,192,15,142,39,160,0,100,81,110,133,148,108,157,34,178,123,176,170,70,106,101,91,16,128,38,107,71,67,130,135
70,92,149,86,161,78,83,106,16,23,136,67,99,37,52,55,89,114,38,127,86,94,114,80,101,62,100,0,95,55,92,67,125,123,66,170,23,177,78,138,159,41,17,114,156,88,125,44,160,99,88
25,110,64,68,67,76,118,94,86,93,74,49,69,82,125,88,142,71,122,85,125,157,82,82,115,130,81,95,0,60,62,100,32,78,73,97,112,98,128,58,67,64,100,96,62,43,32,53,99,54,67
40,121,124,33,125,92,61,120,40,40,125,66,45,68,103,28,134,112,92,73,67,97,118,33,128,71,110,55,60,0,38,42,82,68,82,116,62,124,69,116,126,14,68,126,112,79,82,40,151,45,35
56,152,123,10,114,120,67,145,77,76,136,90,9,103,140,50,170,129,130,35,73,112,138,28,158,93,133,92,62,38,0,54,67,31,112,81,97,91,82,119,118,52,106,149,93,97,68,72,160,12,8
82,153,165,44,163,129,19,158,54,44,167,105,56,96,119,15,157,153,104,78,25,59,158,27,161,40,148,67,100,42,54,0,117,77,118,132,59,144,28,158,165,47,84,164,145,120,117,77,193,66,47
56,140,61,77,47,106,133,120,114,119,86,80,71,114,157,107,174,92,154,77,139,176,105,93,144,152,108,125,32,82,67,117,0,70,105,71,140,68,145,62,51,89,132,120,31,71,1,85,107,56,74
81,179,131,38,114,146,85,169,108,106,151,116,24,133,171,77,200,149,160,7,90,131,159,51,185,117,157,123,78,68,31,77,70,0,139,55,126,68,101,130,120,82,136,172,87,119,71,101,174,27,35
59,40,101,112,124,12,137,41,70,82,76,25,121,30,63,103,70,51,68,145,141,158,48,116,46,126,34,66,73,82,112,118,105,139,0,170,89,171,137,87,118,72,57,48,131,38,104,42,97,112,113
113,208,124,90,96,173,140,190,156,156,156,145,77,172,213,131,237,163,205,56,145,185,176,105,212,172,178,170,97,116,81,132,71,55,170,0,177,16,156,130,105,129,182,191,66,140,72,139,174,71,87
87,114,170,89,179,100,70,129,26,21,158,89,103,60,65,51,104,136,48,129,72,73,136,78,122,42,123,23,112,62,97,59,140,126,89,177,0,186,62,158,178,51,35,137,171,110,140,64,182,106,91
116,208,116,101,85,173,153,188,164,165,150,146,88,176,218,141,239,160,211,70,158,199,173,117,212,184,176,177,98,124,91,144,68,68,171,16,186,0,169,123,95,137,188,188,56,139,69,144,166,81,98
109,169,192,71,191,149,17,178,68,56,193,128,82,112,126,40,166,177,110,101,14,30,180,54,178,24,170,78,128,69,82,28,145,101,137,156,62,169,0,185,193,70,94,185,174,145,146,99,218,94,74
76,109,14,126,45,81,176,80,133,143,28,72,125,111,149,144,152,47,153,137,182,213,60,140,109,184,70,138,58,116,119,158,62,130,87,130,158,123,185,0,37,116,137,76,68,51,61,95,45,110,125
91,144,24,127,10,114,182,116,152,159,64,99,122,138,179,154,186,83,180,126,188,223,96,143,145,197,106,159,67,126,118,165,51,120,118,105,178,95,193,37,0,130,161,112,39,81,50,116,74,107,125
40,109,125,47,130,82,66,111,27,30,122,58,59,55,88,32,121,106,78,87,72,97,111,45,117,68,101,41,64,14,52,47,89,82,72,129,51,137,70,116,130,0,54,117,120,74,89,30,148,58,49
76,78,149,100,164,69,99,96,31,40,131,65,113,28,36,72,73,108,24,141,102,108,105,95,87,77,91,17,100,68,106,84,132,136,57,182,35,188,94,137,161,54,0,104,162,85,131,47,154,112,103
93,40,89,151,121,37,183,9,119,130,52,60,157,77,98,149,85,30,109,179,188,207,16,158,36,174,16,114,96,126,149,164,120,172,48,191,137,188,185,76,112,117,104,0,138,53,119,87,62,146,151
86,163,59,103,30,130,160,139,145,150,95,107,95,143,186,137,200,108,184,93,166,204,122,120,166,182,128,156,62,112,93,145,31,87,131,66,171,56,174,68,39,120,162,138,0,94,31,115,110,81,100
41,70,65,100,86,36,140,51,86,96,49,21,105,59,99,106,107,33,101,126,145,171,41,110,73,140,38,88,43,79,97,120,71,119,38,140,110,139,145,51,81,74,85,53,94,0,70,47,74,93,100
56,140,60,77,46,105,133,119,114,120,86,80,72,114,157,108,174,91,153,78,140,176,104,94,143,152,107,125,32,82,68,117,1,71,104,72,140,69,146,61,50,89,131,119,31,70,0,84,106,57,75
29,81,106,71,118,52,96,81,39,49,96,29,81,33,74,62,99,78,69,107,102,124,81,74,88,92,71,44,53,40,72,77,85,101,42,139,64,144,99,95,116,30,47,87,115,47,84,0,121,74,72
111,102,51,166,84,87,212,70,159,170,26,93,167,126,157,178,147,46,165,181,218,244,52,179,98,214,67,160,99,151,160,193,107,174,97,174,182,166,218,45,74,148,154,62,110,74,106,121,0,153,165
54,152,113,22,103,118,79,142,85,84,129,89,15,106,145,61,173,124,136,34,85,124,134,40,158,105,130,99,54,45,12,66,56,27,112,71,106,81,94,110,107,58,112,146,81,93,57,74,153,0,20
59,152,129,3,121,121,59,147,73,71,141,92,11,102,137,43,169,133,126,39,66,104,141,20,159,86,135,88,67,35,8,47,74,35,113,87,91,98,74,125,125,49,103,151,100,100,75,72,165,20,0

The weight of orders:
11,19,11,15,16,16,20,14,14,15,12,20,14,17,15,20,11,10,17,18,12,19,11,12,11,20,20,19,13,17,19,11,13,15,13,12,13,13,17,12,15,12,13,18,20,16,16,14,17,17

The unit tardiness penalty of orders:

8,6,8,9,7,7,7,8,8,10,10,10,7,7,9,6,6,9,9,8,8,9,7,6,9,6,10,8,8,9,10,9,7,7,10,6,10,7,7,6,10,7,8,8,6,8,6,8,7,7

The due date of orders:
481,316,284,607,663,371,529,500,504,427,340,600,479,434,266,609,225,773,581,567,600,172,613,356,527,498,735,146,156,329,389,600,455,263,236,443,447,208,616,530,273,495,415,508,140,295,592,234,471,332

the loading and unloading time of each order:
3,5,3,4,4,4,5,4,4,4,3,5,4,4,4,5,3,3,4,5,3,5,3,3,3,5,5,5,3,4,5,3,3,4,3,3,3,3,4,3,4,3,3,5,5,4,4,4,4,4

The sequence dependent setup time of each job processed on machine 1.
(Where rows denote jobs: 1 to 50 and columns denote jobs: 0 to 50.For example:The value of Sijk is in row j,column i+1.)
18,18,18,15,17,10,16,11,16,19,17,14,13,14,10,12,10,19,17,12,10,10,20,10,11,12,16,16,12,15,12,17,19,15,15,13,20,14,11,20,12,18,13,18,14,11,15,16,19,11
18,20,20,16,17,12,13,13,12,15,11,13,14,13,19,13,14,14,11,17,18,13,19,16,18,14,10,17,11,19,20,12,16,15,18,12,12,18,15,12,11,11,15,10,20,12,15,13,15,15
12,10,19,15,12,14,16,13,16,19,17,17,14,20,15,17,14,10,20,17,15,13,20,10,19,12,18,10,13,11,19,20,13,12,13,12,13,13,17,12,10,11,12,18,20,20,19,15,12,14
10,20,20,15,19,13,13,19,13,13,14,12,18,11,17,13,19,19,19,18,14,20,15,12,20,11,10,16,19,17,16,13,13,16,16,18,11,10,15,19,12,14,17,15,19,11,12,13,15,10
20,15,12,16,15,15,19,12,12,18,11,13,10,20,10,20,20,11,20,17,13,17,12,16,16,16,17,14,10,18,17,19,19,16,18,17,16,11,13,16,14,16,17,10,16,13,20,18,13,20
20,12,16,19,14,11,18,17,11,15,10,14,17,14,18,10,14,18,20,19,20,15,16,15,11,15,13,14,13,10,10,14,19,20,18,14,15,18,12,15,18,19,18,14,13,13,15,20,12,13
14,15,12,11,17,13,15,11,10,14,16,14,11,15,11,16,20,13,14,12,20,19,14,13,19,15,11,17,12,20,20,16,12,11,16,12,12,12,14,20,18,18,13,17,20,14,14,20,17,11
16,13,20,20,10,20,12,20,16,13,17,12,12,20,13,16,14,16,11,19,10,10,13,13,15,17,16,12,20,11,13,15,12,17,18,10,16,17,16,12,17,17,11,18,16,13,15,15,13,14
12,20,10,17,10,19,16,15,12,18,18,18,15,17,14,17,14,11,18,13,11,14,18,16,10,15,11,13,19,11,10,13,12,17,16,20,13,10,13,15,19,11,14,10,14,17,17,13,17,16
15,13,16,13,11,12,12,12,11,11,16,16,12,18,20,13,12,20,17,14,13,12,18,14,15,12,18,10,16,20,15,11,15,11,16,11,16,18,12,16,15,17,10,11,20,18,14,15,18,15
18,16,19,17,18,19,11,19,17,13,18,10,15,11,18,18,15,12,20,11,12,16,13,13,20,11,19,15,12,13,19,20,16,13,17,14,13,18,19,17,19,12,11,17,15,19,18,19,16,10
11,12,14,16,12,14,12,17,19,16,12,14,11,16,12,20,16,11,11,20,13,12,13,17,20,10,17,19,10,14,14,15,10,15,17,17,13,11,12,13,13,15,16,10,19,12,12,20,19,17
15,18,18,15,19,15,11,10,10,11,16,14,15,18,10,16,19,10,11,17,20,20,18,14,14,18,14,18,18,13,14,13,13,13,17,18,10,11,13,10,10,11,13,14,18,17,19,18,16,14
14,14,12,18,10,13,11,13,16,17,13,16,13,15,19,16,13,10,12,11,19,20,19,14,16,15,18,17,17,12,16,13,13,13,10,13,17,14,10,18,14,19,13,11,18,20,13,13,16,18
18,13,18,17,16,18,11,18,11,14,14,10,13,13,13,10,15,20,15,19,17,17,10,19,11,10,10,10,13,18,11,16,18,11,18,10,19,16,20,15,10,13,16,11,14,14,13,15,13,10
20,16,13,18,17,17,14,12,18,16,17,11,19,11,20,20,11,12,18,15,16,12,11,10,19,12,17,10,20,14,16,14,10,10,13,17,14,12,12,16,13,16,11,15,13,19,14,16,17,11
20,18,16,19,15,15,12,20,16,13,18,14,10,14,11,10,16,19,12,17,12,20,18,14,14,16,10,17,20,15,20,20,16,18,10,18,10,19,13,20,14,15,14,17,17,14,11,17,15,17
17,17,15,18,10,10,15,14,12,11,10,16,14,17,17,15,12,10,14,15,13,15,11,16,16,15,11,13,12,18,11,17,11,19,12,11,20,16,12,11,16,20,16,10,15,10,16,19,19,17
15,13,20,16,18,17,18,20,10,14,15,19,11,11,16,16,12,11,15,19,16,18,14,16,16,19,16,13,13,20,20,18,16,17,20,14,15,18,19,17,14,11,11,11,14,20,12,14,19,13
18,14,13,17,17,12,10,16,14,14,18,15,15,19,17,14,16,15,11,11,19,19,17,11,15,10,11,19,15,14,11,19,15,15,16,17,17,12,20,16,17,11,12,14,18,10,11,11,20,18
11,13,16,16,14,13,14,15,11,12,16,11,10,11,12,16,10,10,19,18,10,11,11,19,14,13,14,11,11,12,15,17,20,20,13,15,13,20,17,16,12,13,15,18,16,15,15,13,14,13
15,15,19,19,18,19,15,15,16,20,15,20,14,16,15,13,10,10,10,19,19,16,17,14,10,18,11,19,20,10,16,12,18,18,13,12,16,10,12,17,20,13,12,14,15,13,13,10,18,11
19,18,15,12,11,18,17,15,19,18,15,18,11,10,15,14,11,12,11,18,11,18,11,10,16,15,11,15,17,17,16,11,17,17,19,20,15,10,17,14,19,18,16,18,14,19,19,17,18,19
20,16,10,16,19,19,19,10,10,17,17,12,20,11,11,13,13,15,13,19,18,16,14,17,17,18,13,17,14,18,17,10,13,15,18,14,11,14,16,11,10,20,15,18,18,15,20,19,12,16
12,17,19,10,14,10,12,10,15,15,18,12,15,16,18,17,19,18,16,12,16,19,16,18,14,17,15,12,13,12,18,10,12,12,18,14,18,16,11,10,18,16,16,12,20,19,14,14,15,14
14,17,14,20,14,13,13,12,15,17,14,20,11,16,17,18,15,10,17,17,13,10,17,12,17,17,12,19,16,11,13,12,11,13,11,14,14,13,15,11,19,19,15,10,18,10,12,16,11,17
19,12,20,15,17,14,11,10,11,14,14,18,14,16,18,15,12,18,11,16,12,19,16,18,17,19,18,10,10,13,10,10,17,10,18,15,16,16,16,11,20,14,16,15,16,15,20,18,11,19
18,17,13,10,15,12,16,17,17,12,14,20,13,15,16,16,10,12,18,19,18,17,19,13,14,17,13,13,15,12,18,20,17,20,16,11,14,19,20,10,18,16,20,11,12,17,12,15,18,16
17,11,20,15,12,15,18,10,18,12,11,12,20,11,13,20,14,11,15,15,15,16,11,20,20,17,16,18,19,13,11,16,16,16,15,19,13,11,19,11,17,20,16,17,18,11,15,20,11,17
10,17,16,16,19,14,10,15,14,13,10,20,18,11,19,16,15,15,20,12,18,16,12,13,18,20,10,14,17,15,19,12,16,13,18,19,19,13,12,12,20,18,11,15,19,11,14,10,17,17
13,15,16,15,12,12,19,14,10,14,17,13,10,13,20,14,18,13,17,18,14,10,12,17,18,19,15,17,17,17,13,15,17,13,10,11,15,18,12,19,15,17,10,16,10,18,13,11,10,12
18,19,10,11,17,16,20,12,17,12,14,14,18,14,12,19,15,14,15,16,17,20,20,12,16,18,15,20,18,11,18,11,11,17,11,10,12,12,17,13,14,15,11,16,14,10,16,11,16,11
17,17,20,16,12,18,15,14,15,19,16,18,19,12,18,13,13,16,20,13,13,19,12,19,17,12,17,18,15,10,13,19,10,13,18,16,17,15,10,20,17,10,18,17,10,15,14,13,18,15
18,10,16,18,20,19,20,10,10,11,12,20,19,17,15,16,15,15,18,17,13,18,10,19,20,12,17,18,19,18,19,17,11,12,14,14,14,11,14,18,18,17,18,12,18,12,19,12,20,18
14,17,15,10,16,15,10,10,12,10,19,15,17,17,14,11,15,14,20,19,11,17,17,17,19,13,11,17,18,16,10,12,19,10,13,14,14,20,13,14,13,10,12,16,16,12,11,10,14,14
20,15,11,10,16,19,17,11,14,16,18,16,19,19,13,17,13,15,18,11,10,18,11,12,14,11,16,18,18,18,19,20,13,12,15,11,15,11,15,14,15,16,13,10,11,15,18,10,10,15
20,10,15,20,18,19,13,19,19,15,16,19,18,13,10,18,20,17,11,12,10,10,10,17,17,20,17,13,18,17,14,18,18,14,13,17,18,17,20,18,20,20,18,11,19,14,19,13,18,11
19,10,18,11,20,18,11,18,20,16,14,18,14,10,18,10,20,20,10,11,11,13,10,20,10,15,11,19,15,11,17,12,16,14,16,20,15,12,19,17,14,16,19,12,13,14,18,16,10,18
16,10,15,18,16,19,19,14,12,20,16,19,16,18,14,11,20,15,14,20,19,11,10,19,13,12,12,17,17,14,19,20,10,11,17,17,14,11,10,12,10,12,12,16,16,19,19,17,18,18
14,11,19,19,15,14,13,10,20,13,20,18,11,19,14,18,12,11,17,18,16,18,19,17,10,14,10,15,11,15,17,16,12,11,14,12,13,20,19,16,17,12,16,20,15,11,19,15,15,13
18,15,11,12,18,18,19,10,15,15,11,15,15,16,13,12,12,10,13,20,12,11,10,12,18,16,20,19,15,16,18,16,16,20,18,15,11,12,19,15,13,12,12,16,11,11,16,18,12,13
20,20,10,17,20,17,17,17,14,18,19,13,15,13,16,14,12,16,16,15,12,18,15,19,16,20,13,20,16,13,17,20,11,11,13,19,17,10,19,15,11,18,13,11,13,10,16,11,12,17
20,15,12,16,13,15,15,18,19,10,13,14,17,19,17,14,10,13,17,16,20,14,16,12,12,12,14,16,14,17,11,20,17,18,16,17,18,12,15,13,14,12,20,20,16,14,20,17,14,11
10,18,18,10,18,10,20,17,14,13,15,15,20,12,11,11,14,20,12,19,20,12,20,20,11,15,16,15,20,15,17,15,12,19,20,14,19,14,19,10,20,18,18,15,15,12,17,20,12,10
13,15,17,17,11,13,16,13,10,16,10,16,11,13,16,14,10,11,16,14,20,19,10,13,10,19,16,15,10,18,13,20,20,20,19,14,17,13,12,12,14,10,16,16,16,19,19,12,11,15
11,13,14,19,20,12,18,13,13,11,14,11,13,19,13,15,17,15,20,13,12,20,19,11,18,14,16,18,14,19,15,13,20,16,19,20,14,20,16,16,11,19,16,20,18,12,10,20,14,13
20,17,13,16,11,10,14,11,13,15,14,11,17,14,17,12,19,18,17,15,19,15,19,11,17,16,17,11,18,19,15,18,17,18,11,16,12,20,15,10,17,10,16,16,17,10,10,20,10,17
10,13,11,12,15,14,20,17,13,14,17,10,12,11,16,10,16,12,12,18,11,16,16,12,16,18,11,14,12,12,18,16,10,15,14,20,11,13,11,19,14,16,17,11,19,10,15,19,14,12
13,15,14,11,14,20,12,13,14,15,12,10,20,17,15,15,20,19,10,12,18,20,15,16,17,20,12,16,17,14,19,20,12,17,11,15,16,13,12,13,19,16,16,20,13,11,11,10,14,18
13,19,17,12,11,17,19,13,20,20,19,13,18,15,16,10,15,13,19,16,18,12,20,19,12,16,19,18,18,13,15,20,18,12,17,15,10,18,13,12,20,14,10,18,17,14,14,11,14,15
11,11,17,20,13,16,13,15,12,20,10,19,15,18,20,18,15,20,20,15,12,11,10,17,20,15,17,15,11,19,19,10,10,18,11,19,18,20,12,11,10,12,14,13,18,10,12,16,14,18

The sequence dependent setup time of each job processed on machine 2.
(Where rows denote jobs: 1 to 50 and columns denote jobs: 0 to 50.For example:The value of Sijk is in row j,column i+1.)
17,11,13,12,10,11,16,18,11,14,16,19,19,11,13,15,17,14,16,17,13,19,13,15,10,13,12,17,14,16,17,11,19,13,10,17,14,16,18,15,20,19,10,16,17,14,19,16,19,18
15,15,17,18,19,17,11,16,17,18,16,18,19,10,19,15,12,12,13,17,10,18,16,18,16,11,16,14,14,13,17,18,16,20,19,18,18,18,17,20,16,16,14,12,20,20,20,14,16,11
20,15,17,12,19,19,17,13,13,18,10,17,14,20,18,15,13,16,11,11,11,10,16,10,20,18,13,15,15,16,13,15,13,20,16,12,15,11,10,17,20,17,12,14,19,16,15,12,14,10
14,15,14,20,13,10,16,16,14,10,16,12,20,18,20,19,13,15,16,14,14,16,19,10,11,14,11,11,15,11,13,14,20,14,17,16,15,20,14,14,19,12,10,19,15,17,15,10,17,13
13,10,13,16,19,14,18,18,18,11,18,14,15,16,18,18,16,10,20,10,14,12,20,12,12,18,20,20,15,17,15,13,12,10,10,17,14,17,12,14,18,14,13,17,11,15,13,17,10,18
11,10,18,19,16,19,13,15,19,14,20,15,15,18,19,19,11,11,17,20,13,15,11,14,18,16,19,11,18,12,17,16,13,12,12,11,13,13,19,12,11,11,15,11,18,19,15,16,13,15
10,19,19,14,11,12,11,17,13,13,12,13,12,17,16,12,12,13,17,18,19,10,14,12,20,12,12,12,17,16,14,19,11,11,18,14,11,10,19,16,12,17,17,13,10,17,16,17,18,14
18,12,18,16,16,10,19,15,16,10,19,18,15,13,11,20,20,14,15,17,18,14,11,17,14,19,14,19,14,14,18,11,17,20,18,16,17,10,20,18,17,10,12,14,17,18,10,12,13,16
12,18,15,12,15,14,11,13,13,20,11,16,15,18,15,12,11,18,19,19,18,10,13,18,17,14,12,16,13,10,19,12,16,17,12,19,19,15,13,11,19,16,15,10,11,16,11,17,16,20
20,12,19,11,16,10,18,14,20,10,10,11,12,16,20,14,12,19,15,12,12,20,17,11,16,18,16,20,14,14,12,13,13,11,17,16,18,12,12,11,14,11,16,20,11,10,17,11,18,16
17,18,15,12,14,14,14,20,18,20,15,17,16,20,16,11,13,20,13,19,17,12,13,20,10,15,15,15,20,12,14,10,13,18,18,19,14,10,10,14,13,11,19,13,13,12,17,10,15,14
11,20,19,12,14,19,17,14,18,11,10,10,18,20,16,11,11,11,14,10,19,18,17,17,10,15,18,19,13,18,20,18,20,13,14,15,15,14,14,14,17,14,13,17,16,13,17,10,17,18
16,11,20,12,15,15,18,17,13,13,17,19,17,19,17,15,20,13,13,13,16,15,12,16,13,17,17,17,19,13,17,12,19,10,18,14,18,12,13,12,18,10,14,19,13,15,17,10,15,12
11,14,18,13,16,19,17,13,11,18,19,11,10,12,20,14,15,15,12,20,17,15,19,11,11,17,17,12,20,10,11,13,15,18,17,19,14,19,16,10,10,10,14,13,20,13,20,13,15,17
12,12,13,17,10,19,16,12,11,16,20,11,20,19,20,10,12,13,11,20,13,15,15,19,20,17,12,14,16,20,20,17,20,14,14,19,19,18,10,12,10,20,10,20,16,20,11,15,11,13
19,10,12,12,20,13,15,10,14,10,15,16,14,15,17,12,15,17,18,13,18,13,15,18,17,14,14,13,20,16,14,15,10,14,11,18,14,11,14,20,14,10,16,13,15,16,17,18,17,14
14,13,14,10,12,16,19,12,15,15,11,12,14,20,18,11,19,20,11,15,11,15,11,18,18,15,14,10,12,11,13,20,17,17,11,19,14,20,16,20,10,14,10,16,15,11,12,12,17,19
14,10,12,16,16,19,20,11,12,16,12,16,18,19,14,12,16,14,19,16,10,20,20,13,10,18,20,14,11,19,20,16,10,11,14,12,13,13,14,15,13,18,14,15,15,17,14,14,18,12
13,11,16,15,12,20,14,15,11,14,14,17,10,16,13,10,19,10,13,18,15,11,13,13,10,14,19,12,18,13,13,15,10,13,11,10,17,19,15,17,12,14,10,19,11,10,13,16,14,13
18,14,16,15,19,14,16,10,11,12,18,18,20,14,10,16,10,14,17,12,13,11,19,12,19,16,11,14,14,10,14,18,12,17,16,14,12,11,10,11,13,11,19,12,14,10,14,14,17,11
14,19,19,20,13,19,12,18,13,12,11,13,18,10,15,13,16,19,11,16,14,17,17,11,10,17,17,19,19,17,18,10,12,17,19,14,14,18,11,14,18,15,12,17,14,17,10,12,16,16
18,18,11,18,10,15,20,20,12,13,16,12,15,10,16,17,19,18,17,15,17,12,19,11,19,13,10,15,15,16,15,12,16,11,10,14,17,18,13,18,15,13,20,13,17,17,11,20,20,17
11,18,19,10,20,13,14,11,12,18,17,12,20,12,10,19,10,10,10,13,10,14,10,13,18,13,11,13,16,11,15,16,18,11,18,12,13,10,18,20,15,12,11,15,12,16,12,20,10,11
15,15,19,13,10,14,13,17,20,19,18,16,20,20,13,13,16,19,15,12,20,12,20,20,17,13,20,14,16,12,14,20,19,15,11,20,10,10,16,20,20,15,20,10,10,17,10,16,16,12
18,11,15,10,20,10,14,12,18,15,15,12,20,13,10,19,10,15,11,13,11,13,20,18,17,20,17,20,11,15,16,12,19,20,16,15,18,19,16,17,10,12,13,19,18,19,17,11,15,17
12,10,13,15,12,20,11,15,14,18,19,11,11,16,12,18,18,20,17,10,11,10,16,12,10,12,10,20,14,10,13,16,10,11,20,12,19,20,16,13,14,14,11,13,17,18,12,19,13,12
15,13,20,20,19,20,14,11,15,14,13,19,10,13,17,10,15,20,15,20,10,10,15,18,14,13,11,12,13,19,12,15,12,11,14,10,11,18,18,11,10,11,12,18,17,17,10,15,14,17
15,11,16,13,12,11,19,13,20,14,10,10,19,14,20,10,10,20,11,19,15,18,18,18,11,12,10,15,11,13,14,13,13,16,11,16,19,17,16,14,10,13,16,16,16,16,18,19,10,18
10,14,15,10,14,15,16,13,18,17,10,18,13,17,10,13,19,10,11,14,11,12,20,11,17,17,14,18,12,10,19,15,12,17,18,17,14,18,10,13,11,11,15,13,12,18,16,18,15,15
18,20,19,14,17,11,11,14,20,18,18,16,19,16,13,15,11,14,10,16,16,11,19,17,20,18,16,20,18,19,13,20,18,11,13,17,10,19,20,17,19,15,10,14,16,19,11,10,16,10
11,14,12,13,20,15,11,15,15,15,18,15,19,14,11,12,10,18,12,11,13,11,19,16,16,20,11,17,10,11,11,20,17,18,20,12,17,10,20,17,18,14,17,11,11,10,19,20,18,11
13,19,15,17,16,13,13,13,12,18,12,10,20,15,10,18,16,16,17,18,17,18,20,11,20,10,12,15,14,19,11,17,14,19,13,16,14,10,17,20,10,12,20,13,17,15,15,15,17,10
16,13,19,19,14,10,18,13,17,17,19,10,10,19,19,11,12,12,17,11,17,20,14,20,17,18,19,11,16,11,17,10,16,13,20,19,17,10,12,14,13,19,17,12,15,11,20,17,20,13
17,14,10,19,13,10,19,11,19,15,14,13,12,15,10,20,16,19,14,19,20,10,10,13,20,19,19,18,15,17,14,17,12,12,12,14,11,18,20,12,10,19,20,19,11,17,19,10,17,11
20,18,18,20,13,18,12,17,13,17,17,16,16,18,14,15,18,15,15,19,20,20,17,16,17,10,16,14,14,10,11,11,20,13,18,11,14,14,16,20,17,10,17,10,18,12,16,13,17,15
19,10,12,20,10,13,19,19,13,18,18,16,11,18,13,18,10,10,17,15,15,16,13,15,14,10,18,19,18,13,17,20,17,11,11,14,13,18,10,10,16,10,13,19,11,13,20,11,19,12
15,16,17,18,19,17,18,18,15,11,17,13,10,17,12,10,11,17,10,11,10,19,14,10,15,20,12,15,17,19,13,11,13,20,20,18,19,16,15,16,16,12,14,13,18,10,20,17,11,16
12,13,10,19,18,19,16,18,20,17,11,16,13,10,16,20,13,17,10,10,13,12,10,14,14,12,16,12,17,13,20,10,20,10,13,14,15,18,15,10,18,10,17,14,17,14,11,16,13,16
15,18,15,17,15,17,20,10,20,16,16,11,16,18,19,11,15,12,20,10,20,10,12,10,17,19,17,20,11,19,11,12,12,10,20,10,16,16,17,18,14,18,10,11,10,13,19,13,15,19
14,17,11,20,12,12,10,16,10,14,11,19,13,17,11,14,11,18,16,10,20,16,13,14,14,14,10,15,13,19,11,13,20,20,14,15,12,19,10,16,13,14,12,20,10,17,15,15,19,10
20,20,11,15,18,15,15,19,13,13,12,15,10,13,10,11,14,14,20,14,17,14,16,18,10,16,19,12,10,19,12,14,12,18,16,18,12,13,15,13,14,19,10,16,19,15,13,19,16,17
19,16,13,20,20,18,11,18,18,18,13,17,12,17,15,10,20,11,20,13,11,10,16,15,12,19,16,17,20,15,19,20,17,10,20,14,11,11,11,11,18,14,14,20,16,17,16,11,19,10
19,14,20,11,15,12,17,15,15,20,18,16,17,14,12,12,10,20,19,13,15,15,20,11,11,16,13,17,12,10,11,18,19,10,17,10,16,10,12,14,19,18,16,11,16,12,16,14,16,14
15,10,19,13,17,12,12,10,18,20,14,14,12,20,12,10,16,15,16,18,12,17,20,13,16,12,18,11,10,19,12,19,20,16,18,16,20,11,10,11,20,19,14,13,12,17,19,15,13,14
14,19,16,14,19,18,12,12,20,20,20,10,13,17,14,19,18,13,13,14,10,12,19,16,15,17,18,20,14,12,17,12,20,19,14,10,16,15,18,15,16,16,19,16,11,20,20,11,12,19
19,15,11,14,12,15,18,19,11,15,17,12,10,16,15,11,17,17,12,20,10,18,15,12,18,14,10,17,15,19,11,20,14,16,11,16,20,14,12,12,14,12,16,11,14,18,10,16,16,11
11,11,14,18,17,20,12,18,14,15,10,17,14,18,14,13,13,13,13,20,19,16,20,15,15,15,19,17,15,17,20,20,19,17,18,15,18,20,16,13,20,20,15,17,19,10,10,17,15,13
14,17,16,12,12,15,10,15,13,16,11,16,13,20,12,18,12,13,10,13,13,20,14,19,14,10,16,18,18,19,11,13,20,14,14,11,11,13,18,11,14,18,14,13,17,14,10,17,20,18
19,12,16,11,14,11,20,16,17,20,20,19,11,15,17,16,20,13,17,16,19,14,12,19,19,12,11,19,11,15,16,18,10,10,12,15,17,10,11,18,18,19,15,14,16,10,10,17,10,13
18,11,11,10,16,11,14,11,17,11,11,17,17,15,19,15,11,10,10,15,13,14,14,11,18,19,15,16,15,12,19,14,20,20,17,11,19,16,19,12,19,20,15,20,16,19,18,11,11,20
18,11,10,13,10,18,10,15,16,12,11,10,19,14,15,20,18,18,15,18,18,20,18,14,14,19,20,20,10,19,14,12,18,15,16,17,12,20,19,15,20,16,14,13,10,13,10,14,17,16

The sequence dependent setup time of each job processed on machine 3.
(Where rows denote jobs: 1 to 50 and columns denote jobs: 0 to 50.For example:The value of Sijk is in row j,column i+1.)
18,11,11,10,14,16,19,18,17,14,18,18,19,18,17,14,15,10,14,11,18,10,17,15,19,18,12,15,17,15,16,17,13,19,17,20,10,20,14,18,10,14,12,20,19,18,20,18,10,10
14,16,20,10,16,20,15,13,17,12,20,13,13,11,17,12,18,17,16,16,12,19,15,19,16,10,15,16,10,17,15,15,20,12,17,20,13,11,11,20,19,15,10,15,18,16,12,17,18,19
19,20,17,17,14,12,13,19,15,15,17,15,16,10,19,11,20,18,17,15,19,14,16,19,16,20,19,13,13,13,16,18,18,19,18,15,16,14,18,14,13,15,19,16,16,11,15,14,16,12
16,20,17,10,10,11,11,13,14,19,19,10,16,17,18,13,15,17,13,10,14,15,17,10,20,15,19,20,14,10,12,11,15,15,18,10,17,20,11,12,19,20,12,20,14,17,17,20,10,11
17,12,18,15,18,13,16,18,15,13,15,13,20,13,20,11,16,20,12,12,13,11,17,10,10,13,12,12,11,13,11,11,15,18,11,14,17,17,13,17,10,11,17,11,18,13,13,14,11,16
12,13,20,17,10,18,16,20,20,10,16,15,13,11,14,20,12,13,19,13,18,10,19,19,12,15,19,12,10,16,10,17,11,10,14,17,18,16,15,19,12,11,14,16,16,13,18,15,11,19
13,19,16,17,17,20,19,19,12,19,13,14,14,12,10,18,11,20,11,14,10,14,11,11,17,16,11,20,13,11,12,17,18,13,20,13,19,17,20,15,19,10,20,13,12,15,19,13,19,18
17,15,16,13,16,18,13,11,17,10,17,18,20,11,17,16,17,12,17,19,17,17,10,11,19,17,16,12,10,20,20,20,20,14,14,20,11,20,19,15,14,15,15,11,15,16,20,19,20,16
20,16,16,15,11,14,20,19,20,15,11,15,11,19,11,20,15,14,19,14,19,11,19,18,14,13,20,11,18,15,13,16,10,17,18,16,16,20,12,11,16,10,14,13,14,14,19,19,16,18
20,20,16,10,17,19,20,20,15,16,12,10,14,11,18,13,12,14,14,14,20,12,17,13,13,14,14,20,10,17,14,15,12,11,15,20,10,14,14,15,12,12,13,12,13,17,19,10,16,13
11,15,16,20,18,20,19,15,18,11,13,10,11,16,20,16,12,12,13,12,13,17,18,15,11,17,18,13,16,18,20,17,13,19,14,10,17,13,19,12,14,13,12,20,10,11,17,15,11,12
13,18,19,11,17,13,16,20,14,14,19,10,20,19,16,19,18,15,17,13,18,10,16,11,10,10,19,13,19,10,17,20,10,19,19,16,16,16,12,13,10,12,16,16,16,20,10,19,18,10
10,20,12,16,17,18,13,11,16,13,17,19,14,10,20,13,10,19,20,10,12,18,17,10,19,10,11,19,11,18,16,16,12,12,16,18,14,19,16,12,15,15,17,10,17,16,16,13,12,13
12,11,18,20,14,12,14,14,13,13,11,17,16,12,17,10,13,15,20,13,20,12,14,16,19,10,10,16,18,13,19,18,10,16,17,14,17,11,11,17,20,16,11,19,12,14,10,15,16,11
19,13,18,20,18,16,13,18,15,14,18,18,10,16,16,17,10,13,16,20,11,11,17,11,16,19,19,15,18,13,10,12,11,17,20,20,13,14,14,16,15,16,10,20,10,18,15,15,10,20
13,15,16,19,11,20,13,17,12,10,10,20,10,14,14,17,14,14,20,16,20,13,17,13,14,17,14,10,12,12,13,13,17,10,16,13,13,18,14,11,12,17,17,10,13,18,19,13,18,20
12,14,17,12,19,11,12,14,17,10,11,13,13,18,16,19,19,19,13,14,16,20,11,11,16,16,20,12,12,15,16,14,12,15,18,12,14,14,13,18,13,16,18,14,18,18,14,13,12,12
16,16,12,11,19,20,20,11,10,18,15,12,18,12,20,10,18,13,17,15,12,20,10,10,19,15,20,20,16,15,14,13,11,20,19,14,11,11,16,13,16,14,11,19,14,11,10,14,18,18
14,18,16,13,16,19,18,20,19,18,18,13,15,10,13,18,15,20,12,18,17,17,11,16,14,16,13,12,20,16,19,14,10,17,19,11,15,14,12,14,15,16,14,15,16,10,16,20,16,13
20,13,10,17,20,16,15,15,12,14,11,11,15,10,16,17,17,18,15,14,19,19,16,15,16,10,12,20,10,17,16,14,12,11,13,15,14,13,10,12,11,15,11,15,19,11,17,16,18,11
16,16,18,17,19,12,16,16,13,13,11,13,12,14,14,11,20,12,19,13,14,13,19,19,13,18,19,10,18,10,17,12,16,17,10,12,11,10,18,18,12,16,12,16,19,12,19,16,20,15
14,12,10,20,17,11,18,10,10,16,13,19,11,16,17,12,15,20,16,17,15,14,16,18,17,17,15,17,17,13,13,16,16,16,14,20,11,19,12,15,16,15,13,18,16,20,12,10,18,14
20,17,20,13,16,13,16,20,15,12,11,20,13,20,14,18,14,15,18,10,19,12,19,15,17,17,12,19,11,18,20,18,13,16,17,17,15,20,12,18,11,16,16,13,10,12,12,18,11,11
20,20,19,13,13,11,14,13,17,12,13,16,13,16,14,15,17,12,10,13,20,12,17,13,19,14,18,15,20,12,18,13,18,20,18,18,20,13,18,13,15,12,19,20,19,12,15,19,15,17
13,16,12,15,13,15,20,17,15,18,11,14,18,11,13,14,20,11,19,19,19,13,13,11,16,16,16,12,16,11,10,12,12,12,11,17,20,20,18,16,20,12,15,20,15,20,19,14,15,16
14,20,15,19,15,14,10,11,17,17,17,15,18,18,13,10,16,17,19,20,12,12,16,14,11,15,12,16,10,18,20,12,12,19,14,17,18,11,15,11,16,16,15,11,19,13,13,14,10,20
11,12,18,16,15,17,12,10,14,16,19,18,13,15,14,16,20,18,18,20,18,17,16,18,15,17,20,16,18,14,11,10,17,19,19,16,14,10,17,12,10,11,19,12,14,18,17,18,14,18
12,10,10,15,15,12,11,18,19,10,14,15,13,18,13,16,16,18,17,11,10,18,16,17,10,18,16,18,10,11,12,12,13,11,18,18,10,16,17,18,15,19,14,17,12,10,20,15,16,13
20,17,19,18,19,16,13,10,20,17,16,15,18,17,11,20,12,11,16,17,13,13,15,15,11,15,17,14,16,14,13,14,19,18,10,15,11,19,20,12,13,19,15,12,14,20,13,18,16,14
15,18,13,15,16,17,17,11,19,16,12,14,15,11,20,18,17,15,10,13,12,14,12,13,16,12,15,18,14,13,18,10,15,20,20,15,15,13,13,19,13,11,16,14,15,19,18,16,12,19
15,17,14,16,12,19,19,16,19,15,10,11,20,15,10,11,13,10,20,12,13,16,20,17,13,20,15,13,18,13,18,13,11,11,11,20,20,15,17,12,12,13,18,13,19,14,12,11,19,20
17,15,17,18,10,17,13,10,18,14,18,13,20,16,17,17,19,17,12,20,10,12,20,20,18,13,15,18,19,12,16,18,19,17,14,16,10,13,17,17,10,12,17,15,14,12,19,18,11,19
13,20,10,16,17,13,19,13,11,19,10,13,14,19,18,17,16,15,15,17,19,13,17,10,11,16,15,12,13,16,12,17,16,11,14,20,17,16,16,11,18,18,18,13,15,19,17,18,14,11
11,20,11,18,14,10,15,18,20,15,15,13,13,20,18,19,17,18,13,11,15,10,12,16,18,15,17,10,10,11,20,10,15,17,15,14,16,13,19,14,12,15,18,15,14,19,16,10,18,18
10,14,19,15,10,10,17,17,15,11,10,16,11,20,19,14,14,14,19,16,14,16,19,19,11,19,15,20,11,20,20,12,12,16,17,14,16,13,12,15,14,12,11,19,16,16,18,12,17,18
13,13,11,16,17,17,16,15,15,19,10,19,10,18,17,18,18,14,20,16,14,16,17,11,10,12,17,10,20,13,18,15,10,20,12,19,16,20,14,17,13,10,10,16,15,17,12,19,17,19
13,15,15,14,10,14,16,12,10,15,17,20,20,11,19,20,17,19,13,13,10,16,18,12,10,13,18,19,17,17,15,10,10,18,18,10,18,15,16,16,13,12,11,15,19,10,17,18,20,18
10,10,10,13,11,15,20,14,12,10,17,11,17,18,10,12,13,16,19,12,19,10,11,19,14,15,15,17,11,15,18,19,19,19,11,16,14,18,20,10,15,12,20,18,18,11,11,18,18,17
11,19,15,14,13,19,18,11,19,14,15,15,17,18,19,16,13,19,14,12,18,12,14,16,18,12,13,11,11,15,18,16,20,12,16,16,16,17,11,14,13,19,17,13,20,18,15,11,16,16
14,20,14,12,14,12,16,15,18,12,10,11,15,15,12,17,17,19,17,11,20,13,10,18,14,15,12,12,11,18,10,17,12,20,18,15,18,16,16,13,18,20,20,10,15,10,15,13,17,17
18,14,19,12,16,11,10,14,18,16,12,10,18,10,18,20,10,14,20,16,12,12,18,12,18,13,15,18,15,18,11,16,20,14,18,20,11,14,19,18,18,18,18,17,20,12,10,19,12,13
20,20,12,13,16,18,18,18,11,11,16,19,18,10,19,19,10,20,10,13,20,13,20,17,19,19,19,17,12,20,17,12,19,16,10,11,19,11,17,19,18,15,10,11,12,18,10,20,10,15
18,20,11,19,20,11,20,20,10,14,20,16,15,10,19,10,17,15,19,16,20,15,12,20,20,11,10,15,10,17,12,15,15,11,11,14,11,15,17,11,13,15,16,10,19,15,13,17,18,17
14,15,15,10,13,15,10,16,13,10,20,12,17,16,14,13,14,11,15,17,18,14,15,17,16,18,11,15,13,17,10,19,20,16,16,17,16,19,15,20,10,16,14,14,15,15,10,16,18,20
12,10,19,15,13,20,14,19,16,20,20,17,13,13,15,20,16,16,16,18,13,13,11,12,16,14,16,18,16,10,11,18,15,20,19,13,18,16,20,14,10,15,16,19,13,11,17,14,11,17
19,12,12,15,13,18,10,11,14,13,18,20,13,10,18,10,18,12,19,11,19,12,18,18,11,15,11,19,16,17,13,12,18,17,13,14,19,16,18,16,18,18,18,19,17,16,14,10,19,16
14,15,18,18,17,18,12,15,19,20,19,15,15,20,14,14,20,18,16,19,16,10,17,15,14,15,11,16,17,11,20,18,16,16,19,16,20,15,16,19,15,12,16,19,19,20,14,12,19,10
15,17,13,17,19,11,16,20,17,18,10,18,11,18,20,15,10,14,17,13,18,15,14,17,11,10,19,17,11,20,15,18,11,19,17,17,13,17,10,19,20,19,10,17,18,12,19,19,14,14
15,17,19,18,17,17,17,17,10,17,14,13,20,18,14,14,13,14,19,10,12,16,15,15,10,18,16,16,11,18,13,18,10,13,11,11,19,19,15,12,13,11,14,19,11,15,16,14,13,11
19,20,18,10,16,11,20,15,10,14,19,13,12,13,18,13,19,16,13,13,12,15,19,18,20,12,11,19,19,15,17,19,10,17,17,17,14,12,19,20,13,19,20,15,20,11,19,15,14,19
20,13,15,12,11,20,14,11,20,15,13,12,17,13,19,18,15,20,16,10,15,13,16,11,20,13,19,14,16,10,10,17,13,13,12,17,15,14,19,12,10,11,20,18,12,14,18,10,17,17

The sequence dependent setup time of each job processed on machine 4.
(Where rows denote jobs: 1 to 50 and columns denote jobs: 0 to 50.For example:The value of Sijk is in row j,column i+1.)
18,13,13,15,10,12,16,19,18,19,13,19,10,18,12,13,19,15,12,13,20,11,17,11,19,13,18,17,13,13,14,18,19,17,17,11,11,13,20,18,15,10,17,14,20,19,20,12,12,19
14,12,18,13,17,10,18,19,13,17,15,11,16,11,16,14,10,19,14,17,10,16,10,16,12,18,16,14,18,20,20,15,16,11,16,13,18,15,14,12,17,15,18,12,17,12,12,20,19,17
20,18,18,19,16,11,17,14,20,17,11,11,17,16,11,17,13,17,15,17,20,19,10,13,12,13,18,15,10,14,17,16,15,10,11,15,17,17,13,20,14,10,13,19,13,12,15,16,13,18
17,12,17,11,14,13,18,19,10,20,12,12,13,17,14,11,17,16,14,19,11,17,19,12,13,14,15,18,18,12,14,14,20,10,15,11,18,18,19,17,11,12,16,20,11,18,11,10,19,13
10,20,13,10,20,13,20,12,12,14,12,19,12,20,19,20,18,15,12,20,18,15,17,16,12,15,11,16,16,12,16,10,20,18,16,13,17,17,15,20,10,19,14,19,18,19,14,12,13,10
13,14,10,11,13,17,16,16,19,15,18,10,19,20,18,18,19,12,10,11,11,14,19,18,10,19,12,14,18,12,11,17,15,12,15,15,18,16,17,11,14,12,12,16,17,14,13,20,17,16
10,16,17,13,14,14,20,15,12,10,17,15,13,10,14,16,20,18,20,16,17,16,12,10,13,14,13,11,12,17,12,14,20,19,18,12,20,17,11,15,11,20,18,19,15,11,20,19,14,19
17,19,19,16,14,11,14,14,13,13,19,20,17,19,13,17,13,18,11,17,11,11,14,18,12,11,15,11,15,18,10,17,11,17,17,14,12,20,16,14,11,17,19,11,12,13,13,12,17,17
12,18,16,13,15,13,16,14,11,19,19,12,11,15,11,10,16,15,20,18,10,13,11,15,16,14,18,10,10,10,11,20,18,15,10,11,14,14,10,20,18,13,10,19,18,15,19,19,20,19
17,20,18,17,16,18,11,17,14,20,18,14,12,11,13,17,13,18,17,18,15,11,11,16,18,11,20,20,10,15,18,14,14,15,19,12,17,16,13,12,13,11,14,18,12,19,19,18,15,14
13,19,12,16,17,15,20,17,10,18,19,17,14,18,15,14,16,18,19,11,18,15,17,13,12,19,13,14,12,13,13,17,17,14,10,10,16,13,12,12,13,16,15,18,13,13,18,10,16,19
13,14,14,17,16,18,15,16,17,12,20,14,18,13,16,19,11,17,19,19,16,20,17,12,12,20,16,16,20,12,18,20,11,11,16,10,19,18,15,16,10,19,14,11,10,11,11,18,17,17
18,18,18,10,12,19,12,11,13,12,17,14,11,10,13,14,13,10,15,13,15,14,19,15,15,10,13,11,19,12,15,16,13,10,20,20,11,10,10,13,11,17,13,17,17,11,13,20,10,16
16,16,13,20,14,19,20,19,10,13,13,16,13,13,15,11,16,12,18,12,10,15,11,19,10,15,10,13,14,16,17,14,16,12,14,12,10,18,11,20,11,14,11,17,10,11,14,12,16,13
15,15,17,12,20,10,11,11,19,18,11,11,12,10,19,16,16,16,17,11,10,14,19,13,19,19,14,14,10,14,16,10,13,17,20,19,12,13,18,19,14,14,17,13,18,14,18,18,20,10
16,15,15,18,20,16,15,20,16,14,19,11,18,10,19,12,18,20,16,18,13,16,14,20,15,19,11,18,13,18,11,18,11,11,20,11,12,15,13,18,16,10,18,16,14,12,14,15,20,14
13,14,19,11,10,20,14,20,10,20,12,13,20,11,20,19,16,10,18,19,20,17,10,16,17,15,17,19,13,16,10,18,17,17,15,12,17,19,15,17,12,17,20,12,19,14,16,12,19,13
17,15,14,20,12,17,10,14,12,16,19,20,15,13,20,20,13,13,10,15,12,10,10,17,13,16,11,11,12,11,20,13,18,19,12,19,15,10,18,14,17,13,19,16,12,20,19,20,14,15
10,14,18,19,12,13,14,11,16,13,18,15,18,14,11,10,10,15,19,16,18,11,17,19,10,20,15,17,11,12,20,19,10,14,11,18,15,15,17,20,19,11,17,16,14,10,17,17,14,18
12,13,12,11,11,16,15,12,17,19,20,13,10,19,11,20,17,19,20,14,14,11,16,14,18,19,17,14,17,19,11,19,15,12,14,15,20,10,17,12,17,12,18,15,18,13,14,11,14,13
12,16,11,18,16,18,13,20,17,20,19,12,16,13,10,15,15,17,15,19,12,17,11,11,20,10,11,20,15,15,19,19,12,11,17,15,18,12,16,17,12,18,20,18,12,16,20,15,20,16
16,12,10,16,19,10,16,17,17,18,14,19,15,14,18,20,20,16,14,18,18,10,20,14,12,16,16,12,12,11,11,12,15,10,17,18,11,16,13,14,14,14,17,11,20,18,20,17,10,17
15,15,13,12,17,13,13,20,16,10,18,18,20,10,13,15,16,11,12,19,12,19,20,20,14,18,17,15,13,11,16,14,11,12,19,18,17,13,13,18,16,18,16,18,13,12,12,10,17,13
18,15,18,15,17,10,14,14,17,13,16,15,15,18,15,15,12,16,11,20,16,12,19,19,13,20,19,19,16,13,11,13,18,12,20,13,12,17,15,15,12,11,16,12,12,16,10,17,16,13
18,16,17,17,20,14,14,13,12,11,11,15,12,10,12,12,19,20,18,17,13,19,17,13,18,13,20,12,11,12,19,10,15,10,20,12,20,20,13,18,19,12,13,13,13,17,11,16,18,18
15,10,17,13,17,12,20,20,16,17,15,18,16,11,11,18,20,10,11,13,12,16,13,13,14,13,19,11,13,15,19,18,15,20,16,10,19,12,11,16,20,17,16,16,13,14,18,18,16,12
18,17,15,13,11,13,12,12,19,20,15,20,13,12,12,11,14,14,14,12,11,15,10,11,18,20,14,13,17,19,14,19,20,17,14,17,18,16,20,11,18,12,18,10,12,11,20,19,19,20
14,13,12,20,20,10,10,14,19,15,11,16,14,11,13,15,14,17,15,16,20,12,10,14,15,11,17,12,10,18,15,10,13,13,17,10,19,10,14,13,16,17,17,12,18,12,11,20,16,18
11,13,11,16,13,11,10,12,20,17,13,15,11,10,16,14,10,10,14,15,20,11,12,14,16,12,14,19,20,19,19,14,15,16,13,18,19,11,20,12,12,14,11,15,11,17,18,20,11,20
13,20,11,16,18,11,12,10,11,19,11,16,19,16,19,10,15,18,14,18,17,10,16,15,18,11,14,16,14,14,15,11,10,20,16,16,16,20,18,15,12,17,14,17,16,10,15,14,14,12
15,10,19,10,17,18,13,12,18,15,11,14,16,19,14,11,19,13,16,16,15,11,14,15,14,12,19,18,13,15,17,20,14,10,14,18,10,10,15,10,13,20,18,17,10,17,11,18,16,20
13,12,17,15,10,18,11,16,10,15,15,13,10,18,15,20,15,20,20,16,20,19,12,14,18,16,19,16,10,10,12,16,14,10,12,16,17,15,12,15,16,10,19,17,15,14,20,14,10,20
18,16,16,16,18,20,20,13,17,13,19,11,19,19,14,17,14,12,10,16,13,16,20,10,10,14,12,10,12,11,20,16,10,13,16,20,19,15,20,10,12,20,12,20,20,19,11,11,17,14
12,10,17,12,12,18,11,14,12,16,18,13,19,20,10,18,16,14,12,20,11,15,15,12,15,20,10,19,15,19,20,19,16,12,16,10,12,20,12,20,18,20,13,15,14,12,12,16,15,19
16,15,12,20,10,18,14,16,19,16,14,10,14,13,16,15,14,13,15,20,11,13,10,18,11,19,11,18,18,11,12,15,17,18,19,10,20,20,10,15,14,12,10,14,10,19,14,10,13,12
12,12,13,16,18,16,15,18,14,14,10,10,18,14,12,13,12,10,16,19,11,14,11,15,17,19,12,13,10,12,12,19,18,11,18,15,11,12,14,16,14,14,15,20,19,15,10,12,12,13
13,14,11,14,16,17,13,19,13,19,17,11,17,16,18,12,14,20,16,10,19,13,19,15,12,13,14,18,10,19,14,12,15,20,12,17,19,14,20,19,12,13,13,20,15,10,15,11,17,16
18,18,10,15,15,20,16,11,16,19,13,12,10,11,15,15,20,18,15,10,11,13,14,20,19,20,17,16,17,14,16,18,20,12,11,14,16,16,11,18,18,16,14,15,14,13,12,14,19,20
10,18,18,17,19,12,11,17,15,14,10,14,15,17,12,19,18,15,19,11,20,18,18,17,13,18,15,11,19,19,16,12,11,11,15,16,17,20,13,20,13,13,16,15,19,13,19,12,16,10
10,15,18,15,18,20,12,19,12,13,13,12,20,10,10,19,17,11,10,16,10,19,12,12,18,16,19,19,17,18,16,18,12,15,11,18,19,10,10,15,13,17,20,14,10,20,10,17,12,15
11,20,14,19,16,18,12,10,16,13,10,10,12,11,17,12,15,14,10,18,13,16,13,13,19,11,14,10,19,19,13,10,15,10,17,15,11,13,18,20,19,12,10,14,18,20,19,12,20,10
12,14,13,15,13,17,15,13,18,12,19,19,15,18,10,20,11,18,11,17,20,10,11,20,16,13,19,15,15,13,20,12,18,16,19,18,11,17,14,18,20,16,14,20,18,19,20,17,16,13
10,18,17,15,20,19,16,20,10,11,20,18,11,14,14,13,20,18,20,19,16,19,19,15,16,11,19,20,12,13,12,17,19,11,17,13,14,15,13,14,13,16,11,14,10,16,18,18,13,20
18,11,11,11,11,12,15,12,15,10,17,17,20,12,11,12,18,16,10,13,18,10,17,18,18,15,16,16,14,18,15,13,14,17,19,16,13,16,16,16,20,12,18,13,10,19,12,13,17,11
12,16,16,15,15,13,19,11,10,11,18,16,18,13,17,10,17,14,12,17,13,13,11,19,14,20,15,10,11,15,15,11,19,11,15,19,10,18,11,17,12,11,19,11,17,18,10,12,20,20
17,17,10,11,17,17,15,14,14,13,15,12,16,15,12,11,10,20,15,17,18,12,17,20,16,20,18,11,11,17,14,19,14,16,13,16,11,19,17,16,15,17,19,14,15,17,13,12,19,14
11,10,14,10,19,15,12,14,17,20,11,20,19,16,11,18,17,18,10,16,19,10,19,19,15,11,14,16,10,20,12,19,18,12,15,10,12,16,10,17,11,13,17,16,18,14,20,19,16,20
13,12,10,14,15,14,19,11,16,16,12,17,19,16,15,14,19,17,17,20,13,15,10,11,15,16,10,17,16,10,15,15,14,12,14,11,16,13,12,19,16,14,11,20,10,19,20,13,10,13
17,13,13,14,17,20,19,20,10,18,12,12,15,13,12,18,15,16,13,14,16,15,15,18,11,15,19,10,10,19,18,20,14,10,13,20,14,13,20,20,19,20,19,10,12,10,19,11,17,14
16,17,18,12,18,11,16,18,16,12,18,19,11,14,12,20,18,18,16,13,11,17,14,17,12,18,20,18,19,11,16,19,11,19,11,18,18,11,16,14,12,10,14,10,16,12,11,12,18,11
10,17,20,16,10,15,11,19,16,17,11,19,19,19,20,13,17,13,20,12,17,20,12,16,10,11,15,13,11,16,19,16,20,12,10,18,12,10,15,20,11,20,10,19,14,16,14,19,12,17

The sequence dependent setup time of each job processed on machine 5.
(Where rows denote jobs: 1 to 50 and columns denote jobs: 0 to 50.For example:The value of Sijk is in row j,column i+1.)
10,14,18,10,15,10,17,18,15,19,11,10,13,20,20,14,16,17,15,14,11,18,13,17,11,15,12,11,15,15,10,11,14,15,17,20,13,13,18,19,13,16,17,19,18,14,19,18,15,11
12,13,10,12,11,16,19,14,11,13,15,20,15,10,16,12,19,11,12,19,10,10,11,13,10,18,19,19,10,17,18,12,11,11,10,17,17,12,11,19,11,17,15,15,16,17,11,12,18,19
18,14,12,17,10,18,20,10,10,18,15,20,10,14,15,20,11,11,19,12,18,19,19,14,11,12,17,13,18,20,15,11,17,10,19,18,12,12,11,15,18,10,20,15,10,16,15,18,10,15
20,19,15,18,10,14,16,14,18,13,14,19,19,17,16,14,17,19,14,10,19,18,20,15,11,19,17,12,15,15,18,10,10,11,20,20,14,18,17,13,19,12,13,17,11,11,12,18,13,20
11,19,20,12,16,20,12,15,17,17,16,20,10,17,19,19,10,13,18,11,15,10,18,16,13,13,20,13,10,12,17,14,12,17,13,19,11,13,10,15,20,10,16,17,14,15,11,20,14,14
20,13,20,20,19,14,13,18,12,19,17,13,17,20,17,13,13,16,18,19,19,10,15,15,16,18,16,14,10,17,14,14,15,13,15,14,16,12,17,11,18,19,10,18,12,16,17,14,10,14
15,15,13,11,19,11,11,15,11,13,15,15,18,13,16,16,19,19,16,14,20,13,13,17,10,10,19,15,11,16,17,18,15,19,16,18,20,11,18,10,14,10,15,12,19,14,10,20,16,19
19,11,18,17,16,17,14,20,11,18,11,14,19,11,10,18,19,14,18,11,20,14,15,19,12,12,20,20,10,20,11,16,15,20,12,17,12,10,14,14,13,11,13,12,12,19,11,17,12,15
20,17,18,19,20,15,17,18,15,19,14,14,13,17,20,20,15,15,14,11,18,11,19,10,20,17,20,16,18,16,13,12,16,19,17,17,11,20,16,18,10,12,15,10,15,15,19,11,17,15
14,11,18,17,19,14,18,14,16,16,10,14,13,16,17,18,10,18,18,17,12,12,13,11,14,11,18,10,17,19,13,17,10,18,12,16,17,11,11,17,10,11,17,13,10,15,11,15,10,16
19,14,15,16,11,13,15,13,11,10,15,14,19,15,11,12,19,12,16,20,16,13,12,12,15,11,12,11,15,14,19,14,16,18,13,18,20,14,19,10,13,20,10,15,13,20,19,10,14,13
11,13,12,20,14,12,10,15,18,18,13,20,15,12,18,18,19,11,17,16,15,12,19,15,18,17,18,18,19,14,14,13,13,18,20,10,18,18,20,11,17,10,13,10,14,15,20,11,18,20
17,14,11,16,14,19,11,14,17,12,17,12,18,11,20,17,13,14,20,13,18,19,12,14,20,11,18,10,11,13,12,16,10,19,16,18,16,11,14,18,14,18,12,12,20,14,11,17,10,13
18,14,10,12,17,15,17,16,20,20,17,17,16,16,20,11,11,12,12,16,20,13,14,20,13,19,13,10,17,10,12,18,19,18,15,19,14,16,17,20,17,12,10,12,10,18,19,17,11,20
17,11,19,15,13,16,10,17,16,18,13,12,15,12,11,18,18,15,20,12,13,13,15,18,16,10,15,20,19,20,10,14,10,20,16,12,10,11,20,12,12,16,14,17,20,11,16,12,19,20
16,20,17,19,19,13,18,16,16,19,12,12,19,20,14,20,12,16,11,12,11,12,15,12,12,18,19,14,20,17,16,14,20,12,13,15,16,12,15,20,11,13,14,13,15,20,13,19,10,15
15,12,14,10,17,20,10,10,14,11,13,16,17,12,12,18,12,19,11,19,19,16,20,11,18,20,13,20,11,15,10,10,10,18,15,18,19,15,13,17,15,18,18,20,17,10,16,11,15,20
12,15,15,10,19,19,19,17,20,10,14,17,15,15,10,20,16,10,13,20,18,20,10,11,18,14,11,13,10,10,14,19,17,10,13,10,11,17,12,16,12,10,11,11,14,12,19,12,10,19
20,16,14,18,19,17,13,12,15,16,14,15,11,18,10,19,19,19,17,12,16,19,17,11,18,12,11,11,16,16,18,16,18,13,12,15,18,16,11,13,15,14,15,17,16,13,18,14,13,20
13,13,11,10,12,13,10,15,15,18,17,16,19,12,13,12,11,16,13,19,13,12,16,16,13,15,12,13,19,16,10,20,12,18,20,14,18,10,18,12,16,16,10,13,16,13,12,11,14,18
19,15,14,11,12,14,11,11,19,10,12,16,15,19,16,10,17,10,12,19,13,12,13,12,19,19,19,11,13,17,13,20,13,11,19,17,14,18,19,16,16,15,11,15,10,14,20,15,19,20
17,10,17,12,20,19,12,20,10,12,17,16,19,15,15,11,13,20,16,14,10,13,20,14,10,19,14,13,14,20,13,16,10,16,20,18,18,13,12,20,19,15,19,10,10,16,12,19,18,13
20,19,18,16,17,20,16,14,11,13,14,14,15,17,17,12,12,13,18,14,12,20,13,13,17,18,19,15,20,16,20,12,17,15,18,14,12,10,19,20,12,17,17,18,15,18,15,19,11,17
19,17,17,16,14,15,15,14,10,13,17,12,10,12,17,18,17,12,13,14,12,18,14,18,15,14,16,14,20,17,13,19,10,12,17,13,17,19,13,19,16,15,11,19,16,18,15,10,20,10
10,18,10,19,11,14,20,15,11,20,11,10,20,16,19,16,17,13,15,16,18,15,17,17,14,20,14,15,13,16,10,10,10,14,17,18,18,11,16,10,16,18,12,18,15,14,12,16,14,19
17,15,12,20,11,14,20,16,20,11,18,14,13,18,18,13,12,13,16,20,20,15,14,13,14,14,12,11,15,13,12,14,19,13,18,15,12,13,10,12,15,11,18,11,11,18,19,20,11,12
11,20,17,13,18,16,12,15,13,10,18,11,10,16,10,14,12,10,14,18,11,15,20,13,17,10,14,13,16,18,16,18,12,17,14,19,17,12,19,14,11,11,16,13,12,14,20,20,18,17
10,16,13,11,15,10,16,16,17,10,20,10,15,18,14,19,20,14,16,20,20,19,18,19,11,19,14,15,15,19,20,10,19,18,19,14,18,20,12,14,13,19,12,13,20,16,10,17,16,20
16,16,10,19,20,12,10,15,17,11,12,10,16,16,10,14,14,11,16,16,10,16,17,17,11,13,10,12,16,14,10,12,18,12,14,15,13,15,12,11,16,17,17,13,17,14,10,11,19,11
14,20,15,12,19,14,17,14,10,12,10,12,16,12,19,14,16,10,20,14,13,12,13,16,10,16,10,10,14,15,18,12,16,20,18,14,13,19,15,15,10,20,20,15,15,10,11,10,14,14
10,17,20,15,15,17,15,17,16,19,17,14,17,13,11,18,18,14,14,13,16,10,18,15,15,13,12,20,10,14,17,17,18,12,10,13,17,16,12,11,20,15,12,16,20,20,16,10,12,16
14,16,11,20,11,10,18,11,11,15,17,18,15,19,18,20,15,11,19,12,18,11,19,10,20,11,18,10,11,18,11,20,12,11,14,19,11,13,13,14,10,20,12,19,13,11,17,19,12,12
18,15,10,10,15,20,17,13,18,13,15,15,19,20,19,18,18,16,10,14,14,16,20,19,10,13,11,17,19,19,17,17,15,12,16,15,11,11,14,10,13,19,19,18,12,19,18,14,19,12
12,12,13,19,19,12,12,15,10,15,10,16,11,12,10,16,19,18,17,19,12,16,14,15,12,12,13,18,16,13,20,14,18,18,20,10,14,17,15,14,13,13,16,16,19,20,17,15,16,10
16,17,16,13,10,11,20,15,13,13,12,15,15,14,20,19,16,17,19,17,16,20,13,11,11,10,11,14,15,20,14,10,19,11,14,10,16,16,19,20,20,16,12,15,15,10,18,20,13,12
13,14,18,16,16,19,20,10,17,11,16,12,10,19,14,14,14,14,12,19,12,12,10,15,13,11,20,18,19,11,14,12,11,10,16,19,12,15,20,17,15,16,14,18,11,19,15,12,13,14
11,14,14,10,17,19,11,19,17,20,19,16,13,15,15,16,14,15,11,17,11,14,16,14,12,15,16,17,13,10,18,11,20,20,12,19,14,16,19,12,13,17,17,15,15,11,11,13,16,12
11,19,18,13,18,18,20,20,12,10,19,19,20,15,14,19,18,20,10,19,10,18,12,19,10,12,15,20,12,16,11,10,13,10,14,17,13,12,18,15,12,12,14,12,11,13,11,15,18,11
10,10,13,19,19,20,14,14,20,17,19,17,16,20,14,19,18,11,20,15,15,20,10,10,12,16,16,14,16,12,11,13,10,12,13,15,19,15,18,10,11,14,19,11,20,13,14,16,19,14
14,15,10,20,12,12,20,14,17,20,19,14,19,16,19,15,15,18,15,15,16,11,16,17,10,10,20,11,14,15,16,20,16,10,13,20,17,14,18,14,10,14,11,20,20,17,19,11,18,13
18,12,18,15,19,11,16,19,17,14,19,19,15,10,15,19,12,14,13,17,15,11,16,16,14,13,16,17,10,19,10,18,15,10,19,19,10,17,19,17,17,14,20,15,19,18,15,11,16,15
20,19,14,10,11,19,12,13,10,15,14,18,13,14,12,19,17,15,15,20,14,18,15,17,12,15,18,10,15,10,11,15,16,20,16,20,20,20,20,10,17,16,10,20,15,11,20,11,14,19
10,14,19,12,18,16,17,11,18,14,20,17,15,17,13,12,20,18,17,15,12,11,11,10,12,13,11,20,15,14,15,20,12,16,17,10,14,16,12,11,13,14,15,12,19,18,18,20,14,19
10,17,11,14,19,16,10,11,17,15,12,10,16,20,18,19,19,12,11,14,20,10,15,14,10,13,15,16,20,19,19,16,20,10,15,17,15,19,12,13,19,11,11,18,18,10,13,12,17,11
16,17,13,20,15,10,10,11,16,15,12,11,11,16,13,20,16,20,13,12,10,10,18,12,17,17,14,20,17,19,20,19,13,18,10,13,19,11,19,15,10,11,20,18,16,10,17,19,16,20
18,11,10,14,17,13,17,19,20,17,10,13,13,11,17,17,17,19,14,16,16,18,15,19,12,14,18,13,18,14,18,11,19,15,14,15,20,15,15,12,11,17,13,14,10,16,20,20,13,12
10,19,10,12,14,14,10,19,14,14,17,12,17,19,11,16,20,19,16,19,13,10,14,17,12,12,19,13,15,15,17,14,17,17,20,16,11,14,11,11,18,11,17,15,12,10,17,12,19,11
10,19,13,13,10,19,17,15,10,12,16,15,10,20,20,16,19,17,12,14,20,16,17,20,18,16,15,10,10,18,20,15,13,18,16,12,18,14,10,16,10,19,13,20,13,10,11,20,10,20
15,19,11,18,10,19,20,17,16,10,20,13,20,11,16,19,12,15,10,13,20,12,17,14,15,18,11,20,15,20,18,16,16,16,13,20,18,18,20,17,14,10,17,17,13,14,16,18,18,18
16,20,16,14,17,17,17,18,11,18,20,12,20,13,16,17,11,11,13,16,17,12,12,12,18,10,14,17,20,14,15,10,10,16,20,13,13,10,17,13,15,18,13,16,15,13,14,13,14,11
14,13,13,18,20,15,20,20,20,10,18,15,11,12,14,19,20,12,11,14,18,14,13,14,11,10,15,12,17,12,13,20,11,14,18,15,11,20,12,16,17,15,16,12,17,14,16,18,13,15

The sequence dependent setup time of each job processed on machine 6.
(Where rows denote jobs: 1 to 50 and columns denote jobs: 0 to 50.For example:The value of Sijk is in row j,column i+1.)
18,16,19,14,11,16,15,13,19,17,17,17,18,11,17,20,17,15,14,18,13,19,15,10,14,12,16,18,19,19,19,16,14,14,16,19,15,19,14,16,12,20,14,11,15,15,13,13,10,10
13,15,15,13,13,10,10,10,12,17,16,15,20,10,18,11,13,17,19,13,10,11,10,10,17,13,11,20,17,11,11,12,15,11,13,12,20,17,12,16,18,16,16,12,18,15,10,13,11,17
13,10,15,15,11,11,15,11,13,11,16,18,12,18,19,20,20,19,11,11,20,13,19,16,19,16,20,12,14,14,10,10,15,18,19,12,20,13,12,13,17,20,17,15,13,13,14,17,14,18
12,18,10,16,17,17,15,13,18,17,18,13,11,15,18,20,17,13,11,10,19,12,16,19,17,17,17,10,20,13,12,17,17,13,10,10,13,14,19,12,16,13,12,15,15,18,10,18,13,16
18,11,15,10,13,10,12,15,18,18,10,19,13,12,10,15,16,14,12,17,15,15,15,16,16,17,14,20,18,10,17,17,10,20,11,14,13,18,15,12,19,13,11,14,10,10,17,13,20,16
18,14,12,14,12,12,17,10,16,15,14,10,17,17,17,10,19,17,18,13,13,19,14,12,16,17,14,10,14,20,11,17,16,20,12,17,19,16,19,12,14,10,19,16,20,16,11,14,16,20
16,16,14,19,11,18,11,15,18,14,11,19,15,19,12,18,17,12,18,11,17,16,11,13,16,16,10,10,14,16,14,11,20,20,18,17,16,12,12,13,14,19,10,15,17,18,11,12,14,13
19,19,14,18,18,12,16,13,20,12,13,18,12,12,19,13,14,13,18,12,11,18,12,15,11,14,17,16,19,17,13,16,20,11,13,11,19,13,15,11,12,14,18,20,16,19,17,10,10,12
10,20,18,14,18,16,10,16,14,13,16,20,16,12,16,11,11,18,18,16,14,13,15,10,20,13,15,19,11,19,18,14,20,11,12,20,15,16,15,12,12,19,11,19,19,12,11,10,19,18
17,20,12,19,11,16,19,10,16,16,18,16,12,14,18,12,16,13,19,16,16,14,19,18,11,15,14,12,13,10,18,18,17,19,16,12,11,17,15,18,16,18,16,11,15,11,10,11,13,18
12,12,14,15,20,11,12,20,20,13,14,18,18,16,10,12,17,10,15,20,11,14,20,20,12,17,11,17,13,17,17,10,11,11,18,13,18,19,20,15,13,12,11,14,13,12,11,13,13,15
11,13,17,19,20,12,10,13,18,16,14,11,11,19,14,20,11,15,10,19,18,19,20,12,14,10,15,17,10,14,15,14,10,10,17,15,11,10,17,20,14,19,19,14,11,17,20,10,11,13
10,18,19,18,17,19,18,19,19,18,11,15,19,13,12,19,18,18,10,19,15,13,14,12,18,20,12,14,14,18,12,15,16,15,16,10,14,12,14,11,19,11,12,14,15,16,14,17,13,16
11,11,19,10,20,11,20,20,19,17,15,16,18,11,18,19,15,11,20,11,17,19,14,19,11,19,18,10,14,11,10,18,13,11,12,12,15,18,19,12,14,17,17,13,19,12,18,11,20,20
18,16,10,17,19,17,14,19,12,11,14,20,20,12,10,15,11,15,17,10,13,17,16,14,16,20,15,16,16,13,11,19,17,14,15,12,16,18,14,19,13,11,20,13,18,18,15,18,12,18
16,16,14,11,10,10,10,12,14,16,13,20,12,11,17,15,10,17,15,18,11,19,17,19,18,19,19,16,11,14,11,11,11,14,13,18,12,20,16,15,13,17,15,14,12,16,20,12,11,14
13,14,13,14,10,16,15,16,16,19,16,18,13,11,13,14,14,16,11,15,14,19,18,14,12,11,18,12,20,19,14,18,13,14,17,15,19,14,10,16,19,15,16,10,14,17,13,12,11,14
19,11,16,14,13,18,16,17,17,13,10,17,11,19,17,18,11,13,10,10,11,19,18,18,16,17,15,11,12,11,20,11,12,12,15,10,13,12,20,13,19,15,15,20,10,10,17,17,15,10
11,18,10,20,12,14,14,19,13,17,17,14,19,13,12,15,11,13,13,11,13,16,13,11,20,17,18,17,13,18,11,19,17,11,10,16,15,17,18,12,17,13,19,18,13,20,18,17,16,18
18,15,14,18,14,10,17,11,13,16,13,15,17,11,17,20,11,19,15,16,13,20,12,19,16,14,10,17,13,14,10,12,19,19,20,19,14,15,16,19,15,11,11,14,18,20,17,16,15,16
15,11,20,19,10,13,18,14,18,19,12,13,13,11,11,10,10,12,18,17,10,16,10,10,12,14,16,16,18,20,18,19,14,20,16,12,16,20,15,20,17,15,14,18,13,16,16,15,10,11
14,14,20,20,19,14,14,12,20,16,14,17,14,20,12,15,11,11,11,10,19,15,11,16,16,10,13,14,12,11,11,10,12,10,16,20,16,16,10,17,10,14,19,16,12,18,16,18,14,11
10,10,19,13,16,15,20,11,14,18,19,18,20,11,15,20,18,20,13,17,10,15,11,16,16,19,19,10,17,18,11,14,20,10,10,13,11,19,17,14,17,19,12,11,19,19,14,15,10,10
19,17,16,16,14,11,13,12,17,20,10,12,18,17,12,15,18,20,18,12,19,14,19,10,19,12,18,14,14,11,17,14,15,15,18,15,20,17,19,17,16,18,13,13,14,10,13,13,11,12
19,18,15,10,11,10,17,19,16,11,19,14,18,13,16,14,13,13,20,11,18,20,13,18,17,16,12,17,17,19,15,18,12,18,20,11,17,17,13,17,14,14,20,19,15,11,10,15,14,13
13,15,15,16,13,13,12,11,17,15,11,14,12,13,15,10,16,15,10,10,16,19,11,17,16,12,14,12,12,15,11,16,20,19,15,14,14,12,10,11,10,18,16,16,14,10,13,19,17,19
18,12,13,19,17,13,15,11,17,11,17,12,19,13,18,13,20,20,12,17,10,13,20,18,12,12,11,20,12,14,13,16,11,16,19,12,17,10,16,18,17,17,20,14,19,16,13,17,11,13
16,17,16,14,11,18,13,10,10,20,16,14,16,16,17,10,12,10,16,20,13,13,19,15,12,19,11,10,20,13,13,15,20,16,14,20,16,14,19,16,19,17,11,13,15,17,15,16,17,14
14,20,12,17,12,12,15,11,19,15,11,10,10,18,19,10,14,20,14,11,19,11,15,20,20,19,19,16,20,13,13,17,15,20,19,12,10,13,20,13,10,13,16,10,18,14,13,12,11,11
11,14,12,17,14,18,14,20,10,20,10,17,19,13,12,14,20,15,18,17,11,10,18,14,19,13,18,11,12,13,10,17,11,19,18,14,13,15,18,10,13,11,17,20,13,19,16,18,14,18
11,13,15,11,20,16,20,14,11,16,11,12,11,20,14,14,17,14,11,11,13,11,10,15,13,11,18,13,13,10,17,12,14,10,13,14,18,19,12,17,16,11,13,18,20,15,14,20,17,12
12,16,18,11,17,10,15,10,12,15,11,19,11,12,17,19,19,12,15,13,10,19,14,12,18,14,11,20,14,13,15,10,19,10,14,11,17,16,18,14,19,18,17,12,18,18,20,17,17,14
19,12,14,11,12,17,19,12,17,10,11,17,18,11,14,13,17,12,12,13,12,11,15,15,18,10,10,12,17,17,10,15,20,17,19,10,10,11,17,19,18,18,11,15,18,17,10,10,16,13
14,14,18,16,12,14,15,15,15,20,20,20,16,13,19,20,14,11,13,18,14,12,19,10,12,19,14,13,11,18,18,15,12,17,11,20,15,18,14,12,15,14,10,12,13,11,10,19,12,13
14,16,19,12,20,17,10,13,15,20,11,20,12,18,12,16,10,16,17,14,10,15,18,18,20,16,15,10,12,10,20,16,12,14,12,19,13,14,15,10,16,18,14,20,12,14,20,10,19,11
11,12,13,13,12,11,10,10,19,15,17,14,11,14,16,10,16,17,16,16,13,19,14,14,14,12,14,15,12,18,17,11,14,18,16,11,17,15,18,14,16,18,10,18,14,14,11,11,14,19
13,10,16,10,15,10,12,12,14,20,16,18,10,19,16,14,18,19,16,11,17,18,16,12,12,14,12,13,17,20,13,10,12,14,12,13,18,12,17,10,17,18,10,15,14,12,20,18,12,16
10,19,12,15,11,10,18,16,20,20,20,10,18,12,18,13,17,15,10,10,19,11,13,15,20,16,10,15,18,13,16,15,12,16,13,17,14,18,17,10,12,20,19,12,14,16,15,19,17,15
14,15,13,16,18,15,20,11,20,19,16,20,11,13,16,15,17,18,19,12,12,12,17,16,13,15,11,10,20,11,18,10,15,10,11,10,14,14,13,10,17,19,17,18,18,18,20,17,18,14
11,19,12,15,12,16,15,10,15,19,14,10,13,11,10,10,10,12,13,20,12,10,12,11,14,16,11,14,12,19,17,17,19,20,17,17,10,12,18,10,11,17,16,10,20,11,10,15,15,20
11,11,14,13,19,20,18,14,20,15,10,18,20,14,13,14,12,10,13,10,12,18,18,10,10,13,17,14,10,14,20,16,10,13,13,15,13,18,19,17,10,18,16,10,12,18,16,17,17,19
12,14,11,19,18,14,16,19,15,11,20,16,18,20,18,12,10,11,18,14,11,18,20,12,14,16,13,16,17,18,19,14,11,17,17,14,18,18,10,17,16,19,20,16,12,14,17,11,18,11
16,20,10,17,17,13,20,14,12,17,16,12,20,20,13,13,18,19,14,17,15,18,19,14,11,11,18,10,20,15,15,15,18,11,18,14,15,14,18,19,10,19,11,15,10,15,17,20,11,15
10,10,16,15,11,15,10,16,18,18,13,18,18,13,12,12,19,18,12,14,19,14,20,20,19,19,18,14,11,19,12,16,19,17,19,12,18,11,16,10,12,16,10,14,12,16,20,20,17,12
10,13,12,15,11,11,14,10,10,10,17,17,14,16,17,20,20,20,15,14,10,19,15,19,19,11,13,10,10,13,15,10,13,10,20,10,13,12,17,19,15,12,12,20,12,11,19,12,14,16
19,14,16,20,19,11,18,16,19,11,16,12,16,18,14,18,16,16,15,17,13,19,18,11,14,19,15,14,18,20,13,19,16,17,14,15,15,13,13,14,15,14,14,13,19,15,20,11,16,12
12,10,15,16,16,17,20,13,11,16,14,19,11,20,20,12,14,19,18,15,13,16,19,16,13,13,15,13,16,11,18,14,15,15,14,10,12,14,13,19,13,15,14,11,15,17,15,16,15,12
12,14,13,13,20,11,18,15,17,12,17,18,15,11,11,15,19,15,20,17,17,11,14,12,14,20,17,19,17,14,19,14,19,17,10,20,16,16,14,15,11,15,20,17,19,10,12,11,11,16
12,14,19,15,19,14,18,13,11,10,10,13,13,11,13,18,20,11,11,19,18,18,14,11,17,14,18,13,15,11,19,16,15,16,12,19,16,13,13,20,17,12,12,14,11,15,13,20,11,12
14,10,13,19,15,19,17,11,14,11,14,19,18,14,11,19,11,18,18,13,19,18,17,17,17,16,18,16,16,14,14,19,14,18,16,11,11,16,17,17,12,10,15,18,15,11,13,12,18,16
10,11,18,11,14,12,10,20,14,10,12,13,20,19,11,11,12,12,14,10,11,20,16,15,15,18,15,11,10,16,18,17,11,10,15,17,16,10,14,19,17,14,17,10,20,18,11,17,14,18

The sequence dependent setup time of each job processed on machine 7.
(Where rows denote jobs: 1 to 50 and columns denote jobs: 0 to 50.For example:The value of Sijk is in row j,column i+1.)
15,10,14,16,20,16,13,15,11,10,17,20,14,17,20,17,14,15,13,15,14,13,13,10,18,11,13,13,16,11,13,10,14,18,17,15,17,15,12,14,15,13,18,12,18,20,12,14,17,16
20,20,11,19,19,20,17,18,15,11,10,10,11,15,11,13,13,18,16,20,18,13,13,16,20,10,13,20,17,12,15,15,19,19,16,14,18,17,17,10,10,16,12,11,17,12,19,15,17,20
19,11,16,10,18,20,15,18,15,14,19,10,20,17,15,11,18,14,18,19,10,14,10,11,20,12,19,12,13,15,14,11,13,13,11,16,18,12,16,19,10,15,20,13,13,18,10,11,15,18
19,17,18,14,17,17,11,18,18,14,20,15,16,17,16,17,12,11,17,14,15,20,14,20,17,13,13,14,15,19,15,18,14,17,12,18,19,10,11,11,16,12,16,15,17,16,13,10,20,13
10,18,20,12,18,16,18,11,18,18,19,17,17,17,12,20,17,15,20,20,20,14,13,13,20,10,11,17,12,19,17,12,17,19,17,20,16,10,17,11,11,14,10,12,10,12,15,12,11,10
16,16,13,16,17,12,15,18,16,17,13,11,11,13,15,14,11,15,20,20,10,12,16,11,16,19,10,20,12,15,11,10,18,11,12,18,10,19,12,12,20,20,17,12,11,17,19,20,11,17
16,12,13,15,17,10,11,12,18,10,11,13,12,11,16,16,16,14,16,15,19,18,19,12,19,13,16,20,19,15,16,15,16,11,19,19,10,11,15,11,15,20,20,12,17,16,18,15,16,20
13,13,16,13,18,13,17,19,17,16,14,20,15,11,13,12,13,14,18,16,15,13,17,20,16,12,19,17,20,12,11,19,13,16,19,14,15,20,18,19,11,19,20,13,19,19,16,16,19,11
19,11,19,16,20,14,20,16,10,11,15,11,12,12,16,10,19,17,17,12,11,14,13,12,11,13,11,14,14,16,11,15,16,15,10,18,20,12,17,13,18,10,18,20,15,10,19,14,20,13
13,16,16,20,19,13,18,16,19,13,15,14,17,10,17,20,15,15,20,14,11,16,20,19,20,18,20,18,19,19,17,19,20,19,13,12,10,15,19,13,12,19,17,10,20,19,18,14,14,10
11,10,13,16,12,14,11,20,10,18,16,10,18,16,11,14,14,12,12,17,13,11,18,13,12,17,11,11,11,16,16,15,20,12,18,20,14,19,17,18,13,20,18,13,20,15,15,12,19,15
20,18,16,20,20,19,16,11,17,19,13,20,19,16,13,11,10,13,13,13,16,16,15,11,15,12,14,19,11,11,14,16,19,18,20,20,11,15,20,19,10,17,13,13,16,13,17,13,14,20
13,15,15,19,15,17,16,19,11,15,10,17,20,11,19,20,19,16,13,18,20,18,10,10,16,13,10,14,14,18,13,12,18,15,15,19,11,12,10,14,10,19,16,15,19,20,20,12,15,16
13,19,20,19,12,19,18,11,17,15,15,15,16,14,13,20,14,14,17,13,19,12,16,18,14,12,19,11,13,14,17,16,11,12,20,20,16,19,14,19,15,16,10,15,16,15,11,15,20,14
11,19,20,20,12,12,12,12,14,16,20,10,16,20,12,19,10,19,12,11,14,10,15,12,16,14,11,15,15,15,17,15,12,11,11,10,14,14,14,14,13,19,12,19,15,18,20,15,20,12
14,11,12,10,18,11,12,14,14,16,11,15,10,20,17,12,19,18,12,11,18,13,20,18,14,14,12,17,17,14,12,14,20,19,16,15,18,13,11,11,12,17,11,15,17,17,10,12,16,12
15,17,20,17,13,11,19,14,19,16,18,19,20,18,17,20,18,19,20,14,10,16,11,18,19,13,18,14,17,13,16,16,11,14,20,15,12,19,12,16,20,11,13,14,15,12,12,19,16,18
18,16,13,19,13,14,10,18,10,19,14,20,11,20,12,12,20,16,20,17,13,20,16,13,13,16,20,18,14,10,16,14,16,15,13,14,20,12,16,19,15,13,19,13,16,14,15,16,18,16
19,20,11,20,17,10,16,14,17,10,14,10,10,20,12,16,12,11,17,12,13,14,15,20,11,13,11,10,11,19,19,20,11,19,17,16,11,20,20,18,12,17,16,17,13,18,13,12,20,11
18,20,14,11,13,15,11,10,18,10,11,10,13,14,14,19,10,18,12,13,17,20,11,10,10,17,10,11,19,17,14,17,13,20,19,14,14,10,19,18,15,16,19,16,13,11,15,17,12,12
20,16,15,15,10,11,20,12,11,16,13,10,19,11,13,15,10,20,15,10,14,18,11,11,11,10,15,14,14,14,20,15,16,19,19,11,10,11,12,20,17,20,17,14,10,15,17,14,17,20
16,14,18,11,17,14,19,19,14,16,18,18,11,18,16,14,19,10,15,16,11,20,10,14,12,19,11,16,17,18,13,13,16,13,11,19,19,10,18,17,14,19,10,13,11,12,12,15,14,17
12,10,11,18,13,16,16,17,15,17,20,14,11,10,13,11,15,16,13,20,15,14,13,16,14,20,18,15,14,13,13,18,15,18,10,11,12,10,20,20,15,19,18,17,12,18,17,13,12,19
19,18,12,18,15,19,12,12,12,15,14,11,13,19,20,17,11,18,13,20,17,19,19,10,12,18,11,13,10,11,19,18,13,19,14,18,18,20,13,18,17,11,12,11,17,12,11,18,11,11
12,13,18,13,11,20,14,10,19,14,17,13,11,11,11,18,10,17,20,14,19,11,12,16,19,15,16,12,12,19,11,17,14,10,10,14,11,18,12,13,13,12,14,20,11,14,18,12,19,19
12,20,20,16,14,13,14,13,19,20,14,16,17,14,12,10,18,17,15,14,14,19,11,20,12,18,11,19,16,17,17,18,20,20,10,12,11,16,19,10,15,18,10,14,13,19,17,17,13,14
15,14,11,18,15,15,12,14,19,18,10,11,17,15,11,19,17,10,20,19,12,10,17,12,11,10,18,10,12,10,16,19,13,16,20,12,14,14,17,20,19,15,18,20,15,14,14,11,12,12
11,20,12,10,14,12,10,19,12,15,13,12,19,13,10,16,20,16,17,10,12,20,20,20,17,14,12,11,19,20,18,17,20,11,20,14,16,17,14,12,18,16,10,14,14,18,17,17,12,10
16,19,16,14,16,13,11,16,15,15,18,17,12,19,17,10,17,16,18,10,15,14,17,16,16,11,13,13,12,13,14,12,15,12,18,20,17,16,12,14,13,11,16,14,19,14,14,15,16,16
20,19,20,20,18,20,10,12,19,13,19,18,19,19,13,15,11,14,11,18,10,17,18,17,10,16,16,20,13,15,19,14,13,19,20,20,13,15,15,18,14,16,12,11,20,16,10,11,16,16
11,19,13,15,11,16,14,13,20,12,19,11,20,10,11,14,19,16,11,14,16,19,10,14,11,11,17,17,17,12,12,13,18,16,10,11,13,19,14,12,20,18,16,15,16,16,17,12,14,11
11,12,16,12,15,15,13,13,12,20,13,19,16,19,17,14,19,14,13,10,17,14,20,19,13,13,18,15,14,13,13,13,20,15,20,12,17,18,18,14,12,16,20,12,18,10,16,12,18,11
19,13,11,19,17,18,11,19,17,13,17,12,11,13,13,17,11,18,16,12,17,14,11,11,10,18,10,10,11,12,18,12,14,18,12,19,10,20,14,19,17,11,11,14,12,12,10,20,18,18
15,10,20,13,17,12,18,16,19,12,13,15,13,17,13,12,13,20,20,20,17,10,18,14,15,19,19,17,12,17,19,13,19,20,16,11,15,18,14,13,17,20,13,15,20,17,20,11,15,20
16,15,11,15,15,11,11,14,19,13,18,16,19,20,13,14,16,15,20,18,20,20,15,14,13,20,15,11,18,15,11,11,12,13,15,14,17,17,10,18,14,11,12,20,14,14,15,10,14,14
13,15,17,16,10,10,15,13,19,13,19,16,13,16,18,11,19,12,20,14,18,15,10,18,18,16,15,12,20,20,14,16,14,13,12,18,19,20,17,10,15,13,16,13,20,12,12,15,14,18
16,19,17,10,17,13,15,17,18,17,18,20,18,12,20,10,10,18,18,18,15,18,18,19,12,15,12,13,10,13,13,12,17,14,11,13,13,16,20,16,18,11,10,17,20,13,20,15,17,17
12,11,13,13,19,19,11,10,19,14,17,10,12,12,14,14,20,12,14,16,10,11,17,17,10,11,17,15,19,10,14,12,20,18,13,17,16,13,11,17,12,18,17,14,11,19,19,15,12,11
10,16,14,20,14,14,15,18,12,15,16,13,16,18,19,11,18,19,15,17,18,10,16,11,12,16,17,13,20,11,12,15,13,11,17,18,10,14,11,20,11,20,12,17,17,15,20,12,20,13
17,16,19,18,10,18,10,15,13,14,12,17,10,15,15,14,12,12,19,18,12,11,15,12,18,13,20,12,16,11,16,10,10,13,20,15,19,14,20,16,12,12,14,16,10,14,10,15,20,19
20,15,10,20,13,14,10,11,17,10,12,17,13,11,14,10,20,13,10,18,13,16,12,17,12,15,20,16,11,10,14,17,20,20,17,17,20,14,19,15,12,19,17,14,11,14,10,13,10,18
12,13,17,19,11,19,12,20,17,19,12,18,11,17,20,13,15,10,14,12,12,16,13,15,14,18,20,18,18,17,12,17,13,14,10,10,15,19,11,10,18,15,19,15,12,19,16,15,18,15
10,20,17,16,11,10,16,10,12,15,11,10,15,13,14,18,14,19,11,13,20,19,14,18,12,17,19,14,18,11,10,16,10,11,12,20,16,16,13,12,13,11,20,10,13,15,10,16,16,18
15,11,20,19,11,14,13,13,18,15,18,11,18,15,10,12,10,17,16,14,14,12,17,10,18,18,14,12,14,19,12,12,15,15,10,14,17,13,11,19,20,19,15,20,18,16,17,18,12,14
11,14,14,12,19,14,13,10,12,19,11,12,17,12,19,13,17,14,20,17,18,15,20,18,20,11,14,17,11,11,16,15,12,11,15,14,18,12,11,16,20,14,18,18,10,13,10,15,15,13
14,14,12,12,18,17,10,12,19,16,19,13,17,11,20,16,19,18,20,17,19,17,17,13,12,15,10,19,16,11,12,11,18,15,17,20,12,13,16,14,16,15,14,11,12,18,20,20,13,17
15,16,11,18,17,16,12,16,15,13,18,14,19,10,17,19,12,14,19,20,18,11,14,19,18,11,18,13,10,17,15,19,16,17,17,14,16,14,14,18,18,13,18,14,10,11,13,16,10,18
11,16,20,16,12,11,14,18,18,16,18,18,18,16,15,13,13,19,17,18,14,17,17,16,18,13,11,16,14,18,11,14,19,14,13,13,14,20,19,17,15,17,18,10,19,14,16,10,18,20
14,19,15,13,10,15,15,14,17,14,12,19,14,20,14,20,11,18,12,15,17,12,14,11,13,19,14,14,12,16,12,14,10,11,13,14,11,13,17,18,13,20,14,15,18,20,19,17,14,17
17,11,14,10,16,15,17,14,15,10,14,16,18,14,11,13,10,18,11,17,15,14,13,17,13,14,19,16,15,19,18,12,13,10,11,11,16,20,14,16,19,10,12,13,14,16,17,17,14,14
11,16,13,14,12,13,18,13,17,15,20,20,10,20,20,12,20,18,16,10,11,12,20,11,18,17,15,17,16,20,13,13,19,17,15,14,20,19,11,14,11,19,18,20,19,10,14,17,10,13

