The number of factories:
2
The number of jobs:
20
The number of machines:
4
The number of vehicles:
3
The number of workers:
3

The factory where machine i is located:
1,1,2,2

The vehicle which belong to factory 1:
1,2
The vehicle which belong to factory 2:
3

The processing time of each order processed on different machines:
(where rows denote orders: 1 to 20 and columns denote machines: 1 to 
4)
32,23,40,26,25,36,34,21,37,36,36,31,23,24,29,35,27,31,39,22
36,37,40,24,23,32,27,30,35,38,23,29,36,22,21,31,27,37,29,30
31,29,32,33,32,32,28,21,32,24,30,39,34,24,31,33,36,31,21,33
38,28,20,36,28,23,32,32,37,26,31,36,31,23,39,34,36,33,34,28

The coefficient of each worker on each machine:
(where rows denote workers: 1 to 3 and columns denote machines: 1 to 
4)
0.75,1,0.75,1.5
1.25,0.5,0.5,1
1,0.5,1.5,0.5

The unit processing cost of machines:

7,8,8,6

The unit idle cost of machines:

1,2,1,5

The distance between each location:
(where rows and columns denote locations from factory 1 to customers)
0,63,78,38,53,138,71,97,75,80,76,57,60,98,34,74,96,33,81,141,35
63,0,136,31,43,125,129,62,13,69,41,82,108,147,45,131,135,93,40,186,46
78,136,0,105,130,208,78,175,145,113,130,71,34,32,93,4,132,45,158,155,113
38,31,105,0,49,140,108,84,40,54,40,54,77,116,14,101,126,63,63,174,40
53,43,130,49,0,92,100,45,54,102,80,99,112,150,60,126,95,85,31,146,17
138,125,208,140,92,0,150,67,132,192,166,190,198,234,152,205,105,167,86,144,106
71,129,78,108,100,150,0,140,142,147,147,113,90,110,104,76,56,63,131,80,87
97,62,175,84,45,67,140,0,66,131,102,138,155,194,98,171,119,130,22,169,62
75,13,145,40,54,132,142,66,0,68,36,87,116,155,53,141,148,103,46,198,59
80,69,113,54,102,192,147,131,68,0,33,42,79,109,48,110,176,87,109,221,94
76,41,130,40,80,166,147,102,36,33,0,63,98,133,43,126,166,95,81,214,77
57,82,71,54,99,190,113,138,87,42,63,0,37,70,40,68,151,50,117,191,85
60,108,34,77,112,198,90,155,116,79,98,37,0,39,64,30,138,33,137,170,95
98,147,32,116,150,234,110,194,155,109,133,70,39,0,102,33,163,67,176,187,133
34,45,93,14,60,152,104,98,53,48,43,40,64,102,0,89,128,53,77,174,48
74,131,4,101,126,205,76,171,141,110,126,68,30,33,89,0,130,41,154,154,109
96,135,132,126,95,105,56,119,148,176,166,151,138,163,128,130,0,106,119,51,90
33,93,45,63,85,167,63,130,103,87,95,50,33,67,53,41,106,0,113,142,68
81,40,158,63,31,86,131,22,46,109,81,117,137,176,77,154,119,113,0,171,47
141,186,155,174,146,144,80,169,198,221,214,191,170,187,174,154,51,142,171,0,140
35,46,113,40,17,106,87,62,59,94,77,85,95,133,48,109,90,68,47,140,0
The distance between each location:
(where rows and columns denote locations from factory 2 to customers)
0,107,28,77,105,188,75,149,117,89,103,47,16,46,64,24,123,21,132,155,87
107,0,136,31,43,125,129,62,13,69,41,82,108,147,45,131,135,93,40,186,46
28,136,0,105,130,208,78,175,145,113,130,71,34,32,93,4,132,45,158,155,113
77,31,105,0,49,140,108,84,40,54,40,54,77,116,14,101,126,63,63,174,40
105,43,130,49,0,92,100,45,54,102,80,99,112,150,60,126,95,85,31,146,17
188,125,208,140,92,0,150,67,132,192,166,190,198,234,152,205,105,167,86,144,106
75,129,78,108,100,150,0,140,142,147,147,113,90,110,104,76,56,63,131,80,87
149,62,175,84,45,67,140,0,66,131,102,138,155,194,98,171,119,130,22,169,62
117,13,145,40,54,132,142,66,0,68,36,87,116,155,53,141,148,103,46,198,59
89,69,113,54,102,192,147,131,68,0,33,42,79,109,48,110,176,87,109,221,94
103,41,130,40,80,166,147,102,36,33,0,63,98,133,43,126,166,95,81,214,77
47,82,71,54,99,190,113,138,87,42,63,0,37,70,40,68,151,50,117,191,85
16,108,34,77,112,198,90,155,116,79,98,37,0,39,64,30,138,33,137,170,95
46,147,32,116,150,234,110,194,155,109,133,70,39,0,102,33,163,67,176,187,133
64,45,93,14,60,152,104,98,53,48,43,40,64,102,0,89,128,53,77,174,48
24,131,4,101,126,205,76,171,141,110,126,68,30,33,89,0,130,41,154,154,109
123,135,132,126,95,105,56,119,148,176,166,151,138,163,128,130,0,106,119,51,90
21,93,45,63,85,167,63,130,103,87,95,50,33,67,53,41,106,0,113,142,68
132,40,158,63,31,86,131,22,46,109,81,117,137,176,77,154,119,113,0,171,47
155,186,155,174,146,144,80,169,198,221,214,191,170,187,174,154,51,142,171,0,140
87,46,113,40,17,106,87,62,59,94,77,85,95,133,48,109,90,68,47,140,0

The weight of orders:
14,16,15,20,10,20,10,14,16,10,19,11,16,14,16,19,12,17,15,16

The unit tardiness penalty of orders:

6,10,10,6,7,9,7,6,6,9,9,10,10,9,10,6,8,7,9,8

The due date of orders:
201,482,615,298,397,388,214,254,332,372,443,291,451,136,267,303,163,355,507,421

the loading and unloading time of each order:
4,4,4,5,3,5,3,4,4,3,5,3,4,4,4,5,3,4,4,4

The sequence dependent setup time of each job processed on machine 1.
(Where rows denote jobs: 1 to 20 and columns denote jobs: 0 to 20.For example:The value of Sijk is in row j,column i+1.)
13,17,11,18,12,16,20,16,20,14,13,10,14,19,20,20,18,16,19,20
19,10,18,17,17,10,11,14,11,12,11,10,15,12,12,14,20,13,18,11
10,11,17,12,16,16,18,11,17,15,18,18,11,19,10,10,11,14,11,16
19,18,18,18,16,11,15,16,17,11,10,15,15,14,15,14,14,16,15,19
20,20,20,13,13,20,10,13,15,12,16,12,12,13,11,20,15,18,17,17
11,19,15,15,16,11,17,13,19,18,11,17,20,15,15,11,16,16,19,13
20,10,19,14,17,18,11,15,14,12,12,11,19,19,11,20,13,18,15,13
20,14,12,12,12,11,14,16,18,17,18,11,15,16,11,14,10,20,16,12
19,11,15,20,18,19,15,10,15,14,17,20,12,13,17,12,20,18,12,14
12,20,16,19,17,12,18,18,19,20,17,19,16,11,12,17,18,11,19,19
19,18,10,16,20,10,10,17,17,17,18,12,15,11,15,16,16,13,16,16
13,12,19,16,19,13,10,19,12,12,15,14,13,14,11,11,20,10,11,18
19,16,15,17,12,15,17,19,10,14,14,17,14,20,11,10,11,16,13,19
18,14,15,11,17,16,13,20,18,13,10,13,11,19,20,20,10,17,18,13
11,18,17,12,16,16,14,13,13,10,16,11,12,18,13,14,11,16,16,15
13,14,15,17,16,11,19,17,20,20,15,11,18,14,12,10,18,12,10,13
13,14,13,19,12,20,13,13,13,11,12,10,14,12,18,10,20,14,18,12
17,12,14,12,16,10,17,11,17,12,14,15,20,12,13,13,15,17,17,12
11,14,20,10,10,18,16,15,20,14,12,20,16,17,15,14,15,10,20,10
16,20,12,17,11,18,11,10,10,14,15,13,20,11,14,16,15,14,10,13
19,20,14,17,18,11,11,20,16,14,13,19,20,14,14,12,18,15,18,15

The sequence dependent setup time of each job processed on machine 2.
(Where rows denote jobs: 1 to 20 and columns denote jobs: 0 to 20.For example:The value of Sijk is in row j,column i+1.)
20,10,10,13,11,19,16,11,14,10,20,10,19,18,16,18,14,16,10,12
10,11,12,17,11,18,18,15,12,14,17,13,14,12,12,17,11,11,13,10
15,18,20,17,12,11,16,19,20,18,18,14,20,13,12,13,11,15,17,16
13,18,19,19,14,19,18,18,18,11,18,16,16,14,15,14,14,15,11,13
20,14,13,12,18,20,14,20,18,15,20,17,20,16,15,15,19,15,11,12
20,18,10,14,17,17,12,18,18,20,19,16,16,11,15,15,20,20,18,15
16,13,11,18,15,13,19,11,18,14,11,12,13,18,11,15,12,12,16,10
15,17,15,13,17,17,14,14,10,15,14,18,11,13,18,10,12,13,20,19
13,14,10,17,20,20,18,19,11,16,13,11,11,18,14,11,15,11,17,19
18,17,14,20,18,10,10,19,17,11,13,15,20,16,17,10,15,11,18,14
17,17,12,13,17,20,12,11,17,14,11,20,16,16,11,14,20,12,16,16
16,16,10,14,19,20,20,12,18,11,12,13,18,16,20,15,13,15,17,11
18,20,15,13,16,18,16,15,14,11,19,10,15,10,11,18,14,19,16,11
14,10,14,17,18,12,19,19,15,17,16,17,13,10,16,14,13,17,19,17
13,11,12,19,12,16,20,18,20,11,13,11,11,17,10,13,18,13,16,11
17,10,16,16,20,18,14,15,12,10,17,17,18,19,14,11,20,14,17,13
19,14,15,10,14,13,13,17,15,18,19,10,19,11,13,13,14,16,11,13
14,19,14,17,19,15,16,19,12,16,14,15,11,16,15,19,16,15,11,15
18,20,17,14,13,11,12,11,14,15,16,16,14,13,17,19,15,10,20,15
15,10,11,18,14,15,15,20,14,13,13,19,17,14,17,15,16,17,11,16
16,10,16,12,14,19,20,19,17,14,17,14,18,20,14,13,20,14,16,20

The sequence dependent setup time of each job processed on machine 3.
(Where rows denote jobs: 1 to 20 and columns denote jobs: 0 to 20.For example:The value of Sijk is in row j,column i+1.)
11,18,15,11,15,19,16,12,13,11,19,12,12,16,17,12,13,10,10,14
19,13,16,13,17,15,15,18,18,10,15,16,15,20,16,20,16,12,19,11
14,18,12,14,16,17,15,16,10,20,17,18,15,13,18,14,16,15,14,20
17,18,13,18,14,12,10,20,13,15,13,20,12,10,13,20,10,16,16,11
10,20,18,20,16,11,10,15,16,18,16,19,13,19,12,19,12,10,12,10
17,16,12,19,17,20,19,11,10,15,17,10,14,16,19,16,15,15,17,18
19,13,13,11,16,11,12,13,14,17,19,18,11,15,19,20,16,18,11,15
11,10,20,19,17,14,19,18,14,14,10,13,17,13,12,16,14,11,15,19
13,12,11,10,14,15,14,15,11,16,20,11,19,12,12,19,12,17,13,14
20,18,16,17,13,12,20,14,12,10,18,17,15,10,10,18,15,17,14,17
19,15,19,12,19,10,20,12,10,19,14,18,13,20,15,17,15,16,18,20
14,17,15,20,20,20,11,13,14,18,20,17,15,17,15,12,10,11,10,10
17,12,14,17,12,20,13,14,18,12,13,15,15,15,19,11,17,16,11,19
12,10,14,18,10,13,10,13,15,16,18,20,15,20,16,16,15,20,20,17
17,17,20,14,10,16,17,18,18,14,13,20,10,11,20,20,14,18,16,20
20,20,10,15,20,15,18,14,17,18,19,19,19,15,19,17,11,18,17,11
16,19,13,18,14,11,10,18,14,20,20,12,17,18,16,13,13,15,19,18
20,16,14,18,18,17,19,19,19,12,14,17,10,17,16,17,19,11,19,15
11,18,15,17,12,11,17,17,13,15,13,10,13,16,13,16,15,20,14,20
12,18,11,18,12,14,20,11,12,12,14,15,10,20,12,16,17,16,12,19
13,20,12,16,14,16,17,10,19,18,12,17,17,11,16,11,13,11,10,16

The sequence dependent setup time of each job processed on machine 4.
(Where rows denote jobs: 1 to 20 and columns denote jobs: 0 to 20.For example:The value of Sijk is in row j,column i+1.)
16,10,15,14,20,20,10,15,10,15,14,10,15,18,15,19,20,16,15,14
10,17,11,16,10,14,18,10,18,20,16,20,19,10,13,12,10,20,17,11
18,14,19,17,10,11,11,15,12,20,18,17,13,10,20,18,13,20,10,13
19,17,14,18,18,17,14,13,16,15,20,12,14,12,20,17,13,10,18,11
13,16,16,14,13,16,13,19,12,19,20,11,16,20,19,15,18,15,14,17
16,11,18,14,20,12,18,15,18,20,11,13,11,20,19,17,15,19,19,20
15,12,15,14,13,14,12,10,16,12,10,14,14,15,16,18,17,14,12,16
17,17,10,11,19,18,17,18,16,18,12,14,11,11,18,18,19,17,13,11
11,14,17,20,15,11,17,19,11,16,19,14,17,16,14,18,15,19,20,12
11,11,14,15,16,14,20,14,12,12,15,12,16,15,14,16,19,16,14,15
12,15,11,17,12,19,20,17,12,10,20,11,11,12,18,18,18,14,11,16
20,16,13,13,13,19,20,10,19,15,17,14,15,15,16,14,17,17,19,14
16,14,18,20,14,12,17,20,17,11,16,12,12,17,15,14,12,11,17,18
19,15,11,11,19,11,19,13,16,12,11,15,16,13,10,20,19,20,10,11
16,13,13,16,19,12,14,12,20,20,12,18,14,19,15,14,12,19,17,20
11,19,17,12,16,14,15,19,14,12,10,14,20,19,20,10,17,12,10,15
11,20,14,16,20,18,15,16,20,15,11,15,11,14,13,16,11,18,14,18
15,16,18,12,18,16,20,12,17,13,15,18,18,17,11,11,16,17,18,20
16,14,19,14,14,10,10,15,16,16,15,12,19,11,11,15,19,13,18,11
18,10,18,13,15,16,11,19,13,19,10,14,11,12,11,15,17,20,11,16
13,12,16,18,20,14,13,18,14,18,13,16,16,15,11,11,11,16,15,10

