The number of jobs:
50
The number of machines:
6
The number of vehicles:
5
The number of workers:
5

The processing time of each order processed on different machines:
(where rows denote machines: 1 to 6 and columns denote orders: 1 to 
50)
27,37,37,35,40,37,25,22,20,22,22,20,26,23,27,38,22,28,40,36,23,36,20,29,21,35,36,22,25,31,37,38,40,33,38,27,37,30,37,20,38,32,20,32,23,35,29,34,34,33
33,40,28,32,29,39,33,32,23,35,30,35,24,37,37,27,38,32,21,23,31,33,22,31,20,20,33,20,38,35,31,37,24,27,29,36,40,40,26,20,38,28,37,30,27,39,26,32,32,38
28,31,25,23,27,26,36,40,29,24,20,30,31,20,37,27,20,31,22,28,24,22,40,36,30,24,39,26,38,23,25,33,40,38,21,37,24,22,30,27,24,36,35,25,27,30,40,21,21,40
25,34,28,38,22,20,34,29,35,26,28,29,33,39,24,23,21,40,31,37,39,37,26,34,38,27,34,37,35,25,37,24,31,25,29,21,31,23,35,34,30,27,36,28,29,40,32,26,27,22
27,30,20,29,22,28,22,33,29,35,26,27,31,40,34,33,22,22,23,39,25,36,34,36,23,31,32,30,23,39,29,38,22,39,38,30,21,40,26,31,39,27,24,36,37,29,22,33,28,20
20,36,29,31,33,20,40,22,32,40,40,27,20,22,21,32,27,23,24,28,31,30,30,38,28,40,30,40,33,20,39,40,24,40,36,31,20,37,36,29,27,25,22,34,34,33,22,35,30,20

The coefficient of each worker on each machine:
(where rows denote workers: 1 to 5 and columns denote machines: 1 to 
6)
1.5,1.5,0.5,0.5,1.5,1
1.5,1.5,1.25,1.25,0.75,1.25
1.5,1.5,0.5,1.5,1,1.25
1,1.25,0.75,0.75,0.75,0.5
1,1.25,1.5,0.5,0.75,0.75

The unit processing cost of machines:

10,6,10,7,8,9

The unit idle cost of machines:

3,2,3,2,4,3

The distance between each location:
(where rows and columns denote locations: 0 to 50)
0,38,50,72,123,116,61,73,119,103,77,122,108,87,72,66,92,94,101,103,103,73,116,110,88,35,38,111,54,59,84,76,55,44,129,64,89,59,117,42,89,100,98,82,52,52,88,92,90,67,106
38,0,63,48,161,153,83,106,127,110,114,84,118,49,41,67,69,96,73,72,69,75,129,110,126,22,27,109,81,89,61,71,93,77,134,101,118,94,156,26,73,72,130,103,67,89,77,113,121,32,116
50,63,0,110,132,116,110,60,169,154,106,126,159,96,68,115,70,45,83,134,96,123,165,160,92,42,38,160,100,40,123,35,69,38,179,74,131,95,129,41,133,135,78,41,6,59,134,51,68,94,56
72,48,110,0,187,184,81,145,98,83,131,87,93,61,75,45,106,144,105,34,90,49,107,76,157,69,75,72,87,131,13,118,124,116,101,132,120,109,180,73,27,28,171,149,114,123,36,159,162,25,164
123,161,132,187,0,25,118,76,169,162,58,245,158,210,191,155,201,165,213,220,222,158,153,180,40,153,154,185,105,94,195,166,69,95,181,61,92,79,7,158,192,214,75,115,128,76,184,116,80,188,154
116,153,116,184,25,0,123,56,180,171,66,234,168,200,178,158,185,144,198,217,209,162,165,187,27,142,142,192,109,76,194,148,60,81,192,52,105,83,27,146,193,212,51,93,110,64,187,93,57,182,131
61,83,110,81,118,123,0,106,64,51,59,161,52,128,124,40,150,155,156,113,151,41,56,65,100,92,97,69,15,103,85,137,74,88,75,79,39,40,111,99,77,104,131,132,110,80,68,141,126,94,164
73,106,60,145,76,56,106,0,170,157,70,182,158,149,125,131,129,89,143,176,154,137,160,169,36,91,89,172,92,20,156,92,34,29,182,32,108,72,73,93,160,173,26,41,54,26,157,45,19,137,80
119,127,169,98,169,180,64,170,0,17,114,185,12,158,166,60,195,213,198,119,187,52,19,26,160,143,148,33,78,167,93,193,137,151,12,142,77,100,162,149,77,107,194,196,171,144,64,205,189,121,225
103,110,154,83,162,171,51,157,17,0,105,170,11,143,149,43,179,197,182,106,171,36,25,19,149,126,132,26,65,153,79,176,124,137,25,130,71,89,155,133,64,95,182,181,155,131,51,190,176,105,209
77,114,106,131,58,66,59,70,114,105,0,198,102,163,149,97,167,148,177,165,180,100,100,122,48,112,114,127,47,79,139,140,40,70,126,38,40,22,51,118,134,158,88,109,103,51,126,114,87,136,147
122,84,126,87,245,234,161,182,185,170,198,0,180,35,58,131,69,132,57,71,34,136,194,161,207,92,93,157,162,163,92,107,176,154,187,184,199,178,239,89,109,83,203,165,131,170,121,174,193,67,159
108,118,159,93,158,168,52,158,12,11,102,180,0,152,158,52,187,203,190,117,180,45,14,28,148,133,139,35,66,155,90,182,125,140,24,129,66,88,151,140,74,105,182,184,159,132,62,193,177,115,214
87,49,96,61,210,200,128,149,158,143,163,35,152,0,30,101,55,111,49,59,30,107,165,136,173,59,60,133,128,131,69,84,141,121,162,149,165,143,204,56,87,67,171,136,101,136,97,146,162,37,136
72,41,68,75,191,178,124,125,166,149,149,58,158,30,0,106,31,81,33,84,31,113,169,147,152,38,37,144,121,105,86,54,122,98,172,130,158,131,186,33,102,89,145,108,74,115,110,117,136,50,106
66,67,115,45,155,158,40,131,60,43,97,131,52,101,106,0,135,157,138,75,129,8,64,45,132,84,90,45,50,122,46,135,102,106,67,109,78,76,148,90,38,65,157,147,117,105,29,157,150,64,172
92,69,70,106,201,185,150,129,195,179,167,69,187,55,31,135,0,64,14,112,35,143,198,177,161,58,54,175,145,110,117,42,135,106,202,141,181,150,197,51,133,119,146,103,75,126,141,110,137,81,90
94,96,45,144,165,144,155,89,213,197,148,132,203,111,81,157,64,0,77,162,98,165,210,202,125,75,70,202,145,72,157,27,109,79,222,113,175,139,162,70,169,165,96,51,46,98,173,54,88,123,27
101,73,83,105,213,198,156,143,198,182,177,57,190,49,33,138,14,77,0,108,24,146,202,179,174,66,63,176,152,123,116,56,146,118,204,153,189,160,209,60,132,115,159,117,88,138,141,124,150,80,104
103,72,134,34,220,217,113,176,119,106,165,71,117,59,84,75,112,162,108,0,87,78,131,94,190,92,97,88,121,160,29,135,157,146,120,165,152,143,214,94,43,12,201,175,139,155,55,185,192,40,185
103,69,96,90,222,209,151,154,187,171,180,34,180,30,31,129,35,98,24,87,0,135,193,166,183,69,68,162,150,135,99,74,153,128,191,161,187,161,217,64,117,96,174,134,102,146,126,142,164,66,125
73,75,123,49,158,162,41,137,52,36,100,136,45,107,113,8,143,165,146,78,135,0,58,37,137,92,97,37,53,129,49,142,107,113,59,114,78,79,151,98,37,67,163,154,125,111,27,164,156,70,179
116,129,165,107,153,165,56,160,19,25,100,194,14,165,169,64,198,210,202,131,193,58,0,42,146,143,148,49,69,159,104,191,126,144,30,130,61,88,146,150,89,120,183,188,166,134,76,197,179,128,220
110,110,160,76,180,187,65,169,26,19,122,161,28,136,147,45,177,202,179,94,166,37,42,0,164,128,134,7,79,163,69,179,138,147,26,144,90,105,173,134,52,82,194,190,161,143,40,199,189,100,216
88,126,92,157,40,27,100,36,160,149,48,207,148,173,152,132,161,125,174,190,183,137,146,164,0,115,115,169,85,54,167,126,33,55,172,25,88,60,37,120,167,185,44,77,87,38,161,80,45,155,116
35,22,42,69,153,142,92,91,143,126,112,92,133,59,38,84,58,75,66,92,69,92,143,128,115,0,6,128,87,73,82,51,85,62,151,92,123,93,148,7,94,93,114,83,47,78,97,93,104,52,95
38,27,38,75,154,142,97,89,148,132,114,93,139,60,37,90,54,70,63,97,68,97,148,134,115,6,0,133,91,71,88,45,85,61,156,93,127,96,149,4,99,98,111,79,43,78,103,89,102,57,89
111,109,160,72,185,192,69,172,33,26,127,157,35,133,144,45,175,202,176,88,162,37,49,7,169,128,133,0,83,166,64,178,141,149,31,147,96,109,178,134,47,76,198,192,162,146,36,201,192,96,217
54,81,100,87,105,109,15,92,78,65,47,162,66,128,121,50,145,145,152,121,150,53,69,79,85,87,91,83,0,90,93,129,59,75,89,65,37,26,98,94,88,112,116,120,99,66,79,128,111,97,152
59,89,40,131,94,76,103,20,167,153,79,163,155,131,105,122,110,72,123,160,135,129,159,163,54,73,71,166,90,0,143,72,39,16,178,41,112,75,91,75,148,158,41,31,34,28,147,38,32,121,68
84,61,123,13,195,194,85,156,93,79,139,92,90,69,86,46,117,157,116,29,99,49,104,69,167,82,88,64,93,143,0,131,134,128,95,142,124,116,188,86,17,19,182,162,127,134,29,172,174,36,177
76,71,35,118,166,148,137,92,193,176,140,107,182,84,54,135,42,27,56,135,74,142,191,179,126,51,45,178,129,72,131,0,104,73,201,109,162,127,163,45,144,138,105,62,39,93,148,69,96,97,52
55,93,69,124,69,60,74,34,137,124,40,176,125,141,122,102,135,109,146,157,153,107,126,138,33,85,85,141,59,39,134,104,0,31,149,8,74,38,63,89,135,152,57,69,65,11,130,76,53,122,107
44,77,38,116,95,81,88,29,151,137,70,154,140,121,98,106,106,79,118,146,128,113,144,147,55,62,61,149,75,16,128,73,31,0,162,36,99,62,91,65,133,144,54,45,34,20,131,53,46,108,79
129,134,179,101,181,192,75,182,12,25,126,187,24,162,172,67,202,222,204,120,191,59,30,26,172,151,156,31,89,178,95,201,149,162,0,153,89,112,174,157,78,107,206,206,180,155,66,215,201,125,235
64,101,74,132,61,52,79,32,142,130,38,184,129,149,130,109,141,113,153,165,161,114,130,144,25,92,93,147,65,41,142,109,8,36,153,0,76,42,56,97,142,160,53,71,70,16,137,76,50,130,109
89,118,131,120,92,105,39,108,77,71,40,199,66,165,158,78,181,175,189,152,187,78,61,90,88,123,127,96,37,112,124,162,74,99,89,76,0,37,85,130,115,143,128,142,129,84,104,150,125,132,178
59,94,95,109,79,83,40,72,100,89,22,178,88,143,131,76,150,139,160,143,161,79,88,105,60,93,96,109,26,75,116,127,38,62,112,42,37,0,72,100,113,135,95,105,93,48,105,113,91,115,141
117,156,129,180,7,27,111,73,162,155,51,239,151,204,186,148,197,162,209,214,217,151,146,173,37,148,149,178,98,91,188,163,63,91,174,56,85,72,0,153,185,207,75,113,124,71,177,115,79,182,152
42,26,41,73,158,146,99,93,149,133,118,89,140,56,33,90,51,70,60,94,64,98,150,134,120,7,4,134,94,75,86,45,89,65,157,97,130,100,153,0,98,96,115,82,47,82,103,92,106,54,91
89,73,133,27,192,193,77,160,77,64,134,109,74,87,102,38,133,169,132,43,117,37,89,52,167,94,99,47,88,148,17,144,135,133,78,142,115,113,185,98,0,31,186,170,136,136,13,180,178,52,188
100,72,135,28,214,212,104,173,107,95,158,83,105,67,89,65,119,165,115,12,96,67,120,82,185,93,98,76,112,158,19,138,152,144,107,160,143,135,207,96,31,0,198,175,139,151,44,185,190,42,187
98,130,78,171,75,51,131,26,194,182,88,203,182,171,145,157,146,96,159,201,174,163,183,194,44,114,111,198,116,41,182,105,57,54,206,53,128,95,75,115,186,198,0,45,72,52,183,43,9,162,80
82,103,41,149,115,93,132,41,196,181,109,165,184,136,108,147,103,51,117,175,134,154,188,190,77,83,79,192,120,31,162,62,69,45,206,71,142,105,113,82,170,175,45,0,36,59,170,10,37,135,39
52,67,6,114,128,110,110,54,171,155,103,131,159,101,74,117,75,46,88,139,102,125,166,161,87,47,43,162,99,34,127,39,65,34,180,70,129,93,124,47,136,139,72,36,0,55,137,46,62,99,54
52,89,59,123,76,64,80,26,144,131,51,170,132,136,115,105,126,98,138,155,146,111,134,143,38,78,78,146,66,28,134,93,11,20,155,16,84,48,71,82,136,151,52,59,55,0,132,65,46,119,96
88,77,134,36,184,187,68,157,64,51,126,121,62,97,110,29,141,173,141,55,126,27,76,40,161,97,103,36,79,147,29,148,130,131,66,137,104,105,177,103,13,44,183,170,137,132,0,180,176,61,190
92,113,51,159,116,93,141,45,205,190,114,174,193,146,117,157,110,54,124,185,142,164,197,199,80,93,89,201,128,38,172,69,76,53,215,76,150,113,115,92,180,185,43,10,46,65,180,0,36,145,37
90,121,68,162,80,57,126,19,189,176,87,193,177,162,136,150,137,88,150,192,164,156,179,189,45,104,102,192,111,32,174,96,53,46,201,50,125,91,79,106,178,190,9,37,62,46,176,36,0,153,74
67,32,94,25,188,182,94,137,121,105,136,67,115,37,50,64,81,123,80,40,66,70,128,100,155,52,57,96,97,121,36,97,122,108,125,130,132,115,182,54,52,42,162,135,99,119,61,145,153,0,145
106,116,56,164,154,131,164,80,225,209,147,159,214,136,106,172,90,27,104,185,125,179,220,216,116,95,89,217,152,68,177,52,107,79,235,109,178,141,152,91,188,187,80,39,54,96,190,37,74,145,0

The weight of orders:
15,10,16,20,12,20,18,12,17,17,19,17,15,11,16,13,19,12,15,15,16,16,16,14,13,19,11,10,20,10,20,11,13,17,14,14,19,17,12,18,10,15,15,16,12,17,20,18,17,16

The unit tardiness penalty of orders:

6,10,10,9,6,8,7,8,10,6,10,7,6,6,8,7,8,6,6,9,8,6,8,8,10,6,9,9,10,7,6,10,9,10,8,7,10,10,7,6,8,8,7,9,9,9,7,7,7,6

The due date of orders:
365,578,435,472,474,640,361,605,289,275,360,452,767,185,347,273,404,368,321,246,505,638,458,231,581,375,786,720,406,196,324,328,149,579,204,277,488,267,130,234,397,195,277,302,135,563,202,210,571,274

the loading and unloading time of each order:
4,3,4,5,3,5,5,3,4,4,5,4,4,3,4,3,5,3,4,4,4,4,4,4,3,5,3,3,5,3,5,3,3,4,4,4,5,4,3,5,3,4,4,4,3,4,5,5,4,4

The sequence dependent setup time of each job processed on machine 1.
(Where rows denote jobs: 1 to 50 and columns denote jobs: 0 to 50.For example:The value of Sijk is in row j,column i+1.)
18,17,19,19,20,11,20,10,19,12,19,12,18,20,14,14,14,19,19,14,13,15,13,14,10,11,19,10,11,11,18,15,19,17,16,19,15,16,18,20,20,16,16,20,12,20,10,11,12,20
19,14,11,20,15,20,10,18,18,15,15,13,15,16,15,12,18,20,19,13,15,17,10,15,18,19,20,18,11,17,20,11,20,13,15,17,20,12,20,20,19,10,17,17,16,17,17,17,19,18
18,15,18,15,17,14,11,15,10,16,20,17,11,12,14,16,11,17,12,18,13,17,19,11,13,14,11,20,10,12,12,13,14,16,14,11,17,13,10,10,15,15,13,15,11,19,16,15,15,19
14,18,10,14,10,13,17,12,20,16,19,18,10,20,13,14,18,16,17,12,11,11,18,14,20,15,14,10,19,11,19,20,10,12,14,14,20,19,11,10,13,19,17,15,13,15,18,16,13,11
16,10,15,20,10,20,14,17,14,15,11,15,18,15,20,18,13,17,11,11,20,10,14,15,15,12,10,18,13,18,15,13,15,13,13,14,12,14,18,16,16,16,15,19,16,18,16,12,15,12
18,16,20,17,11,11,19,17,18,17,13,11,14,14,17,13,13,10,10,18,16,20,20,12,19,18,10,15,12,17,13,11,18,13,15,18,10,14,15,16,12,19,17,18,11,20,17,20,19,16
18,12,19,19,16,18,10,20,10,18,10,13,18,17,13,19,17,14,15,13,15,11,12,12,13,10,17,18,15,11,16,13,13,18,16,12,20,14,19,18,14,20,11,10,17,20,12,12,11,12
18,16,18,13,18,10,17,18,18,11,14,13,19,18,10,17,20,10,12,15,13,10,10,10,14,18,10,16,10,16,12,11,15,15,19,15,10,18,15,12,20,11,14,12,10,20,13,16,20,15
18,15,12,10,17,11,14,16,12,16,12,13,12,12,17,19,18,17,17,16,11,14,14,16,12,17,18,10,19,13,12,15,10,12,15,15,14,11,19,13,18,12,16,15,12,18,15,19,20,13
14,12,13,12,14,13,14,17,18,18,10,12,11,17,19,17,13,10,19,11,10,12,11,13,17,11,10,14,20,12,20,18,20,17,14,19,18,14,14,12,19,11,20,13,12,15,19,20,10,18
20,16,13,20,13,12,18,20,17,17,18,14,11,19,18,17,10,15,11,20,10,17,17,18,17,17,17,10,18,12,11,20,20,20,19,13,10,11,17,20,13,15,13,17,16,18,19,18,10,19
15,20,20,15,14,18,15,17,11,18,11,14,15,11,11,15,15,11,12,12,20,11,11,11,13,13,17,10,19,14,17,11,18,15,19,14,11,17,12,18,13,19,14,17,11,11,18,11,13,17
19,19,12,20,19,12,11,10,18,20,11,19,12,15,13,12,13,12,12,20,12,17,19,11,16,12,18,16,16,10,10,13,16,12,20,12,20,11,11,13,17,18,10,17,20,12,12,20,18,13
10,15,17,16,15,12,16,18,15,17,13,11,18,20,12,11,20,10,13,17,10,10,10,15,12,18,18,18,20,18,13,20,16,11,11,12,14,18,14,17,12,17,14,10,13,19,17,19,19,12
13,19,14,17,10,12,15,17,19,15,11,18,14,19,19,17,14,15,15,11,16,10,18,20,18,19,10,16,12,15,15,16,11,13,10,10,11,18,15,19,18,19,13,17,15,12,20,18,14,18
17,19,10,15,10,12,11,11,16,12,12,10,15,18,19,13,12,14,13,10,16,18,11,13,12,14,13,14,20,11,16,20,19,11,16,13,10,17,11,14,18,16,10,14,11,17,17,20,19,17
10,20,15,16,18,17,17,11,10,12,15,19,17,18,11,10,12,15,15,14,16,15,11,19,16,13,20,11,15,17,14,18,19,10,20,17,14,13,14,14,14,20,18,14,10,18,11,12,16,16
19,18,14,17,18,18,11,20,14,18,14,15,16,13,16,16,15,11,19,19,19,16,13,19,11,14,20,17,14,12,16,10,11,17,11,14,18,11,18,18,13,18,12,15,18,17,14,11,16,14
16,16,18,18,18,18,18,16,15,10,17,11,13,11,12,15,14,12,16,11,13,10,18,17,14,18,18,15,12,20,17,12,18,10,10,13,18,19,13,20,13,11,10,11,11,10,19,16,16,15
12,20,11,14,20,13,18,10,20,17,12,10,10,17,19,10,11,17,11,15,11,18,15,18,11,10,10,15,14,17,16,15,15,13,19,15,19,12,10,18,12,11,14,12,11,15,11,15,13,12
18,11,18,10,20,17,11,11,19,15,17,16,18,10,16,11,11,13,12,17,18,14,19,16,18,17,19,12,11,16,19,10,10,14,17,16,12,14,16,19,11,19,19,14,18,18,12,20,14,15
17,15,17,10,18,19,17,14,15,18,12,12,14,11,13,16,19,20,12,14,13,18,18,13,18,17,18,12,16,15,14,17,10,18,18,20,18,14,14,16,20,17,12,10,20,14,10,15,20,10
10,15,14,14,15,19,14,18,12,17,11,17,18,12,16,16,10,12,18,14,13,19,10,12,12,15,13,11,10,17,13,11,18,10,20,14,12,20,19,17,15,16,15,16,19,18,13,18,17,15
15,11,16,19,12,13,11,18,14,15,15,19,18,16,15,14,12,14,16,12,15,20,11,17,20,16,10,19,19,17,14,15,16,20,11,17,13,18,17,14,13,15,15,18,12,12,15,15,10,15
18,17,14,12,10,12,16,18,14,19,17,12,11,18,20,15,15,19,13,18,10,20,11,18,20,16,12,10,11,11,13,10,15,19,13,15,15,18,10,17,15,11,13,16,18,14,13,15,11,18
19,20,12,13,16,16,20,14,20,17,19,19,18,20,12,14,16,13,15,13,18,11,15,16,19,18,12,18,11,15,19,19,20,11,20,13,20,19,13,15,18,14,17,19,16,15,15,15,19,20
18,10,20,13,17,16,10,20,17,19,11,16,14,12,20,12,19,18,12,10,10,14,10,16,11,14,11,12,11,19,12,11,17,15,16,15,17,15,19,16,14,20,19,13,12,10,19,15,14,12
14,11,11,15,17,13,13,17,16,13,12,10,12,18,11,11,18,10,20,14,12,10,20,13,12,17,19,14,20,20,12,19,12,16,19,16,10,16,12,10,17,13,10,17,10,18,10,12,12,14
13,12,20,20,10,14,14,20,19,15,15,15,10,17,12,18,12,19,19,10,11,19,16,11,17,12,10,11,15,16,17,16,16,20,18,18,10,16,18,17,18,16,18,16,10,14,17,19,15,18
12,15,17,17,13,17,19,20,20,17,10,18,18,17,13,19,13,17,19,16,10,11,19,15,15,19,12,20,19,20,13,17,19,11,20,19,16,10,19,12,15,12,11,17,16,11,20,17,17,20
18,18,11,16,18,14,13,20,11,12,20,13,15,13,20,15,13,11,15,10,12,19,18,15,14,15,15,13,18,18,13,14,16,14,17,11,15,11,11,16,20,11,13,14,16,18,16,12,13,10
20,18,15,16,19,20,11,15,10,17,11,14,18,13,20,12,15,17,13,16,16,13,19,18,18,11,18,20,16,20,11,20,11,10,17,13,15,15,14,12,13,17,15,10,10,12,12,18,19,14
14,15,13,18,17,12,14,10,14,15,17,14,19,15,10,13,16,19,10,18,17,11,15,10,19,17,14,15,19,15,20,12,16,11,19,16,11,12,16,13,15,16,18,19,11,20,15,19,14,11
15,12,19,19,16,20,14,10,18,19,10,15,15,18,16,19,17,11,20,14,16,20,19,14,14,16,10,10,13,19,15,12,19,12,10,12,20,15,19,11,10,18,11,13,10,20,18,10,17,12
11,16,17,11,12,19,17,11,16,13,10,15,14,11,19,18,15,15,12,16,18,18,19,12,15,14,16,17,15,19,16,15,16,13,12,17,12,17,10,18,10,12,18,12,11,15,16,12,11,20
11,15,12,17,20,13,10,20,10,18,15,10,15,14,12,20,20,20,18,20,16,15,12,19,16,14,16,18,20,18,16,11,10,11,15,18,11,12,19,11,15,15,15,17,15,15,14,14,14,12
14,17,13,20,20,20,20,16,16,16,13,13,13,12,20,13,20,20,13,10,11,12,16,18,16,15,11,11,14,14,14,12,18,15,19,19,13,10,14,14,11,19,15,15,16,18,11,14,13,10
15,11,11,11,20,20,15,12,12,13,20,16,13,20,15,16,18,14,10,20,14,15,13,20,18,10,17,20,11,14,16,14,20,15,13,17,16,16,18,15,16,19,19,13,19,15,19,17,13,12
10,10,15,15,20,19,14,19,13,14,10,10,19,18,19,17,15,13,12,17,17,12,18,12,13,12,13,14,14,20,16,17,11,14,16,14,18,18,11,18,16,10,16,12,16,11,14,20,14,19
14,15,16,15,12,15,19,19,17,19,13,13,15,18,13,16,13,12,18,11,20,13,14,17,17,18,10,12,16,19,20,12,18,13,13,17,20,16,11,13,10,11,13,16,17,16,19,13,18,13
19,16,11,17,20,13,13,16,10,17,17,20,19,13,16,17,17,16,20,11,19,19,16,19,16,20,17,20,19,18,19,13,16,16,18,13,11,18,10,13,18,15,20,11,13,14,19,13,18,11
16,10,18,12,11,15,14,13,11,10,13,16,16,11,20,11,11,10,11,11,16,11,19,14,15,19,16,18,14,11,15,20,12,11,14,14,19,18,17,15,20,10,13,16,12,12,13,14,13,10
19,12,17,17,10,18,18,14,11,13,11,10,12,11,14,20,12,19,13,15,20,11,14,12,19,18,16,16,16,11,14,14,18,13,14,15,18,13,12,17,15,16,17,18,16,19,15,11,16,19
14,20,17,11,12,12,13,16,19,13,15,13,18,20,12,20,12,18,17,14,12,13,10,19,10,20,15,13,16,17,12,14,10,12,15,13,12,11,16,13,18,20,16,18,20,11,20,17,11,19
15,15,18,18,20,17,20,12,11,20,13,19,18,17,16,15,19,18,11,12,18,10,10,12,15,20,17,14,20,15,13,16,10,18,19,12,16,16,11,12,16,15,13,10,13,20,15,16,12,19
18,12,16,11,13,11,15,15,14,14,12,16,18,16,10,16,18,19,10,17,18,10,18,17,15,16,20,17,14,15,15,14,18,16,15,14,11,13,13,12,18,14,19,12,10,10,12,14,20,14
17,16,14,17,12,19,12,19,15,19,13,16,19,20,14,10,15,11,15,12,11,15,10,15,20,14,19,11,10,15,14,12,17,18,14,13,19,17,12,15,17,10,10,20,14,15,15,15,16,11
14,13,16,13,12,17,16,11,10,15,13,11,19,19,13,20,19,19,19,19,10,14,14,17,15,12,19,10,10,20,19,13,16,12,19,11,13,13,13,13,18,13,16,16,11,18,13,20,11,13
12,12,17,18,10,14,11,19,10,19,16,15,19,11,20,16,13,20,10,15,13,11,20,13,18,16,16,15,18,12,18,16,17,17,14,20,14,16,18,13,11,13,13,18,10,20,10,14,13,11
14,10,14,17,12,19,18,19,17,19,10,15,14,20,10,18,20,18,11,16,18,18,18,17,10,16,13,18,16,17,16,17,15,17,11,18,13,10,11,15,15,15,20,20,12,11,11,20,10,12
17,13,15,11,12,11,15,20,13,13,16,14,11,17,18,20,14,20,19,18,19,11,20,11,14,15,18,15,15,13,16,12,12,20,15,20,20,19,16,15,10,10,14,16,17,19,17,15,13,13

The sequence dependent setup time of each job processed on machine 2.
(Where rows denote jobs: 1 to 50 and columns denote jobs: 0 to 50.For example:The value of Sijk is in row j,column i+1.)
19,14,15,16,13,12,13,14,17,19,10,18,11,11,17,11,15,16,12,14,15,10,12,15,18,12,19,11,18,15,18,16,19,13,13,14,10,20,13,17,16,15,13,14,18,13,19,11,13,15
18,14,18,15,11,19,19,16,17,17,20,18,12,14,11,17,10,16,17,18,18,15,13,16,16,11,13,15,12,17,15,10,14,13,11,10,12,13,19,11,14,15,10,17,14,18,20,16,13,16
19,12,10,15,19,10,15,11,12,18,14,11,13,14,16,19,14,15,19,12,12,11,16,14,11,19,17,16,15,12,12,12,17,12,16,14,10,14,15,12,16,15,12,10,19,13,12,16,11,18
16,18,11,12,11,19,19,12,13,10,13,17,16,14,15,17,12,17,10,11,18,10,12,10,18,16,19,18,17,20,12,11,14,11,10,15,19,13,13,15,15,15,16,19,14,17,14,18,17,17
16,13,11,13,15,17,16,14,19,11,18,12,17,14,16,15,13,11,17,16,17,10,15,19,11,16,12,10,17,15,17,13,20,20,20,16,18,18,13,15,16,14,20,13,15,20,15,20,10,18
11,19,16,11,15,19,10,16,18,12,18,18,12,14,10,19,17,16,15,19,17,13,20,17,13,19,15,13,13,16,12,15,12,19,15,15,20,13,13,16,12,12,17,12,16,12,13,20,14,15
14,19,14,20,10,18,10,10,11,12,12,11,13,20,17,14,18,14,11,17,15,18,19,20,15,20,12,16,19,20,18,18,17,10,15,17,12,14,20,14,14,17,14,17,12,17,20,15,19,14
19,13,11,18,11,15,14,16,14,10,18,20,10,19,16,16,12,13,20,10,16,19,15,20,13,19,19,16,19,10,14,16,13,20,16,16,10,11,17,19,14,14,13,17,14,19,10,12,18,17
18,17,12,19,19,15,12,10,17,12,16,16,12,15,10,13,16,15,16,15,18,17,10,18,11,12,17,10,11,14,15,13,16,11,12,11,15,12,13,10,16,12,11,20,19,11,18,16,12,10
12,17,15,13,10,20,16,10,19,10,11,19,17,15,16,10,17,15,18,20,12,12,11,16,10,12,15,11,10,20,20,19,17,13,19,14,14,18,14,15,20,11,10,20,18,11,12,15,14,16
18,17,10,11,17,13,18,14,14,14,11,11,18,15,19,15,17,10,14,17,10,17,20,13,16,17,18,20,16,10,20,15,10,12,17,17,11,10,18,13,19,13,20,17,13,13,19,18,11,11
17,20,19,13,14,13,11,17,11,13,16,14,14,15,12,17,20,19,14,20,12,14,16,20,18,10,18,10,13,19,14,13,10,12,13,20,15,18,20,20,18,12,11,13,19,15,15,15,12,12
13,16,10,15,15,10,10,13,14,17,14,15,20,12,20,15,20,12,16,19,19,12,14,17,17,12,13,10,13,12,15,16,18,10,12,15,16,12,17,11,12,13,11,16,19,18,19,11,12,11
17,13,18,10,10,15,10,20,13,12,17,13,20,10,10,11,18,12,19,14,17,11,10,19,17,13,15,16,10,11,13,12,15,11,11,12,13,19,16,12,20,14,17,19,16,15,19,11,12,20
16,18,18,10,20,10,20,14,17,12,15,10,16,13,10,16,13,19,10,16,19,19,20,13,11,14,13,16,17,14,16,10,15,20,19,20,18,15,11,10,12,20,10,17,12,10,13,19,15,12
14,13,16,19,17,18,11,16,11,10,14,16,10,10,12,17,12,11,13,10,14,13,17,19,15,11,15,12,11,15,10,14,17,13,14,10,11,13,20,15,16,19,12,18,17,10,10,15,18,14
11,18,17,15,16,18,17,13,14,17,13,19,13,20,19,15,11,10,20,14,15,20,17,19,19,10,10,12,12,20,11,10,14,18,15,19,17,19,14,18,17,13,12,20,10,15,19,17,18,10
13,16,11,18,16,15,19,17,13,16,14,12,11,12,12,12,14,20,11,18,20,13,15,16,17,17,19,19,15,10,12,11,19,18,12,15,10,16,19,10,18,19,20,17,14,12,19,14,18,14
12,14,19,15,16,10,16,12,11,17,14,12,15,14,10,15,18,20,15,11,17,12,19,17,17,13,17,15,15,19,19,16,11,18,10,11,11,12,20,19,15,19,13,11,19,13,12,13,10,18
13,14,13,17,10,17,11,18,18,11,12,12,10,18,15,15,13,13,18,13,11,11,20,19,11,18,12,15,11,18,12,10,18,20,15,15,10,18,18,11,12,11,17,19,20,16,12,19,18,14
17,16,15,13,13,10,12,19,11,16,17,13,19,13,10,11,19,18,17,16,11,13,19,12,13,16,13,13,12,17,20,10,10,18,13,12,17,19,18,11,12,16,10,15,16,17,16,11,17,12
13,15,19,12,13,16,17,17,15,15,10,17,16,12,12,17,20,13,17,17,13,12,20,10,20,17,19,17,18,19,11,12,10,11,17,15,10,13,19,11,10,14,19,17,18,13,10,15,20,19
19,12,16,18,10,20,20,12,11,12,12,18,20,12,15,17,18,19,12,20,14,18,20,19,14,12,15,15,20,20,16,10,13,19,16,12,19,13,19,18,14,15,15,13,18,17,19,18,13,15
16,11,20,18,11,10,15,14,10,18,16,15,15,14,13,11,19,11,18,13,18,18,12,20,16,17,20,16,16,19,12,18,14,13,13,12,19,18,14,19,16,13,19,18,17,11,12,10,18,16
14,16,14,19,20,11,16,12,16,15,18,19,12,13,12,13,15,18,20,13,16,13,19,10,19,13,18,14,20,19,12,14,15,10,15,16,10,20,17,16,10,12,11,12,18,16,16,12,17,20
11,12,12,17,18,14,16,16,17,17,12,20,15,20,16,17,19,14,15,14,10,18,20,11,12,13,15,16,18,19,20,19,18,18,10,13,17,18,17,14,10,14,18,17,14,18,15,20,14,14
18,18,18,15,16,20,18,20,19,10,18,13,12,11,19,11,15,14,16,19,19,20,11,11,11,12,20,15,18,14,15,19,12,10,20,12,14,16,17,10,12,17,16,14,18,15,16,19,19,16
17,16,14,13,14,11,13,12,20,18,18,17,13,12,13,19,11,11,19,11,19,16,16,13,18,20,16,14,16,12,16,18,19,11,17,19,16,18,15,18,14,14,10,14,19,10,15,10,18,19
16,13,11,19,14,14,16,18,16,12,10,17,17,16,19,20,17,12,13,15,18,11,11,13,10,20,15,19,10,16,17,12,15,11,18,11,10,16,12,12,19,19,16,13,11,16,17,10,11,13
18,12,11,10,20,19,15,12,18,18,17,16,14,15,14,11,20,14,13,20,11,11,19,19,19,16,19,18,10,16,20,16,11,17,17,12,13,19,13,20,20,18,12,12,20,11,10,20,16,11
11,17,18,18,10,10,16,17,12,17,15,10,18,17,19,12,20,14,18,16,11,17,14,12,19,15,14,12,16,15,15,14,19,15,14,10,19,16,12,15,20,16,10,11,14,19,15,19,19,12
13,19,10,13,15,13,17,10,15,19,11,16,14,17,19,15,12,15,18,19,10,20,13,12,12,15,17,11,10,17,16,19,15,18,14,11,18,16,12,16,19,20,17,11,11,19,18,14,11,15
11,11,18,20,17,11,20,18,16,14,13,10,14,18,17,15,18,11,13,19,13,11,20,18,12,12,14,14,18,18,17,14,12,11,14,10,17,17,16,10,17,11,12,15,20,14,12,15,14,14
10,20,18,20,17,15,19,11,20,12,13,14,13,19,10,14,13,14,17,19,12,13,18,15,11,10,16,13,19,13,11,17,15,17,11,15,12,16,18,18,13,16,18,16,16,20,11,10,20,10
10,10,18,17,13,17,19,13,10,13,14,11,18,15,19,16,19,15,10,19,20,19,16,10,18,14,17,11,15,10,10,18,11,19,17,15,16,19,12,11,16,19,13,19,20,16,12,17,14,12
11,12,10,19,12,11,14,18,16,10,16,18,11,17,14,16,13,20,10,10,18,18,12,15,18,13,10,19,13,16,10,17,17,19,12,16,18,11,15,10,16,14,16,13,17,17,19,13,15,19
10,19,16,17,14,14,18,16,16,13,12,18,17,10,11,12,20,20,16,16,18,14,12,17,19,15,15,18,20,18,16,19,11,16,15,15,15,14,13,19,14,16,16,18,19,16,18,20,12,17
12,20,20,13,10,19,13,14,14,18,11,16,16,10,19,15,17,13,11,18,13,14,12,17,19,13,16,19,20,17,17,18,10,11,19,20,11,18,10,10,15,12,16,18,11,16,12,17,11,11
10,10,19,10,16,17,18,16,12,19,15,12,18,12,17,19,17,15,13,14,20,18,17,12,17,15,17,14,10,10,17,12,15,19,11,12,15,14,17,18,17,18,12,14,20,13,13,14,11,17
12,14,10,11,17,13,19,13,12,12,10,18,17,20,11,12,12,11,14,13,17,19,11,10,19,13,13,18,16,10,11,10,19,14,12,13,19,10,14,16,12,11,14,15,10,17,10,14,18,19
19,20,13,13,10,15,20,16,14,19,13,16,19,19,12,15,18,10,14,19,11,10,18,17,14,18,18,17,12,20,20,17,10,20,11,12,10,20,19,16,12,16,14,10,14,14,12,14,20,10
16,18,17,19,13,17,15,20,16,10,11,11,10,18,16,18,15,13,16,19,14,14,19,18,17,19,13,17,17,13,10,13,16,10,14,14,10,12,12,12,17,14,12,14,16,19,11,20,15,10
19,17,14,20,19,10,17,10,18,14,13,12,19,13,16,13,19,18,20,16,14,10,19,13,18,14,11,13,13,11,14,20,17,17,16,17,17,12,16,16,10,16,10,18,13,11,15,14,12,18
19,13,20,18,20,16,20,12,10,17,10,15,12,19,14,13,15,12,12,10,16,10,11,16,17,20,20,19,17,19,10,12,20,11,11,12,19,19,12,16,20,15,16,14,20,16,14,18,15,11
15,13,19,12,15,14,20,20,14,20,19,12,20,17,12,13,14,19,17,14,17,11,10,17,12,18,15,11,18,10,13,19,15,12,14,15,15,20,16,14,18,19,14,17,20,10,10,13,16,15
14,10,12,15,14,17,20,13,11,17,12,16,13,18,17,19,19,14,10,19,11,12,16,19,15,16,11,18,11,10,19,16,14,15,14,18,16,18,10,15,14,11,11,18,19,13,13,16,20,11
18,18,11,14,17,10,15,13,11,20,12,11,16,16,19,10,14,17,10,12,15,20,20,13,19,19,12,18,12,17,20,17,18,10,16,18,20,19,17,14,16,11,19,10,10,19,13,20,15,20
10,20,11,13,13,20,15,19,17,13,20,10,10,11,12,17,18,10,19,17,13,19,13,14,13,16,16,19,16,20,11,20,19,19,15,10,11,20,13,13,12,16,13,20,19,20,18,10,13,13
20,10,13,20,15,20,19,20,13,18,17,17,15,17,10,10,11,20,17,18,15,18,11,14,11,11,18,19,18,20,18,12,18,16,15,14,12,15,19,16,13,19,15,17,10,18,14,14,15,13
17,10,17,15,12,10,14,17,10,17,15,20,12,17,11,19,10,12,13,15,15,17,11,16,10,11,18,14,13,10,13,12,15,12,20,14,18,18,11,11,17,18,11,20,15,13,14,14,13,16
11,15,19,17,19,14,20,11,18,16,20,14,12,14,20,13,12,19,12,19,12,15,16,17,13,12,15,19,16,11,20,12,18,17,19,12,15,14,10,15,18,15,20,12,10,20,16,15,10,16

The sequence dependent setup time of each job processed on machine 3.
(Where rows denote jobs: 1 to 50 and columns denote jobs: 0 to 50.For example:The value of Sijk is in row j,column i+1.)
18,13,14,12,12,13,10,10,14,13,16,17,16,13,16,19,12,10,11,16,17,20,14,14,19,19,11,16,12,13,14,18,18,18,19,15,20,16,13,12,10,17,11,13,16,14,18,15,19,13
20,16,20,14,17,14,10,16,15,17,14,13,15,20,16,17,15,16,11,18,11,16,20,15,19,12,19,17,16,11,15,13,20,10,17,18,14,15,16,19,19,17,19,11,10,12,14,19,13,19
10,14,10,11,20,17,16,13,12,15,16,20,13,12,13,11,10,19,12,19,13,18,18,12,20,11,19,20,19,17,18,20,10,11,19,19,11,19,11,13,18,18,10,14,15,11,11,11,18,20
18,15,12,14,15,20,11,19,13,13,16,18,11,14,10,11,11,19,12,12,17,19,13,19,10,16,17,11,11,19,15,19,12,18,20,13,18,17,13,11,20,11,20,15,20,19,14,14,18,19
12,16,15,18,15,11,10,12,12,17,15,16,18,12,18,20,13,19,13,10,19,17,20,10,18,14,12,20,13,18,18,15,14,20,15,20,16,13,17,19,15,18,13,10,10,18,11,18,19,18
20,12,11,13,19,18,17,10,13,13,16,17,20,19,14,18,18,13,18,18,18,16,17,15,17,16,19,14,20,11,15,16,14,16,16,11,15,20,20,15,11,19,19,14,11,19,19,10,13,12
20,10,11,16,18,14,15,16,20,17,18,20,12,12,12,11,14,17,12,17,16,11,17,10,17,11,13,12,13,11,18,10,20,17,10,15,12,19,17,18,19,20,17,11,13,20,13,13,20,14
13,13,11,13,14,11,19,17,15,19,16,16,17,16,17,16,18,20,19,20,10,18,13,14,13,19,19,10,14,12,19,19,13,16,20,12,20,20,20,18,15,19,12,19,14,19,15,19,18,19
15,18,14,15,16,11,11,18,13,18,16,12,16,13,10,11,19,14,12,11,20,16,11,14,12,18,13,19,12,11,11,14,16,14,14,12,20,10,18,18,10,10,17,15,20,16,11,15,17,12
20,13,17,13,11,11,11,11,11,15,15,11,20,14,19,16,18,13,14,18,17,17,17,18,20,13,16,13,16,15,11,13,15,12,19,14,14,16,10,16,16,11,20,20,10,17,20,18,10,15
11,17,16,18,14,17,14,11,13,11,12,16,13,10,17,10,16,12,15,19,17,14,20,18,15,15,17,14,12,19,19,12,14,14,20,17,10,19,10,13,19,12,19,14,12,17,10,15,20,14
20,12,18,19,18,12,17,14,15,12,17,17,17,11,20,18,11,18,10,16,20,13,12,17,17,10,16,12,20,10,11,20,12,16,14,18,16,11,13,16,12,17,11,12,20,17,10,19,20,10
18,13,12,18,15,10,14,13,20,18,13,16,14,10,20,14,10,15,18,17,15,18,12,10,18,16,11,11,14,20,11,18,15,20,19,17,11,11,18,13,16,16,16,19,11,19,12,20,11,17
11,14,15,15,16,11,11,11,11,17,18,20,20,11,10,18,11,11,13,15,16,13,14,19,16,14,16,16,16,13,16,10,13,19,14,18,11,14,20,16,17,17,17,13,13,18,19,12,17,11
17,19,12,17,11,16,16,13,12,20,17,14,16,12,10,15,17,16,13,20,11,18,19,12,15,11,18,10,10,14,14,18,16,20,17,14,20,14,17,10,13,20,14,13,18,16,15,11,16,10
17,12,13,15,20,17,11,14,10,17,17,20,20,13,19,13,12,20,16,17,16,15,15,18,20,13,17,19,15,17,13,12,13,16,20,11,16,19,13,19,14,14,20,17,20,15,20,15,12,18
17,20,16,10,13,18,16,15,19,11,11,14,17,10,19,20,18,10,11,15,20,20,13,13,14,20,14,18,14,14,12,13,20,17,17,15,15,17,11,10,11,18,13,11,13,18,16,12,20,15
11,13,10,20,17,10,19,18,14,15,14,19,18,17,17,13,19,10,12,10,10,14,13,19,16,14,16,20,10,16,15,13,20,14,10,16,17,12,15,12,11,19,11,17,16,11,20,17,20,18
14,15,11,16,15,20,18,19,13,18,18,18,12,13,17,15,20,14,14,12,18,19,17,17,16,11,20,18,18,19,12,13,14,18,10,19,18,10,18,10,14,12,11,20,13,10,16,13,12,14
11,11,12,11,12,18,10,12,20,18,11,13,17,15,12,15,13,14,12,15,16,19,16,14,18,16,14,11,18,16,12,13,19,16,10,17,11,19,12,18,14,11,14,11,18,12,19,10,15,18
15,20,11,13,18,16,10,15,17,12,14,16,17,13,13,20,10,17,19,15,12,11,13,16,15,12,16,17,20,18,12,15,18,10,18,16,17,11,14,15,12,17,19,18,18,17,19,13,16,14
12,12,20,17,12,18,15,16,17,14,12,11,16,10,16,18,11,14,17,15,19,16,18,19,14,15,12,17,16,10,16,19,14,16,11,12,17,14,18,12,15,16,11,16,17,14,12,13,20,18
11,17,17,15,10,19,17,14,10,14,16,18,20,20,11,17,16,19,17,13,12,12,18,12,17,12,15,20,14,20,11,17,17,13,15,20,19,15,17,10,19,20,15,14,12,16,15,10,18,10
12,13,20,10,11,18,20,11,12,17,16,19,15,19,16,12,11,19,12,13,15,15,18,18,17,10,11,10,15,16,13,11,11,19,14,20,10,12,10,16,20,18,10,14,12,14,17,18,10,14
19,19,20,14,20,11,19,18,10,16,13,16,13,17,17,17,15,14,18,20,13,19,14,18,12,16,17,10,19,19,20,20,13,18,19,10,11,15,20,17,11,13,13,14,19,11,18,13,11,16
18,10,18,13,20,16,15,15,14,20,15,13,10,17,18,16,20,19,11,17,10,17,10,10,16,12,19,17,13,18,13,10,16,14,19,14,19,14,20,12,12,14,20,13,17,11,16,15,15,14
19,16,15,11,14,11,17,12,18,19,12,17,16,19,14,18,19,18,15,12,19,12,14,17,19,12,13,17,20,18,14,20,12,13,18,11,18,10,10,14,14,12,20,12,16,12,20,19,13,15
10,20,10,14,17,14,18,15,12,19,13,20,17,11,19,19,16,18,19,19,10,13,13,19,15,12,17,10,10,15,10,14,11,16,16,15,15,16,14,16,20,17,18,19,17,12,16,18,11,13
20,12,13,10,19,14,13,16,16,16,18,12,13,17,18,13,15,11,12,13,13,12,11,11,15,14,18,15,18,13,17,18,12,14,12,11,19,16,19,17,17,15,13,13,10,19,17,16,16,16
20,16,16,16,10,20,11,15,20,17,15,15,16,20,15,12,17,18,10,15,19,20,17,18,20,13,13,20,18,13,15,12,13,15,16,16,14,17,10,12,10,15,19,10,10,10,10,20,17,13
17,11,16,11,17,13,17,12,12,18,18,10,11,10,20,16,15,18,13,16,16,16,15,10,17,16,12,14,16,14,12,13,16,17,18,16,19,19,10,18,18,13,20,10,17,13,11,13,15,15
14,16,20,16,14,10,10,15,16,10,18,10,18,19,18,20,10,14,20,14,12,14,14,20,13,18,10,17,12,20,15,17,10,10,18,10,15,14,12,11,15,17,14,13,20,12,10,16,16,13
11,12,18,20,15,17,13,13,18,20,20,17,11,12,16,10,12,17,19,11,16,10,16,17,19,12,17,16,11,13,17,19,12,11,19,14,19,15,15,20,18,15,13,20,18,19,12,11,11,14
15,14,20,20,12,12,20,18,20,17,15,20,13,20,10,15,15,16,15,19,11,20,14,20,13,13,12,13,15,12,11,10,18,20,14,11,16,10,11,10,11,11,20,17,16,18,12,12,16,16
18,19,19,20,12,12,11,10,17,13,14,16,17,11,17,10,15,20,17,12,16,10,12,17,10,20,19,20,19,12,19,20,15,11,16,12,12,14,19,20,18,17,11,13,10,14,16,16,11,16
10,13,12,11,14,20,18,16,11,20,15,11,18,11,14,15,14,11,14,17,12,13,11,17,10,16,16,13,16,11,18,11,17,10,18,12,16,14,14,19,15,18,13,13,16,19,15,17,17,16
16,19,11,15,18,11,12,10,11,13,16,15,18,17,18,13,18,11,11,12,14,17,13,11,20,20,19,12,19,17,19,17,20,11,16,10,17,19,14,20,15,11,15,11,20,11,13,13,11,10
17,18,11,16,15,10,10,10,16,18,10,20,20,16,10,10,20,15,12,17,19,17,18,14,10,11,14,13,20,10,18,20,16,13,18,13,16,13,11,15,20,17,20,17,19,12,17,20,14,18
18,17,15,12,13,18,18,16,16,13,16,20,10,20,16,15,20,16,14,10,16,16,13,12,15,13,11,17,13,19,11,15,14,10,20,10,11,19,10,14,14,19,11,10,13,16,10,13,14,16
10,11,12,12,10,14,14,15,18,12,14,19,18,13,10,15,11,11,13,12,15,18,15,10,20,19,20,17,16,16,11,14,10,18,10,15,18,19,18,11,18,18,18,12,19,10,15,10,10,16
19,10,16,13,18,16,10,13,15,19,16,17,20,11,14,10,10,19,11,15,14,10,20,11,20,16,15,15,10,16,20,12,17,14,18,19,16,12,13,19,14,11,16,13,17,19,16,15,17,18
18,19,18,17,14,20,10,15,18,12,17,15,12,10,19,20,15,17,19,20,19,18,10,12,17,12,18,11,14,18,16,16,17,18,12,20,16,16,12,19,18,14,15,13,16,10,14,10,14,10
13,13,19,12,14,20,11,13,19,12,18,10,16,13,19,20,13,19,16,19,12,13,15,17,20,16,18,10,15,19,19,16,15,19,16,16,13,13,10,10,19,20,15,17,19,13,13,13,20,14
12,18,17,19,13,18,11,10,14,15,14,20,16,17,14,11,16,14,11,17,16,14,20,14,13,16,18,19,14,16,10,16,13,12,13,16,20,14,20,17,15,18,19,11,19,20,10,11,14,19
12,10,16,11,19,18,12,12,14,15,12,17,11,10,12,19,19,12,14,17,12,18,20,17,12,16,12,15,11,16,20,16,19,17,18,19,16,20,10,19,16,10,18,15,20,14,10,20,14,20
12,19,20,10,10,13,15,16,19,10,11,13,20,12,11,14,19,19,12,20,17,20,10,19,12,12,16,20,17,18,15,15,16,11,10,20,18,10,19,16,11,19,14,13,16,20,19,15,13,13
20,16,11,14,14,12,14,19,19,18,20,12,16,20,17,11,11,13,16,13,10,16,15,10,18,15,10,11,20,17,11,19,11,20,11,16,11,18,15,19,12,18,15,19,17,14,18,14,18,18
20,20,20,11,18,12,15,19,13,20,18,15,12,16,10,17,16,14,18,10,12,13,13,17,15,19,17,20,19,20,16,20,10,18,17,19,16,20,16,16,19,14,16,20,12,10,18,12,18,20
18,13,20,15,11,15,16,17,16,14,20,11,12,11,20,11,14,13,15,15,12,13,17,11,17,17,15,16,17,17,14,17,10,10,16,15,17,13,12,11,15,12,13,20,17,18,10,15,15,10
11,17,13,10,13,13,12,10,12,11,18,19,11,18,10,14,19,11,19,20,13,13,17,14,20,14,10,15,11,14,10,14,11,13,19,13,15,10,10,14,14,11,17,13,18,12,11,14,11,13
11,19,15,16,11,12,13,18,16,12,18,20,15,11,10,10,12,13,17,14,13,19,17,13,18,17,16,18,20,17,15,15,10,15,14,11,11,12,11,14,16,11,20,15,19,14,19,12,20,15

The sequence dependent setup time of each job processed on machine 4.
(Where rows denote jobs: 1 to 50 and columns denote jobs: 0 to 50.For example:The value of Sijk is in row j,column i+1.)
20,11,11,10,16,10,11,10,10,19,14,10,12,18,16,14,16,16,18,16,14,18,11,13,16,18,11,10,19,11,14,15,20,15,13,13,17,15,14,12,19,15,19,11,14,18,16,19,11,13
16,17,16,15,14,15,13,18,20,10,14,17,20,19,12,17,12,11,19,17,11,12,13,18,16,18,15,12,11,17,12,14,10,19,16,13,15,19,19,15,19,12,20,13,16,12,18,13,11,17
11,18,20,16,13,11,11,12,16,14,19,18,16,16,14,15,12,10,13,12,18,14,12,18,16,16,20,10,13,14,14,10,17,18,15,10,16,17,19,20,10,12,10,14,15,17,16,11,15,14
14,10,10,20,15,10,16,12,17,20,17,20,16,20,16,15,13,13,20,20,19,12,12,19,10,10,19,13,14,12,15,10,15,10,17,18,18,18,18,20,13,18,20,14,11,20,16,16,16,12
18,12,15,11,13,16,13,16,12,20,11,20,13,15,14,11,19,10,16,18,20,10,20,17,17,20,20,19,10,10,13,13,20,18,18,14,11,19,19,14,10,19,19,17,18,11,13,14,17,10
19,15,18,13,19,18,11,16,14,16,16,14,18,20,13,20,11,13,19,19,19,10,17,17,18,14,18,12,10,15,17,13,17,13,17,11,20,13,19,15,11,13,16,18,19,13,19,15,17,17
15,10,20,10,17,20,19,10,12,11,14,14,14,16,12,18,10,14,13,12,14,15,18,15,15,18,17,15,10,17,16,10,11,11,14,17,15,15,10,11,20,19,20,16,13,15,12,18,11,16
14,11,10,20,15,12,16,14,13,11,14,16,10,10,16,10,10,12,13,12,17,19,12,19,10,10,20,19,10,15,20,15,16,15,10,15,20,20,14,20,12,11,13,19,19,17,14,16,20,18
19,15,15,19,16,20,19,12,12,12,13,12,12,16,18,18,10,19,11,12,13,10,12,11,11,14,17,17,11,19,10,16,12,10,10,13,19,11,15,12,16,14,11,20,15,18,12,13,13,12
18,11,14,10,11,14,10,10,13,17,20,11,15,20,15,10,13,15,19,19,20,13,12,20,11,18,11,12,12,17,15,12,10,20,10,17,18,20,19,14,10,18,16,10,15,20,10,13,16,20
17,10,10,19,19,11,18,10,16,12,16,20,14,11,17,11,15,17,19,17,17,15,12,11,10,12,18,17,14,19,10,11,13,15,18,12,17,17,17,19,13,18,16,17,11,14,20,14,18,16
14,11,20,11,10,12,20,15,11,17,18,18,15,14,14,13,15,13,17,15,20,10,14,20,12,11,11,19,10,11,14,12,20,15,15,17,16,17,16,10,17,19,18,19,11,14,16,11,18,17
17,12,19,12,18,20,16,12,17,10,19,19,15,11,14,17,17,11,20,10,17,13,11,12,10,14,15,20,16,17,13,10,20,20,16,16,15,14,16,19,12,11,11,20,13,18,12,18,11,16
20,11,13,10,16,20,17,17,14,18,14,10,20,17,12,17,20,18,18,20,13,12,18,18,15,15,14,11,20,17,20,17,12,10,20,16,11,15,12,16,15,15,11,11,10,17,10,12,19,13
12,16,10,14,19,10,20,19,11,12,13,10,10,10,20,10,15,15,11,11,18,15,14,19,11,11,18,10,11,14,19,14,18,20,18,13,19,12,12,14,18,10,20,12,20,17,14,14,15,20
20,10,15,12,11,18,15,14,20,16,19,19,10,13,19,19,19,20,14,12,14,14,12,13,11,17,12,10,19,13,17,17,19,13,12,19,13,12,17,15,12,17,15,15,18,10,18,10,16,16
17,18,17,12,20,15,10,17,13,10,18,11,15,10,20,13,10,20,20,10,17,17,20,12,19,11,15,20,12,17,11,17,14,17,16,14,18,19,16,20,13,17,16,19,20,13,13,14,17,16
16,14,10,11,20,11,19,12,20,12,16,18,19,20,11,17,16,11,10,16,19,19,14,10,14,13,19,14,15,19,11,16,16,14,12,14,13,20,12,13,16,18,16,15,18,11,18,12,14,15
14,13,16,10,14,10,14,16,16,14,14,10,19,12,14,15,13,11,12,20,19,14,11,12,20,11,11,15,11,20,20,19,20,10,16,12,18,12,16,14,10,15,14,20,18,14,19,16,12,11
16,18,17,14,16,13,14,13,17,13,10,14,13,15,16,10,18,11,16,12,15,14,14,13,13,10,18,15,16,12,16,17,16,20,19,18,19,15,18,18,20,17,16,17,13,11,17,14,10,17
16,16,20,19,19,13,12,13,19,11,19,14,14,18,12,10,16,20,14,14,17,12,17,20,19,19,20,10,18,20,12,15,19,11,17,13,19,17,12,13,20,14,20,18,12,11,10,17,17,10
11,20,13,15,14,10,12,15,16,10,15,15,10,19,12,13,14,16,15,17,15,14,15,13,19,18,19,13,20,15,16,15,15,18,11,14,19,18,20,10,17,12,18,12,17,13,18,18,15,17
16,11,18,17,16,19,14,15,17,15,11,10,10,14,19,16,14,13,16,18,15,16,11,14,16,17,17,16,19,16,14,13,18,18,18,16,16,13,17,14,19,20,11,16,18,18,12,19,11,12
15,13,20,14,20,15,19,19,14,13,17,19,14,20,16,19,10,18,15,10,12,16,13,18,15,14,15,20,14,15,12,14,19,15,20,17,20,10,10,17,16,17,17,17,11,14,19,10,13,12
20,16,18,14,20,15,14,12,20,18,12,20,14,10,17,13,17,10,20,20,13,17,15,16,17,20,16,11,12,19,17,16,16,19,20,20,19,11,17,17,18,15,13,20,19,10,11,19,11,10
19,13,17,15,15,13,16,12,20,16,13,20,16,16,18,18,20,16,15,19,16,17,11,14,19,12,17,15,15,10,10,10,16,13,17,17,20,11,20,14,16,19,18,12,18,12,19,15,12,15
18,19,10,14,16,19,12,10,10,16,19,20,18,13,18,19,11,11,17,13,16,14,17,20,16,13,11,14,14,17,16,19,19,13,17,13,16,15,14,10,13,18,16,17,13,10,10,13,12,17
19,11,19,11,20,11,17,14,15,17,12,20,13,11,18,16,12,13,13,14,20,11,16,20,10,16,12,10,13,17,13,19,10,14,14,16,18,19,15,18,15,17,18,17,13,13,20,10,19,14
12,20,19,10,11,15,15,15,10,18,13,11,13,11,12,18,17,14,12,16,19,15,19,20,17,13,16,16,12,17,19,13,11,13,13,15,10,16,12,16,19,16,15,10,11,10,10,12,20,13
13,15,13,20,20,14,15,11,11,15,15,16,20,10,19,12,16,13,13,15,16,11,16,14,16,14,15,20,17,13,18,10,16,13,15,13,15,16,10,16,14,17,18,16,18,14,19,19,14,17
18,17,17,15,17,15,12,14,19,11,11,16,14,11,10,10,19,12,14,17,16,18,10,15,20,18,16,18,12,14,10,13,17,11,17,11,15,16,20,11,16,20,12,11,17,10,20,14,16,17
10,10,19,15,17,13,12,13,19,16,20,11,12,12,20,16,12,16,19,11,19,13,11,20,12,10,16,19,15,12,13,14,13,12,10,16,11,14,19,19,20,11,17,20,16,19,14,18,12,12
15,13,11,18,12,20,20,17,17,18,18,14,14,16,11,15,18,19,12,12,18,16,14,12,10,14,16,12,17,15,14,19,16,19,17,13,18,19,16,15,17,12,11,17,11,16,12,11,16,18
14,13,11,19,14,17,18,10,17,11,19,10,10,20,13,13,20,13,17,13,17,15,16,14,19,13,14,15,17,15,20,12,16,10,20,12,16,11,19,17,13,11,16,15,18,11,10,10,20,16
19,10,12,19,13,19,16,17,13,14,12,12,20,16,10,20,16,14,11,19,11,19,13,14,11,12,13,12,17,15,16,19,19,10,12,10,10,18,10,20,17,20,19,12,15,11,11,14,10,13
18,14,15,14,20,20,17,12,12,19,15,19,20,15,17,17,14,20,15,11,15,11,12,15,20,18,13,20,12,16,14,10,19,16,11,12,14,18,16,12,10,17,19,10,10,12,18,13,10,17
19,18,18,17,16,14,19,19,15,19,20,19,12,15,16,12,15,14,18,20,10,15,19,19,11,17,17,12,20,10,13,19,13,13,15,19,15,13,11,18,13,18,17,14,12,12,10,10,20,19
16,11,11,11,12,18,10,13,16,19,20,14,15,11,18,12,15,11,17,17,10,19,12,12,10,15,20,12,10,10,17,15,18,10,17,18,18,13,14,16,10,12,13,12,14,20,10,14,12,19
13,11,17,13,13,11,15,20,18,16,13,14,13,16,18,14,17,11,11,12,10,11,20,11,20,12,13,19,16,12,13,16,19,10,10,12,20,14,15,14,17,14,19,19,10,11,14,11,12,11
11,10,18,10,10,15,14,15,15,20,17,11,13,16,11,10,19,11,10,19,10,12,10,10,19,17,13,13,16,13,16,17,17,11,10,14,17,20,14,19,13,18,10,20,12,19,17,10,20,19
14,16,11,13,17,18,10,11,20,15,17,18,19,20,16,11,10,16,15,13,18,11,14,13,17,17,13,15,13,11,10,19,13,16,20,20,13,13,19,19,15,10,16,17,17,11,17,10,20,20
18,10,14,17,15,18,13,14,12,15,17,18,14,13,11,14,15,20,14,14,13,11,10,12,12,11,10,20,13,17,18,15,19,12,13,14,18,13,10,19,20,13,12,20,16,13,11,18,19,18
10,13,14,10,12,10,12,13,11,15,10,11,10,15,15,15,15,13,19,16,17,20,16,20,18,12,13,18,16,15,10,16,15,11,17,19,13,16,12,18,15,13,18,16,19,19,11,10,10,13
16,14,17,17,19,19,16,10,10,10,11,17,14,20,13,19,14,10,10,18,20,13,16,11,13,15,15,16,19,11,17,16,10,15,13,12,18,14,14,14,14,20,15,11,18,16,11,10,12,18
14,18,12,20,14,11,14,17,13,15,13,17,18,15,13,19,10,11,14,12,15,14,18,18,16,11,10,14,20,16,16,17,16,17,12,17,16,11,14,10,13,17,10,20,13,12,13,19,18,19
10,17,11,11,18,17,11,16,18,10,10,17,10,10,11,14,13,12,19,13,15,15,12,20,11,15,20,10,13,15,15,11,19,15,19,13,10,15,15,11,17,20,20,12,19,19,20,13,17,18
15,19,13,14,14,13,18,14,17,13,12,20,14,20,19,15,19,19,13,15,12,12,17,13,11,10,13,12,14,20,19,20,18,20,10,14,20,12,10,13,11,11,16,12,15,12,20,13,18,18
16,13,16,10,19,10,17,14,10,10,20,20,14,12,19,15,12,14,12,20,11,14,17,15,20,12,16,12,16,19,15,14,16,12,12,10,12,15,17,19,10,10,12,12,13,16,10,16,18,17
15,13,15,17,18,12,14,19,15,15,18,10,12,12,13,14,13,10,18,14,12,17,10,18,17,12,15,18,20,11,17,19,13,14,10,13,18,10,12,13,18,12,11,15,16,10,11,11,18,17
14,18,12,20,15,11,15,18,13,18,14,19,20,15,11,12,18,10,10,19,15,20,18,15,12,13,19,19,18,15,20,10,14,17,17,15,12,16,16,20,19,17,12,19,17,11,10,11,14,16
16,10,14,19,20,13,10,13,10,10,16,15,18,10,11,18,18,15,11,19,16,13,18,14,17,19,11,19,20,18,16,15,10,10,14,20,19,18,17,19,20,19,15,19,19,18,15,18,10,11

The sequence dependent setup time of each job processed on machine 5.
(Where rows denote jobs: 1 to 50 and columns denote jobs: 0 to 50.For example:The value of Sijk is in row j,column i+1.)
16,14,17,20,12,17,12,17,13,16,13,20,18,17,15,10,14,20,10,11,12,18,17,16,16,19,17,12,16,14,12,16,19,10,14,15,20,16,12,11,19,13,15,12,16,11,20,16,19,20
19,13,13,18,19,16,16,19,14,18,13,12,10,11,14,20,10,16,19,14,15,16,19,15,19,14,10,20,10,12,19,20,14,17,11,20,19,18,12,20,19,11,17,17,15,19,14,10,13,16
20,15,16,16,17,10,12,15,16,17,20,13,15,13,19,19,13,17,18,14,16,14,15,15,15,18,16,14,18,10,19,10,18,17,20,12,15,15,11,20,14,12,10,19,18,11,16,11,15,18
16,10,16,20,13,17,17,20,19,17,15,13,13,12,14,17,20,15,11,19,19,18,18,10,12,15,18,11,15,16,11,13,17,18,20,19,12,15,10,16,18,13,16,17,12,12,10,17,14,12
14,15,15,16,19,10,11,10,20,15,14,16,19,13,16,20,18,14,11,16,15,18,13,18,10,15,18,15,20,19,10,17,19,13,13,11,12,20,15,17,10,19,11,20,18,10,16,17,12,17
18,18,14,14,17,16,10,17,12,16,15,18,18,17,17,15,11,12,17,19,19,14,10,12,12,19,19,16,14,15,20,20,16,16,13,10,12,18,18,12,18,15,12,15,19,13,19,14,18,18
10,10,14,11,12,14,13,20,15,10,19,11,15,20,20,15,14,20,20,17,18,16,15,13,18,18,12,12,12,14,12,16,10,17,11,18,19,20,10,16,12,16,16,18,20,15,19,19,14,13
16,16,11,16,15,10,14,15,19,16,11,12,20,16,16,10,20,14,19,16,11,10,15,15,13,19,20,13,15,16,10,17,10,14,14,20,16,20,12,15,19,18,20,15,18,15,18,19,16,15
20,17,17,18,18,10,20,20,16,11,19,17,15,14,18,19,16,19,12,18,19,10,10,19,19,10,17,11,19,15,17,18,12,13,12,17,11,20,16,10,12,15,12,13,20,18,10,20,20,19
11,20,17,17,14,13,11,20,15,10,13,14,16,17,14,14,18,19,19,13,19,18,19,17,17,13,17,10,18,20,20,13,20,17,17,13,18,13,20,15,19,14,19,15,19,18,13,12,10,11
18,15,15,18,18,17,14,14,17,10,12,15,11,13,16,19,19,18,18,15,13,12,20,14,19,18,10,15,16,15,17,15,20,17,13,12,16,19,20,20,16,19,19,16,10,18,20,17,16,17
11,12,18,11,19,16,13,18,10,17,20,20,20,10,10,19,18,20,10,20,18,13,14,20,11,10,20,19,19,13,15,20,11,14,10,17,19,15,15,13,13,17,15,14,13,11,18,19,18,15
13,12,18,17,20,13,10,15,12,13,12,18,11,13,19,19,20,12,10,11,10,13,10,16,19,20,10,17,11,18,18,12,16,13,12,19,13,14,10,20,15,12,11,13,14,11,17,10,16,14
17,12,17,15,10,14,18,18,11,16,12,19,12,18,15,20,12,14,12,16,19,10,12,10,10,13,12,15,10,20,13,18,15,12,17,19,11,11,15,10,19,12,13,20,17,18,20,13,20,13
10,18,15,12,12,13,14,15,16,10,13,17,16,12,14,14,15,20,13,14,19,19,10,14,10,10,16,12,14,10,15,15,11,14,17,16,12,19,20,18,12,10,13,12,11,12,12,18,12,15
16,15,15,15,12,14,17,12,15,14,15,15,15,16,20,10,10,12,18,13,15,17,16,20,13,12,19,13,20,16,19,20,18,11,17,11,20,20,16,12,10,19,14,18,13,20,19,15,11,15
16,16,17,19,15,20,18,20,17,13,10,12,15,16,19,14,17,12,18,17,15,20,16,11,16,14,14,14,13,20,19,19,10,19,14,12,15,20,15,14,17,11,11,12,10,17,10,19,10,12
18,18,12,11,18,19,20,20,12,20,12,11,19,19,19,14,19,15,20,17,20,17,17,15,13,16,11,15,18,12,18,20,18,18,13,10,17,20,13,18,15,11,15,10,15,10,11,15,17,18
15,10,18,14,17,19,12,16,14,14,18,14,15,10,14,18,17,10,18,13,11,15,14,20,20,19,18,18,12,18,19,13,11,13,14,15,10,13,15,15,13,13,16,10,11,11,16,12,13,12
18,14,18,16,16,19,12,10,18,16,17,10,18,14,11,18,10,18,19,12,12,13,11,18,20,11,16,16,15,10,17,11,10,17,16,12,18,10,12,14,19,14,12,18,11,15,17,13,12,10
20,20,13,18,11,18,12,10,20,20,18,14,14,17,19,14,19,14,14,17,19,12,18,19,20,10,15,12,16,13,17,17,14,19,17,12,16,13,11,13,18,15,18,18,20,16,15,15,13,18
13,10,16,12,12,19,13,19,19,13,11,19,13,16,17,20,13,16,12,18,19,14,17,13,12,14,15,17,14,11,11,20,18,11,11,15,12,15,13,14,13,13,19,12,14,19,14,17,19,20
10,16,20,19,20,17,19,18,19,19,18,17,15,13,12,11,13,11,19,16,20,17,14,20,20,14,11,12,16,14,12,14,18,11,18,12,16,16,20,11,18,11,16,11,12,13,12,16,19,12
11,15,12,18,15,10,10,17,17,13,11,18,16,12,18,11,18,14,16,18,18,15,12,11,14,19,15,10,14,13,18,11,10,10,15,14,11,13,16,11,14,13,15,12,19,18,14,16,16,19
17,13,16,15,14,17,14,18,20,11,14,20,17,18,19,16,13,20,20,15,15,13,14,17,16,11,12,18,13,12,16,15,13,11,18,13,18,11,16,18,11,18,19,16,18,18,14,16,17,12
16,12,20,17,11,10,20,18,15,16,12,19,16,13,10,13,18,16,12,11,16,19,14,16,20,14,15,17,19,13,10,14,20,19,13,19,20,11,15,17,11,14,10,17,18,15,19,10,12,18
12,16,16,11,17,14,15,12,14,14,17,18,18,10,13,12,12,17,11,14,10,16,14,18,15,19,16,20,17,10,12,20,13,20,10,15,20,17,18,17,20,11,10,18,15,17,17,12,10,19
13,17,18,14,15,14,17,10,19,10,15,17,10,15,15,12,12,18,12,14,17,16,16,20,12,12,18,13,15,14,20,19,13,13,16,10,20,11,13,10,17,14,14,11,15,18,19,13,20,19
16,18,11,10,18,16,16,18,19,16,17,15,19,15,15,14,11,17,19,14,20,16,14,20,16,12,11,12,19,13,17,14,13,11,17,20,18,14,10,10,12,18,20,11,19,13,12,14,10,11
11,16,14,11,11,15,19,11,15,20,15,20,20,18,11,15,11,14,14,15,18,18,12,10,18,20,17,20,20,13,20,19,17,12,14,11,17,18,13,19,19,15,11,18,10,19,15,12,14,10
10,20,18,15,17,18,13,20,19,12,12,15,13,15,12,13,10,10,13,14,19,20,13,13,18,17,17,11,18,20,19,11,15,18,11,19,20,17,17,20,13,12,20,14,19,12,13,16,12,20
18,12,13,10,14,15,20,10,10,20,16,13,10,17,18,19,10,19,20,19,11,18,12,15,12,16,14,17,17,14,19,14,10,12,17,18,14,18,20,15,11,14,12,15,13,17,12,17,12,12
11,12,18,11,16,20,17,19,12,20,18,18,14,15,12,12,16,13,17,16,12,15,17,20,15,20,13,15,14,16,12,16,12,19,12,19,17,12,15,15,14,19,17,17,18,15,15,15,18,10
14,19,11,19,11,15,10,15,15,13,17,19,19,15,15,13,20,18,15,12,17,10,11,10,14,20,10,12,10,13,13,13,17,10,17,19,18,18,18,20,15,16,11,11,16,19,14,12,12,19
16,14,19,17,17,10,18,18,17,16,12,12,12,15,19,19,10,16,19,13,13,10,19,10,19,10,10,20,12,15,18,15,12,14,13,20,17,15,13,11,10,10,12,19,11,16,10,12,13,17
11,14,18,13,17,17,14,15,19,18,20,10,12,16,19,14,12,18,15,19,13,15,13,15,14,19,14,12,12,16,13,14,19,20,13,13,17,16,17,12,18,14,15,20,11,17,17,10,10,18
13,12,18,20,13,12,19,12,12,18,18,13,16,11,20,10,18,14,12,17,19,20,10,11,19,20,14,18,20,20,19,11,17,14,12,14,12,14,14,17,13,11,13,13,17,13,15,18,11,16
15,19,12,11,12,12,10,20,11,18,19,18,14,16,13,20,11,14,11,16,10,13,18,14,13,10,14,20,20,20,18,13,10,19,17,10,19,10,14,10,19,10,17,16,18,14,14,12,16,15
13,16,12,19,17,10,12,17,19,20,16,12,16,17,17,12,10,14,18,12,15,17,10,19,10,17,15,15,14,14,20,13,16,15,19,15,14,20,14,14,18,18,14,13,20,13,20,19,15,15
15,18,18,13,12,11,11,16,14,16,15,15,13,16,16,19,16,10,11,10,15,13,16,19,10,15,14,13,11,13,12,10,16,18,15,16,15,13,15,15,11,13,15,20,17,13,13,15,20,11
12,17,16,18,14,12,12,18,12,19,15,20,16,18,20,14,15,11,16,15,20,15,18,12,14,17,14,13,10,13,18,12,10,10,14,13,19,16,14,19,14,16,17,18,17,15,15,14,18,17
12,11,14,18,13,11,17,17,15,15,20,14,17,10,17,12,11,18,10,17,16,11,18,13,15,18,18,16,15,13,16,11,10,16,16,18,14,16,17,11,19,11,19,19,16,15,18,15,16,13
20,19,11,17,12,11,16,13,19,19,11,18,10,12,18,15,17,18,13,18,20,17,14,16,18,17,18,19,19,10,13,10,13,11,16,18,20,17,14,19,15,13,13,11,19,12,11,14,18,11
12,13,19,12,12,19,10,17,16,20,10,16,17,11,20,15,12,15,12,19,14,15,11,12,10,16,14,11,15,18,20,18,17,15,14,11,14,20,20,13,11,18,12,14,10,20,15,17,19,19
10,18,16,18,10,17,13,13,11,20,17,13,17,16,12,15,10,10,20,13,10,20,10,13,11,18,10,13,17,14,13,19,15,14,20,12,16,14,16,20,11,14,16,14,20,17,19,18,18,15
15,10,14,12,19,14,19,15,11,12,20,16,15,19,11,19,10,13,14,17,11,19,16,16,12,12,15,20,19,15,14,19,20,19,13,15,15,10,17,17,18,11,19,15,18,12,11,19,20,16
12,19,16,10,12,17,20,13,10,12,10,14,10,20,18,14,20,15,17,11,13,13,20,11,15,20,11,13,13,17,19,16,20,11,10,12,19,16,18,14,17,13,20,18,13,19,16,19,11,16
15,13,12,20,11,18,10,17,19,13,13,13,13,19,16,17,11,14,17,17,20,17,19,17,12,16,11,19,18,19,11,13,16,15,19,13,15,19,12,10,15,16,14,10,15,11,17,15,17,13
19,10,15,16,15,15,18,16,13,19,12,19,13,15,11,13,10,20,10,16,10,17,19,17,11,20,16,15,17,17,20,19,14,17,12,11,15,18,19,17,10,13,10,13,17,11,14,10,10,10
20,15,14,11,18,19,11,16,14,13,14,11,20,14,15,12,13,17,18,15,18,19,15,20,20,10,16,14,14,10,11,20,19,11,10,11,19,18,16,17,11,13,10,20,13,13,17,20,12,10
16,12,16,15,15,19,14,19,15,14,15,19,18,16,20,19,16,12,13,15,11,15,15,13,18,11,16,13,16,10,20,15,19,17,18,14,11,13,17,14,11,19,12,15,14,10,17,13,10,20

The sequence dependent setup time of each job processed on machine 6.
(Where rows denote jobs: 1 to 50 and columns denote jobs: 0 to 50.For example:The value of Sijk is in row j,column i+1.)
18,16,11,12,15,13,12,14,10,18,13,12,14,18,10,13,16,20,10,14,10,12,13,16,10,19,15,19,13,11,17,10,10,12,13,14,11,15,17,10,11,12,13,20,18,19,15,19,20,14
14,17,20,17,16,12,13,11,10,16,19,18,12,19,14,16,11,17,12,18,13,13,17,14,20,15,19,10,11,12,18,12,13,16,20,11,14,15,15,12,15,13,18,20,20,13,14,12,15,19
20,17,15,19,18,10,17,15,15,15,17,20,19,18,13,15,20,12,15,10,10,10,18,17,16,18,15,16,14,17,15,17,19,16,13,15,12,19,17,19,17,20,14,13,10,20,11,11,16,16
18,17,11,10,15,19,10,11,17,14,11,14,13,11,13,13,10,18,14,19,16,10,14,17,16,16,15,11,17,14,13,17,10,15,17,15,15,16,10,11,10,10,13,17,13,13,12,14,10,10
17,11,16,11,10,19,17,13,18,11,16,11,16,16,14,14,19,17,12,14,20,19,18,19,10,13,20,10,18,14,10,12,15,14,17,16,13,15,12,16,17,18,17,11,17,16,16,20,12,17
19,17,12,12,12,15,13,18,17,11,14,14,17,19,10,19,10,16,14,15,18,11,13,16,16,17,19,15,15,20,10,17,18,19,10,19,16,17,13,12,14,11,20,11,16,16,18,10,18,11
12,16,15,11,15,15,11,12,17,14,18,13,11,11,10,17,15,10,17,19,13,20,16,17,17,20,19,17,13,20,20,11,17,16,19,17,19,19,11,13,17,20,10,18,14,17,17,11,16,18
14,13,12,20,17,17,18,12,11,19,18,15,17,11,20,16,17,14,12,12,10,11,11,14,10,17,17,19,11,15,19,10,13,14,16,16,20,11,14,14,13,10,15,11,12,15,16,18,10,14
18,10,16,17,11,10,12,20,20,19,18,19,14,17,16,10,14,12,12,10,20,19,13,10,10,13,14,14,12,12,20,16,12,19,17,20,10,13,14,11,16,10,20,16,11,18,13,16,18,13
11,18,10,15,17,15,11,13,19,19,13,10,17,20,19,10,12,15,19,11,17,20,17,19,17,11,16,17,12,12,17,20,19,19,14,16,13,13,11,17,14,11,12,18,12,20,13,16,19,15
10,11,20,17,17,18,14,18,16,20,14,16,14,14,20,19,19,11,16,19,12,10,15,20,16,12,12,11,15,13,19,19,20,13,15,14,20,11,13,13,11,16,20,19,18,16,13,13,16,15
11,10,13,11,11,16,14,11,19,17,12,20,17,14,15,20,20,20,10,10,14,15,11,16,19,20,16,12,16,15,12,10,15,14,16,14,19,14,10,18,11,14,18,19,16,19,15,12,17,17
15,17,17,15,19,14,20,12,14,10,16,13,10,11,16,15,11,15,14,18,14,16,20,12,14,15,16,14,13,18,19,17,13,15,14,16,13,20,20,18,13,20,17,11,17,12,18,17,19,11
11,15,20,10,10,10,10,15,16,13,17,20,13,15,17,10,17,17,12,10,16,12,14,10,20,17,11,14,19,14,16,15,13,18,16,15,12,16,16,10,13,17,11,15,18,10,14,19,16,19
12,15,14,17,15,15,12,17,13,10,20,10,17,17,19,16,10,14,12,11,14,14,16,14,11,19,19,18,15,11,14,16,19,15,13,10,18,18,10,19,12,15,18,12,11,20,19,18,14,12
13,17,13,16,17,17,16,11,18,11,16,20,10,19,17,12,10,17,15,13,19,15,15,17,16,19,16,19,16,17,10,18,14,11,20,18,18,13,18,10,20,19,14,12,19,12,19,14,11,15
12,14,18,11,11,12,18,15,17,17,12,19,10,14,17,16,12,16,18,17,12,17,14,12,12,15,20,12,15,18,19,19,12,10,13,11,18,18,16,17,16,13,11,16,13,10,14,13,16,20
14,17,20,19,20,19,17,20,10,15,19,14,13,20,19,12,13,17,18,12,17,15,10,16,10,16,17,14,13,20,14,15,12,18,13,17,14,20,15,19,12,11,17,13,17,11,11,19,12,17
15,10,13,16,15,16,20,13,19,20,20,18,15,19,14,19,18,10,14,20,20,13,17,13,19,20,17,20,19,17,14,12,18,18,17,20,11,17,10,20,11,15,15,19,17,10,14,12,14,16
13,20,16,14,15,18,19,16,18,12,15,11,14,10,16,18,13,16,16,11,18,17,16,16,16,19,12,17,12,17,10,12,12,16,13,15,20,17,15,13,19,12,16,10,10,14,17,13,10,12
10,18,17,18,17,17,19,16,16,12,14,12,18,11,14,18,17,17,16,14,19,12,10,13,13,13,12,18,10,20,15,14,13,16,14,12,17,10,15,10,12,19,10,17,18,20,19,10,18,18
19,13,14,10,19,12,18,15,13,12,11,14,20,14,15,10,12,12,11,13,11,12,19,16,11,16,17,20,11,15,15,16,20,16,14,20,11,13,20,16,15,11,13,18,10,13,17,11,14,15
16,15,19,11,10,15,18,10,14,18,19,20,19,14,10,10,18,14,12,11,20,11,12,17,10,19,14,17,19,17,15,10,12,18,18,12,16,15,15,19,16,11,12,16,12,18,12,14,17,20
19,16,20,16,14,14,19,12,12,16,20,14,12,10,16,20,19,12,17,15,16,13,18,16,18,12,13,13,11,19,11,18,17,16,17,20,15,13,18,12,20,12,16,18,18,19,18,19,16,14
19,15,17,15,12,16,12,16,16,16,19,14,16,11,13,13,14,16,14,18,18,18,19,19,11,15,15,14,12,13,18,18,13,18,14,18,17,19,19,18,16,14,14,13,16,14,19,11,16,20
11,20,17,10,18,12,16,17,19,16,15,19,10,17,16,17,12,15,19,17,19,13,20,17,20,15,20,20,10,13,19,15,13,12,14,16,11,20,13,13,14,14,12,18,12,14,17,10,19,16
14,18,10,14,17,18,13,13,13,14,19,18,11,17,18,15,20,16,19,11,12,20,20,15,20,16,17,18,14,20,16,11,13,11,10,12,16,17,20,18,11,20,17,13,15,18,18,11,14,13
17,19,19,17,13,13,12,18,13,19,11,19,12,13,14,14,20,10,20,13,11,18,20,12,20,15,20,17,14,18,15,12,12,19,19,17,16,15,12,18,18,12,14,14,16,14,16,19,18,15
16,18,13,14,16,19,10,17,18,20,13,13,15,17,13,16,14,10,12,11,12,12,17,16,12,16,12,14,13,20,20,13,11,12,15,18,15,14,14,18,17,10,19,17,11,18,19,18,13,10
11,14,12,16,10,12,10,10,20,18,19,11,18,14,19,14,11,12,19,14,15,18,12,13,11,10,12,11,12,15,11,19,18,15,17,12,13,20,11,17,20,18,17,13,12,20,12,19,17,12
12,10,17,17,10,17,11,20,15,14,12,14,20,15,12,13,17,16,17,11,12,20,20,20,11,19,16,14,10,19,20,10,17,19,11,16,20,19,16,16,13,13,11,20,19,18,12,19,14,15
15,17,11,19,18,10,13,13,15,18,19,12,13,13,18,15,20,16,12,16,14,18,18,18,18,10,11,12,17,20,13,20,13,12,10,18,19,13,16,13,14,17,12,17,20,14,16,12,18,13
15,19,13,15,19,17,12,11,12,15,18,17,18,10,13,10,18,20,12,15,14,12,17,20,19,15,11,20,15,18,19,19,16,15,17,20,13,18,11,19,19,12,11,12,13,18,10,16,16,10
16,15,16,14,15,14,14,10,11,17,19,12,18,17,18,12,13,11,13,16,11,14,12,16,19,11,15,18,13,13,12,14,12,20,20,11,11,12,12,17,13,12,20,13,14,13,20,18,15,16
10,19,18,17,16,11,10,20,10,18,17,18,16,15,10,12,10,20,12,12,19,11,17,14,20,12,20,10,11,19,10,17,15,10,20,16,12,12,17,20,13,19,10,19,20,16,11,18,13,18
11,20,13,15,16,19,15,18,10,19,12,11,12,10,12,12,12,15,12,11,15,16,14,11,19,20,12,12,14,17,13,15,11,16,17,20,18,16,12,15,19,11,18,13,15,15,17,13,10,17
18,13,13,16,19,10,19,14,13,12,12,12,19,20,18,16,13,17,19,16,15,19,11,15,20,11,19,13,11,13,12,17,14,12,12,15,20,20,19,18,12,11,14,16,18,18,10,18,11,20
14,15,17,10,20,10,12,16,10,19,15,14,10,11,17,14,16,18,14,19,14,18,19,20,12,11,20,12,15,16,17,20,11,15,13,12,11,17,16,12,16,14,16,12,13,16,15,18,19,13
20,10,18,11,13,20,10,14,14,13,15,16,12,15,17,14,13,13,14,18,19,14,18,14,17,10,13,15,17,13,18,12,20,15,18,15,11,13,20,16,16,11,18,11,10,12,16,15,16,17
11,17,11,14,16,15,20,16,16,20,20,19,11,20,11,17,11,11,15,19,19,11,16,12,15,20,11,16,20,18,13,15,13,19,12,18,13,11,12,10,14,14,14,17,19,16,17,14,10,13
17,16,15,16,17,16,18,13,17,19,19,11,20,12,11,10,11,11,16,20,16,18,20,13,20,19,18,12,17,19,17,10,15,11,14,19,16,14,15,17,18,17,20,16,17,15,17,14,12,15
17,15,15,11,13,16,15,17,19,17,19,10,18,12,14,16,11,16,12,10,11,16,15,15,11,14,13,12,14,16,18,14,15,15,14,11,19,18,20,17,16,18,13,19,17,20,15,11,10,16
20,18,10,12,18,18,15,19,10,14,17,19,17,12,11,10,11,18,14,12,10,11,20,10,15,15,11,14,17,18,15,16,10,18,10,13,11,11,11,19,17,20,15,10,20,10,10,11,12,19
15,19,12,15,11,12,19,18,15,11,15,12,17,18,14,16,13,17,13,11,18,19,12,20,19,18,18,20,15,14,10,19,12,13,14,18,14,13,20,15,13,13,16,18,11,13,19,20,17,10
13,18,12,12,18,19,10,15,15,19,13,11,17,12,18,17,14,16,15,12,19,15,11,13,15,19,15,15,19,20,11,19,20,10,14,17,13,15,19,11,10,20,16,10,16,12,20,13,20,19
20,13,15,20,14,13,13,13,18,10,16,18,13,10,20,18,14,19,14,14,16,17,10,11,11,18,10,13,14,19,15,20,19,13,16,17,19,15,13,12,15,18,14,11,10,14,13,18,10,10
16,16,15,13,10,18,10,12,14,15,11,10,19,17,10,13,18,15,18,19,11,13,12,13,18,19,13,18,17,20,10,18,10,18,12,12,10,11,18,13,15,14,17,11,19,16,10,19,15,18
13,19,20,17,20,12,18,10,15,17,17,15,20,13,14,14,16,14,12,14,14,12,18,20,19,12,14,18,16,14,20,18,10,11,19,14,14,16,15,19,15,18,17,16,17,19,10,17,17,17
16,18,12,10,14,12,11,16,11,15,13,12,12,10,16,16,14,20,15,16,11,13,14,14,18,15,17,12,16,16,11,11,19,18,15,19,19,17,11,19,13,19,18,20,12,20,14,18,16,11
12,11,11,14,11,20,13,13,12,13,11,19,15,17,19,19,19,13,20,11,13,16,12,19,20,13,17,19,17,20,11,15,14,16,16,13,20,17,20,16,11,15,12,15,12,19,14,19,11,12
16,17,12,19,15,16,18,15,18,16,12,16,16,13,15,12,11,13,12,14,17,19,17,11,11,20,19,19,11,13,13,17,13,20,20,13,14,19,20,20,20,18,10,20,10,12,14,16,13,10

