The number of jobs:
20
The number of machines:
4
The number of vehicles:
3
The number of workers:
2

The processing time of each order processed on different machines:
(where rows denote machines: 1 to 4 and columns denote orders: 1 to 
20)
23,24,26,40,20,34,23,31,40,26,39,39,33,38,29,27,33,33,29,21
26,34,32,28,31,29,22,38,21,27,22,40,29,35,37,25,31,25,37,27
37,38,23,21,21,23,39,26,37,21,30,31,35,38,37,28,23,20,27,38
32,30,30,23,20,33,27,40,21,27,27,32,40,40,27,39,22,36,23,26

The coefficient of each worker on each machine:
(where rows denote workers: 1 to 2 and columns denote machines: 1 to 
4)
1,1.5,1.5,1
0.75,1,0.75,0.75

The unit processing cost of machines:

6,6,6,8

The unit idle cost of machines:

1,4,4,5

The distance between each location:
(where rows and columns denote locations: 0 to 20)
0,69,102,133,80,25,125,130,69,29,76,90,93,102,85,95,79,112,81,99,88
69,0,81,176,140,53,166,77,134,78,88,159,112,154,35,156,11,66,114,160,47
102,81,0,129,126,107,119,56,134,84,42,178,182,124,115,142,76,37,73,143,36
133,176,129,0,66,157,10,185,89,106,93,133,222,36,206,65,179,165,63,61,154
80,140,126,66,0,105,63,176,23,61,84,71,160,30,163,17,146,155,57,20,135
25,53,107,157,105,0,149,124,93,51,91,108,77,128,61,120,64,109,102,124,85
125,166,119,10,63,149,0,175,85,98,83,132,216,34,197,64,169,155,53,61,144
130,77,56,185,176,124,175,0,180,123,95,217,188,178,102,192,66,21,127,194,43
69,134,134,89,23,93,85,180,0,58,93,50,141,52,153,30,142,159,72,35,138
29,78,84,106,61,51,98,123,58,0,51,95,122,79,103,78,85,103,53,81,81
76,88,42,93,84,91,83,95,93,51,0,139,167,83,122,99,89,75,32,100,61
90,159,178,133,71,108,132,217,50,95,139,0,126,98,168,68,169,198,122,73,174
93,112,182,222,160,77,216,188,141,122,167,126,0,188,92,170,122,177,175,175,155
102,154,124,36,30,128,34,178,52,79,83,98,188,0,181,31,159,157,51,28,141
85,35,115,206,163,61,197,102,153,103,122,168,92,181,0,179,41,97,145,182,80
95,156,142,65,17,120,64,192,30,78,99,68,170,31,179,0,163,171,71,5,152
79,11,76,179,146,64,169,66,142,85,89,169,122,159,41,163,0,57,116,166,40
112,66,37,165,155,109,155,21,159,103,75,198,177,157,97,171,57,0,107,173,24
81,114,73,63,57,102,53,127,72,53,32,122,175,51,145,71,116,107,0,71,92
99,160,143,61,20,124,61,194,35,81,100,73,175,28,182,5,166,173,71,0,154
88,47,36,154,135,85,144,43,138,81,61,174,155,141,80,152,40,24,92,154,0

The weight of orders:
17,19,17,15,19,20,20,19,10,18,12,17,20,19,11,12,17,17,19,11

The unit tardiness penalty of orders:

6,6,6,7,9,8,6,9,10,7,7,8,10,8,10,7,6,10,10,7

The due date of orders:
371,399,558,435,467,589,316,318,485,235,501,453,340,397,267,354,431,305,267,608

the loading and unloading time of each order:
4,5,4,4,5,5,5,5,3,5,3,4,5,5,3,3,4,4,5,3

The sequence dependent setup time of each job processed on machine 1.
(Where rows denote jobs: 1 to 20 and columns denote jobs: 0 to 20.For example:The value of Sijk is in row j,column i+1.)
14,18,11,13,19,19,10,20,10,18,19,11,14,19,16,13,16,15,10,15
11,14,14,13,20,16,11,15,11,15,18,12,12,15,14,15,15,18,18,15
11,16,14,20,12,10,18,16,10,13,18,20,20,20,19,18,17,17,13,15
16,14,16,15,20,12,16,15,12,19,20,15,11,17,14,15,16,12,12,15
17,12,13,12,11,16,19,20,14,10,20,14,18,19,18,20,18,12,11,19
13,12,17,14,10,13,16,15,19,11,10,14,11,13,13,12,17,11,13,12
19,10,14,14,17,16,13,19,13,10,14,16,12,10,20,14,13,19,19,11
10,15,18,11,14,18,12,19,11,19,20,12,19,20,16,12,13,20,20,19
16,19,10,17,14,14,20,18,17,17,20,20,10,16,15,11,18,10,14,16
10,10,16,19,11,16,13,14,19,14,17,18,16,10,14,19,13,17,19,15
15,20,10,12,13,13,19,13,15,12,10,18,14,15,18,19,11,18,11,19
15,17,20,15,16,16,18,20,12,16,17,14,16,14,20,11,10,16,14,19
20,14,15,20,17,10,13,18,19,13,14,14,14,16,20,10,18,15,19,14
20,19,13,20,10,19,12,15,20,16,18,14,14,20,12,20,16,14,11,17
12,12,14,12,19,13,11,12,18,14,15,19,18,12,11,10,17,20,18,18
18,20,14,17,19,12,10,12,20,13,11,17,17,17,10,15,13,14,14,14
11,13,14,11,20,19,15,20,17,17,12,12,15,12,17,18,20,10,12,15
18,19,14,14,10,19,18,14,14,18,16,16,11,18,17,12,17,20,20,15
14,12,15,13,10,10,17,19,17,17,15,10,15,16,11,13,11,14,17,15
19,15,13,19,15,19,13,20,19,18,14,13,13,18,11,13,16,13,10,11
17,20,13,16,11,16,14,14,12,18,17,13,15,10,19,10,17,10,12,16

The sequence dependent setup time of each job processed on machine 2.
(Where rows denote jobs: 1 to 20 and columns denote jobs: 0 to 20.For example:The value of Sijk is in row j,column i+1.)
20,18,15,11,15,15,17,19,12,12,16,12,11,14,17,13,19,18,17,18
14,11,19,13,18,16,13,19,10,14,10,19,18,19,11,11,16,20,16,17
20,19,16,10,18,11,12,11,17,20,12,11,16,12,12,15,12,11,12,14
19,19,15,12,11,14,14,18,20,17,18,13,17,17,13,10,11,11,10,12
17,17,12,20,20,10,12,20,14,16,19,11,13,15,12,18,11,18,17,16
17,13,11,12,16,13,15,17,19,19,14,19,17,16,13,12,18,11,12,16
17,11,10,11,10,15,18,20,13,19,17,11,11,16,11,10,14,19,15,12
20,11,17,15,11,18,13,16,16,13,11,19,16,15,16,12,17,13,14,12
15,14,11,20,10,17,15,10,10,18,11,10,14,20,13,10,12,18,20,15
17,20,15,15,14,12,17,20,12,17,20,12,14,20,14,18,17,13,13,16
14,11,14,10,18,12,17,13,14,14,17,11,18,11,18,16,13,20,16,16
18,13,16,18,12,19,14,20,16,19,17,19,20,15,20,13,11,11,18,20
19,19,13,10,17,20,14,10,11,18,14,14,11,18,10,16,12,13,18,13
10,20,16,20,17,14,14,18,17,13,20,15,20,18,13,15,10,10,19,19
14,12,20,16,11,12,14,16,13,16,20,17,20,11,13,11,18,19,15,17
20,16,15,20,13,11,12,10,10,13,11,11,17,15,15,15,11,10,18,14
15,16,16,11,14,10,15,20,12,19,14,14,20,19,16,10,19,20,14,18
19,13,18,16,20,19,20,20,14,20,15,20,17,20,20,20,15,11,20,18
12,20,19,13,10,13,13,15,10,15,20,10,17,12,10,15,13,11,15,10
20,13,18,14,20,16,17,19,16,18,19,20,17,11,15,12,18,15,11,14
13,19,18,11,12,17,18,10,18,13,20,17,18,18,18,14,20,11,11,12

The sequence dependent setup time of each job processed on machine 3.
(Where rows denote jobs: 1 to 20 and columns denote jobs: 0 to 20.For example:The value of Sijk is in row j,column i+1.)
20,17,17,13,19,20,11,16,20,18,15,12,18,14,18,15,16,10,18,18
14,20,16,14,11,17,20,19,13,11,13,12,11,15,19,12,12,10,13,17
12,18,15,18,17,14,16,19,15,18,18,18,17,11,20,17,17,19,16,14
20,19,11,12,15,11,10,13,10,13,10,19,13,12,16,10,15,12,19,15
14,10,17,10,17,17,13,16,10,14,19,11,16,17,10,16,20,18,15,20
13,16,14,12,14,18,18,19,14,12,20,18,11,10,20,18,16,14,10,16
18,11,16,20,18,19,15,13,18,20,11,10,11,20,18,18,14,19,19,16
11,17,18,12,17,20,15,14,13,13,11,10,17,10,17,15,13,11,17,18
10,15,16,10,11,11,14,13,15,19,17,15,15,19,20,17,14,10,10,11
19,15,18,18,18,19,12,19,14,16,17,13,13,18,16,18,20,20,10,10
12,12,19,17,16,12,18,11,12,19,17,16,11,10,16,14,17,19,20,10
17,15,15,11,13,11,18,12,20,17,13,16,14,15,11,12,11,18,15,15
15,14,18,12,13,11,10,13,16,14,16,19,10,12,12,12,17,13,13,15
15,17,10,15,15,17,17,12,12,12,14,15,10,18,19,14,16,12,20,14
11,14,12,14,19,11,12,16,17,19,12,17,10,10,15,17,11,12,13,13
19,11,10,14,10,12,12,11,15,11,17,19,11,17,20,18,15,12,17,18
15,17,17,14,16,14,18,14,19,15,10,13,16,11,17,10,15,20,19,15
19,12,14,13,17,10,17,11,13,13,10,18,12,15,16,13,19,13,14,13
10,16,14,20,14,15,15,13,11,13,18,16,16,10,17,19,10,11,12,11
17,10,20,15,17,17,18,18,20,20,14,14,17,18,10,15,19,20,13,14
19,14,15,18,19,15,19,20,11,18,17,11,14,19,16,16,18,11,11,15

The sequence dependent setup time of each job processed on machine 4.
(Where rows denote jobs: 1 to 20 and columns denote jobs: 0 to 20.For example:The value of Sijk is in row j,column i+1.)
19,11,15,13,14,18,13,11,12,14,18,17,13,11,15,19,12,14,13,17
10,18,14,18,16,19,13,12,11,16,10,19,15,12,17,15,10,15,18,13
12,10,10,14,14,11,17,20,19,20,12,12,15,17,16,14,15,18,15,13
13,14,11,15,17,15,10,19,15,11,20,17,10,16,17,10,12,17,18,14
12,13,10,20,14,10,16,18,15,18,16,15,20,11,15,10,19,19,10,20
16,11,15,18,10,20,11,20,11,18,20,12,11,13,19,17,17,14,20,15
10,14,13,19,16,13,13,10,14,19,10,16,15,16,18,16,10,17,10,15
10,10,12,18,20,10,11,11,16,11,12,14,20,20,16,15,12,14,13,19
19,19,13,13,18,11,17,18,10,18,12,18,11,15,20,19,19,20,15,20
16,13,12,10,14,10,10,13,18,13,19,10,17,20,17,19,11,14,15,17
13,17,11,18,12,18,15,13,19,19,13,10,18,19,20,17,20,20,12,14
20,17,11,17,15,17,13,19,14,19,18,11,13,11,20,15,10,14,14,11
18,11,20,19,14,14,19,19,18,16,15,20,14,11,15,14,18,19,20,13
15,20,19,13,20,20,19,15,20,10,20,11,10,16,12,16,19,14,12,12
19,10,15,13,15,18,16,19,10,11,17,16,11,14,15,16,14,18,19,19
11,11,18,11,15,14,11,16,14,18,15,16,19,12,13,10,15,18,18,20
14,11,11,12,11,14,14,15,18,15,19,13,10,18,11,12,16,15,16,13
18,16,16,20,18,12,12,15,20,14,13,14,19,13,15,14,10,16,20,19
10,12,13,12,18,11,18,17,15,17,12,20,13,17,12,20,14,12,18,15
18,20,13,20,10,19,19,19,16,12,14,15,18,17,18,11,16,13,20,14
17,13,10,12,19,16,13,16,10,12,16,10,17,17,18,16,16,12,13,20

