The number of jobs:
50
The number of machines:
6
The number of vehicles:
5
The number of workers:
4

The processing time of each order processed on different machines:
(where rows denote machines: 1 to 6 and columns denote orders: 1 to 
50)
28,29,25,38,20,22,20,22,38,26,27,25,26,27,30,31,21,20,21,27,29,22,22,27,28,24,27,32,24,32,34,35,31,22,40,27,24,29,39,23,35,24,40,32,35,32,30,36,30,26
34,40,40,28,20,26,30,39,26,33,33,29,39,36,39,24,21,34,37,38,39,24,39,27,27,31,30,23,39,32,25,20,21,30,34,33,40,34,34,33,37,31,37,35,27,31,36,37,27,33
22,27,34,38,31,28,30,36,25,34,31,26,40,28,27,36,21,32,34,26,39,34,33,26,22,34,39,25,28,31,39,36,35,35,27,24,35,30,23,33,30,27,22,39,20,31,26,25,30,37
30,36,31,23,37,33,38,24,20,20,27,27,32,20,35,37,23,20,21,39,21,27,24,39,20,35,24,34,23,33,20,21,35,21,28,38,31,35,25,32,26,34,35,28,38,40,20,31,29,34
38,40,32,36,38,32,26,38,25,37,30,32,26,38,20,33,26,36,30,37,40,23,32,27,27,31,26,31,37,26,26,26,29,27,36,29,28,33,22,36,31,27,33,22,29,40,28,36,32,24
30,21,25,20,21,32,33,36,39,27,31,21,21,30,40,20,23,35,29,29,26,23,23,29,39,31,29,36,25,30,28,37,21,27,22,37,33,39,20,37,21,35,22,29,35,34,32,28,30,35

The coefficient of each worker on each machine:
(where rows denote workers: 1 to 4 and columns denote machines: 1 to 
6)
1.5,0.75,1.25,0.5,1.5,1.25
0.75,0.75,1,0.5,1,1.25
0.75,1.5,0.5,0.75,1.5,1.25
1.25,1.5,1.5,1,1,0.5

The unit processing cost of machines:

7,6,6,9,8,9

The unit idle cost of machines:

1,2,3,1,4,4

The distance between each location:
(where rows and columns denote locations: 0 to 50)
0,92,124,87,96,62,110,104,93,75,90,104,62,63,130,43,14,84,47,79,34,75,61,68,66,32,96,50,80,79,127,75,84,91,96,63,92,23,65,87,67,101,57,111,37,122,31,95,118,92,38
92,0,74,133,98,144,199,12,178,132,164,195,31,146,192,131,86,148,126,131,61,115,64,158,153,117,42,127,172,104,116,154,171,87,169,81,152,82,32,165,158,191,43,181,129,206,122,167,206,2,75
124,74,0,110,168,185,230,71,182,118,156,218,90,186,167,166,111,201,169,189,92,95,64,188,164,155,34,131,192,169,189,154,207,50,217,144,208,103,68,161,187,221,103,166,156,246,145,216,240,72,129
87,133,110,0,180,134,153,141,81,17,50,132,119,133,60,110,76,165,125,165,86,18,69,117,76,109,106,49,108,166,210,55,141,60,169,147,174,70,102,57,116,143,124,56,92,178,81,169,165,132,122
96,98,168,180,0,99,158,106,181,169,185,167,79,102,226,105,105,81,87,58,97,165,128,130,153,93,133,146,153,25,31,169,128,161,104,33,78,109,102,181,130,153,66,206,117,150,119,101,159,99,58
62,144,185,134,99,0,60,156,95,118,113,68,113,3,158,24,76,34,17,47,94,128,123,33,72,31,156,86,59,74,126,96,30,152,36,78,44,85,123,106,34,54,102,133,42,63,53,35,64,145,70
110,199,230,153,158,60,0,211,83,136,113,26,169,57,153,68,120,81,76,101,144,153,167,43,77,82,205,107,46,133,183,101,30,189,62,139,88,128,175,105,43,10,159,128,75,31,86,64,12,200,128
104,12,71,141,106,156,211,0,189,141,174,207,43,158,200,143,98,160,138,142,72,123,72,170,165,129,43,137,184,114,122,164,183,92,181,91,163,93,42,175,170,203,54,190,141,218,134,178,218,11,87
93,178,182,81,181,95,83,189,0,67,33,58,152,93,70,79,93,130,98,141,117,89,124,64,28,88,167,53,41,159,211,28,85,133,123,151,140,96,147,25,63,75,149,45,64,113,63,124,95,178,129
75,132,118,17,169,118,136,141,67,0,39,116,114,117,61,94,64,149,110,150,79,22,68,100,60,94,109,32,91,153,200,40,124,68,153,136,159,61,100,44,99,127,117,50,76,161,65,153,148,131,111
90,164,156,50,185,113,113,174,33,39,0,89,142,111,45,91,85,147,111,154,106,61,104,86,41,97,146,40,68,165,216,17,109,107,145,153,157,85,132,8,85,104,142,21,73,142,67,145,125,164,128
104,195,218,132,167,68,26,207,58,116,89,0,165,65,127,67,111,97,81,115,136,135,155,39,57,81,196,90,26,142,194,78,42,174,81,144,105,119,168,81,39,21,158,103,66,57,75,84,38,196,129
62,31,90,119,79,113,169,43,152,114,142,165,0,115,174,100,59,119,95,103,36,101,54,128,126,87,55,103,143,80,104,130,140,85,139,55,123,57,23,141,127,160,14,160,99,175,93,137,175,32,45
63,146,186,133,102,3,57,158,93,117,111,65,115,0,156,24,76,37,20,50,96,127,124,30,70,31,158,85,56,77,129,94,27,153,36,81,47,85,125,104,31,51,104,131,41,61,52,36,62,147,72
130,192,167,60,226,158,153,200,70,61,45,127,174,156,0,136,122,192,155,198,139,77,128,130,85,141,166,80,110,208,257,62,153,118,189,193,201,120,160,52,129,145,177,25,118,183,111,190,165,191,168
43,131,166,110,105,24,68,143,79,94,91,67,100,24,136,0,55,56,20,63,76,104,102,28,53,14,138,62,49,81,134,74,42,130,60,78,66,63,107,85,28,60,92,112,18,80,29,59,76,132,62
14,86,111,76,105,76,120,98,93,64,85,111,59,76,122,55,0,98,61,93,25,62,48,77,67,45,85,45,87,90,136,72,96,77,110,72,106,9,57,83,77,111,58,105,46,135,36,109,129,87,47
84,148,201,165,81,34,81,160,130,149,147,97,119,37,192,56,98,0,39,22,111,156,143,67,107,56,169,118,92,57,103,130,54,174,24,71,10,107,135,140,67,78,106,167,74,69,84,21,80,150,75
47,126,169,125,87,17,76,138,98,110,111,81,95,20,155,20,61,39,0,43,78,117,108,43,73,17,140,79,67,63,116,94,47,138,49,63,48,70,106,105,43,69,85,132,37,80,46,48,81,127,53
79,131,189,165,58,47,101,142,141,150,154,115,103,50,198,63,93,22,43,0,101,154,134,81,116,58,156,121,106,34,81,137,73,167,46,52,22,101,121,148,81,98,90,175,80,91,88,43,101,133,60
34,61,92,86,97,94,144,72,117,79,106,136,36,96,139,76,25,111,78,101,0,69,33,101,92,64,62,67,112,89,127,94,118,67,126,66,117,21,32,106,101,134,38,124,70,156,62,124,152,61,43
75,115,95,18,165,128,153,123,89,22,61,135,101,127,77,104,62,156,117,154,69,0,51,115,78,100,89,46,109,152,195,61,138,46,163,132,165,56,84,66,114,144,107,71,87,176,75,163,165,114,107
61,64,64,69,128,123,167,72,124,68,104,155,54,124,128,102,48,143,108,134,33,51,0,124,103,93,43,71,129,121,155,97,144,34,157,98,150,39,34,106,123,157,63,119,92,182,81,155,176,64,76
68,158,188,117,130,33,43,170,64,100,86,39,128,30,130,28,77,67,43,81,101,115,124,0,45,42,163,69,25,105,158,70,24,148,59,105,76,85,133,78,1,33,120,105,32,62,43,61,52,159,90
66,153,164,76,153,72,77,165,28,60,41,57,126,70,85,53,67,107,73,116,92,78,103,45,0,61,146,34,32,132,184,25,69,118,104,123,117,71,123,34,44,67,123,61,37,103,35,105,89,153,101
32,117,155,109,93,31,82,129,88,94,97,81,87,31,141,14,45,56,17,58,64,100,93,42,61,0,127,63,62,71,123,80,54,122,65,65,65,54,94,91,42,74,78,118,24,91,30,64,89,118,48
96,42,34,106,133,156,205,43,167,109,146,196,55,158,166,138,85,169,140,156,62,89,43,163,146,127,0,114,170,135,155,140,180,51,187,110,175,78,35,149,162,196,69,159,131,218,121,185,214,40,96
50,127,131,49,146,86,107,137,53,32,40,90,103,85,80,62,45,118,79,121,67,46,71,69,34,63,114,0,64,127,177,27,93,85,121,113,127,46,95,39,68,97,102,61,44,131,34,121,119,126,89
80,172,192,108,153,59,46,184,41,91,68,26,143,56,110,49,87,92,67,106,112,109,129,25,32,62,170,64,0,129,182,55,44,148,83,127,101,93,144,60,25,36,136,85,43,73,50,84,58,172,109
79,104,169,166,25,74,133,114,159,153,165,142,80,77,208,81,90,57,63,34,89,152,121,105,132,71,135,127,129,0,53,149,103,155,80,25,56,96,101,161,105,128,66,186,95,125,98,77,134,106,46
127,116,189,210,31,126,183,122,211,200,216,194,104,129,257,134,136,103,116,81,127,195,155,158,184,123,155,177,182,53,0,200,154,188,125,64,98,140,127,212,158,179,92,237,147,171,150,122,183,118,89
75,154,154,55,169,96,101,164,28,40,17,78,130,94,62,74,72,130,94,137,94,61,97,70,25,80,140,27,55,149,200,0,94,105,128,137,140,73,122,12,69,91,129,38,56,128,50,129,113,154,113
84,171,207,141,128,30,30,183,85,124,109,42,140,27,153,42,96,54,47,73,118,138,144,24,69,54,180,93,44,103,154,94,0,169,40,108,62,105,149,101,25,25,131,128,53,39,65,42,35,172,99
91,87,50,60,161,152,189,92,133,68,107,174,85,153,118,130,77,174,138,167,67,46,34,148,118,122,51,85,148,155,188,105,169,0,187,132,182,68,63,111,147,179,96,116,116,208,105,186,200,86,110
96,169,217,169,104,36,62,181,123,153,145,81,139,36,189,60,110,24,49,46,126,163,157,59,104,65,187,121,83,80,125,128,40,187,0,94,27,119,153,137,60,61,126,164,77,46,88,3,59,170,94
63,81,144,147,33,78,139,91,151,136,153,144,55,81,193,78,72,71,63,52,66,132,98,105,123,65,110,113,127,25,64,137,108,132,94,0,73,77,76,149,105,132,41,173,87,137,88,91,142,82,25
92,152,208,174,78,44,88,163,140,159,157,105,123,47,201,66,106,10,48,22,117,165,150,76,117,65,175,127,101,56,98,140,62,182,27,73,0,115,140,150,77,86,110,177,84,73,94,24,86,154,80
23,82,103,70,109,85,128,93,96,61,85,119,57,85,120,63,9,107,70,101,21,56,39,85,71,54,78,46,93,96,140,73,105,68,119,77,115,0,52,84,85,119,57,104,54,143,43,118,137,82,51
65,32,68,102,102,123,175,42,147,100,132,168,23,125,160,107,57,135,106,121,32,84,34,133,123,94,35,95,144,101,127,122,149,63,153,76,140,52,0,133,132,166,36,149,102,186,94,151,183,32,61
87,165,161,57,181,106,105,175,25,44,8,81,141,104,52,85,83,140,105,148,106,66,106,78,34,91,149,39,60,161,212,12,101,111,137,149,150,84,133,0,77,96,141,27,68,134,62,138,117,164,125
67,158,187,116,130,34,43,170,63,99,85,39,127,31,129,28,77,67,43,81,101,114,123,1,44,42,162,68,25,105,158,69,25,147,60,105,77,85,132,77,0,34,119,104,31,63,42,61,53,158,90
101,191,221,143,153,54,10,203,75,127,104,21,160,51,145,60,111,78,69,98,134,144,157,33,67,74,196,97,36,128,179,91,25,179,61,132,86,119,166,96,34,0,151,120,65,38,76,64,22,191,121
57,43,103,124,66,102,159,54,149,117,142,158,14,104,177,92,58,106,85,90,38,107,63,120,123,78,69,102,136,66,92,129,131,96,126,41,110,57,36,141,119,151,0,162,93,164,88,124,165,44,32
111,181,166,56,206,133,128,190,45,50,21,103,160,131,25,112,105,167,132,175,124,71,119,105,61,118,159,61,85,186,237,38,128,116,164,173,177,104,149,27,104,120,162,0,95,158,88,165,140,180,149
37,129,156,92,117,42,75,141,64,76,73,66,99,41,118,18,46,74,37,80,70,87,92,32,37,24,131,44,43,95,147,56,53,116,77,87,84,54,102,68,31,65,93,95,0,92,12,77,84,130,67
122,206,246,178,150,63,31,218,113,161,142,57,175,61,183,80,135,69,80,91,156,176,182,62,103,91,218,131,73,125,171,128,39,208,46,137,73,143,186,134,63,38,164,158,92,0,104,49,21,207,132
31,122,145,81,119,53,86,134,63,65,67,75,93,52,111,29,36,84,46,88,62,75,81,43,35,30,121,34,50,98,150,50,65,105,88,88,94,43,94,62,42,76,88,88,12,104,0,88,96,122,66
95,167,216,169,101,35,64,178,124,153,145,84,137,36,190,59,109,21,48,43,124,163,155,61,105,64,185,121,84,77,122,129,42,186,3,91,24,118,151,138,61,64,124,165,77,49,88,0,62,168,92
118,206,240,165,159,64,12,218,95,148,125,38,175,62,165,76,129,80,81,101,152,165,176,52,89,89,214,119,58,134,183,113,35,200,59,142,86,137,183,117,53,22,165,140,84,21,96,62,0,207,134
92,2,72,132,99,145,200,11,178,131,164,196,32,147,191,132,87,150,127,133,61,114,64,159,153,118,40,126,172,106,118,154,172,86,170,82,154,82,32,164,158,191,44,180,130,207,122,168,207,0,76
38,75,129,122,58,70,128,87,129,111,128,129,45,72,168,62,47,75,53,60,43,107,76,90,101,48,96,89,109,46,89,113,99,110,94,25,80,51,61,125,90,121,32,149,67,132,66,92,134,76,0

The weight of orders:
20,20,20,15,14,10,14,17,14,20,18,16,18,14,18,10,18,15,15,14,15,10,12,10,14,15,15,12,20,12,19,13,13,18,20,15,19,17,18,13,20,19,15,10,10,20,12,11,20,18

The unit tardiness penalty of orders:

9,9,6,6,9,10,9,10,6,9,10,8,9,7,7,8,8,8,9,9,7,9,7,7,10,9,8,6,7,9,9,7,9,8,6,9,7,10,9,8,9,7,7,8,9,7,6,9,8,8

The due date of orders:
478,746,435,238,597,614,651,434,304,462,539,609,325,258,454,235,297,193,520,314,220,583,257,655,425,203,151,516,670,507,631,834,670,430,362,679,456,596,548,512,824,689,613,545,310,500,269,746,565,713

the loading and unloading time of each order:
5,5,5,4,4,3,4,4,4,5,5,4,5,4,5,3,5,4,4,4,4,3,3,3,4,4,4,3,5,3,5,3,3,5,5,4,5,4,5,3,5,5,4,3,3,5,3,3,5,5

The sequence dependent setup time of each job processed on machine 1.
(Where rows denote jobs: 1 to 50 and columns denote jobs: 0 to 50.For example:The value of Sijk is in row j,column i+1.)
12,20,10,10,11,18,19,18,10,10,16,10,16,17,12,16,19,16,13,11,12,14,12,16,13,14,13,13,12,17,10,12,13,10,18,18,20,16,17,18,12,20,11,18,20,14,13,14,14,13
19,14,18,15,16,16,13,17,11,14,19,18,11,12,10,14,12,20,16,20,11,18,19,11,13,16,20,14,11,11,12,13,11,11,17,16,18,19,17,15,11,19,19,20,15,19,18,15,19,10
11,14,11,17,12,19,18,15,10,14,10,18,15,16,18,13,13,20,10,10,10,19,20,12,20,10,10,12,13,11,19,15,11,12,19,20,15,11,19,19,10,18,14,19,12,10,18,10,19,11
14,16,12,17,11,14,11,20,18,10,19,20,11,18,12,17,11,19,12,11,11,20,12,10,18,13,16,19,12,16,14,18,20,20,19,20,17,10,10,19,11,16,15,11,18,18,17,13,17,16
10,18,16,19,10,14,16,19,15,13,20,12,12,10,18,20,12,15,17,11,14,14,15,18,20,15,10,16,18,12,20,20,20,20,14,13,10,18,13,20,15,20,19,15,20,12,13,19,11,20
12,16,19,16,12,16,20,16,16,10,20,12,18,14,12,18,15,16,11,12,11,18,12,14,18,20,10,17,14,14,14,11,15,16,10,12,15,19,10,15,16,13,17,13,14,12,19,20,13,16
15,20,20,15,20,17,11,19,17,15,18,10,18,19,13,20,16,18,12,17,19,18,15,16,16,11,12,17,15,10,19,12,13,16,10,14,17,16,19,19,15,19,12,20,13,11,15,19,12,10
18,11,19,19,13,17,10,18,16,14,18,19,19,12,13,15,18,10,18,16,15,18,15,11,12,13,16,17,11,14,12,19,12,19,15,11,10,14,14,18,13,10,12,14,20,20,17,15,10,14
12,10,13,14,10,18,16,17,18,13,18,15,16,18,13,13,19,20,12,10,16,19,10,11,18,12,11,12,11,19,16,14,13,20,15,15,14,13,16,19,16,13,19,14,16,18,14,12,14,11
14,11,13,14,16,15,18,10,16,16,13,10,10,19,20,13,11,14,14,20,16,13,16,20,14,12,18,17,11,17,13,11,14,18,10,12,20,17,17,20,16,12,10,16,11,16,13,11,20,11
16,12,17,16,14,20,14,14,19,14,16,17,13,20,10,13,16,10,12,18,11,18,15,16,13,15,19,12,17,15,13,18,14,15,10,20,13,17,13,15,13,18,11,10,13,20,18,11,15,10
10,10,13,14,20,17,14,17,20,10,15,16,20,11,14,17,16,16,17,14,16,15,18,16,17,17,17,20,16,18,14,11,10,16,12,10,18,11,13,13,15,13,20,17,10,10,20,13,15,12
20,15,18,13,14,20,12,13,19,20,16,10,20,10,17,15,20,13,18,17,13,10,20,16,14,19,15,12,15,14,18,11,15,19,12,14,11,12,12,17,14,18,16,14,13,10,18,15,13,12
16,13,11,17,19,16,12,10,19,20,15,12,14,19,15,13,10,14,14,12,20,19,17,13,15,17,14,11,13,17,20,14,16,11,12,14,12,20,17,17,10,10,20,16,19,16,18,18,18,11
14,20,12,14,13,10,18,15,10,13,19,19,10,12,18,17,20,15,17,14,14,16,13,11,14,17,15,12,14,13,13,18,11,19,11,17,14,10,14,10,16,15,18,18,14,14,10,17,12,16
12,11,10,18,18,20,18,18,11,16,19,16,20,17,20,17,16,12,10,19,12,18,17,12,12,17,18,19,14,15,12,13,10,19,13,16,12,10,12,13,10,18,16,14,10,10,20,17,19,18
17,10,11,16,19,13,13,17,20,14,16,12,12,14,11,10,15,15,16,11,12,15,16,15,10,20,15,15,20,17,19,20,12,18,13,14,11,16,18,14,16,12,16,14,19,15,19,18,20,12
17,19,15,10,18,11,16,14,14,18,20,13,15,18,19,13,10,14,15,15,10,10,15,15,13,15,15,13,20,13,18,10,16,12,17,19,20,18,15,19,13,19,10,20,19,10,12,13,20,10
13,16,15,15,16,20,13,14,18,17,15,13,19,13,20,11,19,14,11,19,18,11,12,15,10,15,18,19,11,19,15,14,10,17,15,10,10,17,18,13,14,16,20,12,13,18,19,19,14,14
15,16,19,19,20,11,13,10,11,15,13,16,16,20,14,13,18,13,10,18,19,10,11,14,11,19,14,14,20,20,10,14,11,13,10,11,19,11,15,16,10,15,20,12,17,17,10,14,14,13
10,12,19,15,20,14,13,11,14,11,12,19,18,13,15,14,19,12,13,19,17,13,10,14,10,17,11,18,20,13,15,18,18,17,19,17,12,10,15,10,20,12,14,20,16,19,15,10,11,11
12,10,12,13,10,15,15,16,11,18,18,13,17,15,13,10,11,14,13,20,11,17,20,10,17,20,11,13,17,17,11,11,11,19,11,12,17,12,18,18,10,18,20,20,19,13,15,10,10,10
18,19,14,16,18,19,18,19,10,12,15,12,12,16,19,10,17,19,13,12,19,16,11,18,19,16,12,13,19,11,12,11,18,12,17,20,20,11,18,16,14,11,19,19,18,20,16,17,17,11
16,12,15,14,10,13,10,14,16,11,17,16,15,16,18,20,18,14,13,20,19,15,11,17,10,15,10,13,15,10,14,15,11,18,19,15,15,18,12,14,19,12,15,17,16,14,15,19,18,20
15,17,20,14,11,15,15,18,12,10,11,19,17,19,10,11,16,10,16,18,15,11,11,20,11,14,16,17,14,10,17,18,20,17,17,16,14,10,15,20,18,10,15,14,13,18,17,12,18,13
20,14,12,14,20,10,15,18,13,17,12,19,20,14,11,20,12,15,12,19,11,17,12,13,11,19,19,16,11,14,12,19,17,18,16,12,15,17,10,12,11,19,16,19,12,14,14,15,10,13
18,20,16,16,19,11,17,11,10,19,12,18,18,16,20,15,15,16,12,20,12,19,19,18,14,20,18,12,12,17,18,19,13,20,14,18,12,11,10,11,11,12,11,13,10,20,15,14,13,16
10,19,13,20,14,18,10,18,10,19,15,17,19,19,16,15,18,17,13,14,19,17,19,14,17,12,16,16,13,13,17,14,14,11,12,17,13,19,14,13,15,15,18,11,13,12,11,18,19,13
17,16,15,15,11,17,16,12,13,14,16,10,12,20,12,19,16,10,18,19,19,20,19,11,20,12,19,14,13,13,18,12,14,16,20,16,14,18,17,17,19,11,20,20,18,19,17,10,11,12
19,19,18,11,13,11,13,19,18,18,10,14,18,20,10,11,12,12,17,16,11,10,20,15,11,18,20,13,10,13,15,13,19,15,20,14,13,14,17,20,14,13,17,16,10,20,15,11,15,18
20,14,18,12,20,17,13,12,16,16,19,13,11,16,13,13,16,16,13,16,18,14,13,17,11,13,16,18,12,19,14,10,18,16,17,11,19,17,20,18,16,11,16,10,17,14,12,15,12,13
20,15,17,17,20,19,11,20,11,18,13,13,20,10,13,12,13,19,17,15,12,12,14,19,18,17,10,18,14,17,14,19,14,11,10,10,19,18,13,14,10,12,16,12,19,10,15,15,12,11
18,11,13,11,16,12,14,17,13,18,13,15,13,10,19,13,19,10,17,17,15,15,20,15,14,19,17,15,14,19,12,12,14,14,13,16,15,17,12,10,15,11,19,18,19,17,11,13,13,15
10,18,14,15,11,15,15,15,17,16,10,16,17,19,14,19,19,14,10,17,15,14,15,19,11,12,16,16,18,17,20,12,18,11,12,15,10,20,12,13,14,13,18,18,11,19,14,20,16,11
11,11,16,16,15,20,18,14,10,16,18,20,17,16,14,15,14,15,20,19,16,20,16,16,10,12,14,10,18,15,13,18,14,18,12,16,15,10,18,12,15,15,16,17,10,15,19,20,14,12
20,15,14,14,19,20,11,17,16,12,15,18,11,17,20,20,10,10,15,13,11,10,13,16,17,11,15,14,12,16,20,19,19,14,15,17,14,13,14,14,13,10,10,11,14,11,18,20,16,14
11,20,16,12,20,12,15,11,10,19,19,10,15,20,11,11,17,15,14,19,16,13,20,16,12,11,20,11,12,20,10,10,14,11,10,19,14,15,13,13,11,18,13,12,15,18,12,10,17,17
17,15,20,13,15,15,18,17,20,20,16,16,10,17,20,13,20,12,16,18,10,17,19,18,19,19,16,12,16,17,18,17,18,13,15,16,19,19,19,10,11,14,20,14,11,20,13,12,19,11
16,12,18,16,13,13,12,10,16,11,13,11,20,20,14,16,14,15,14,13,11,12,16,17,20,17,18,20,15,20,14,14,17,16,10,11,20,17,17,16,16,11,14,12,17,17,20,20,14,20
10,12,18,12,19,19,20,19,12,20,13,14,13,19,15,11,17,17,20,20,18,17,14,18,19,19,16,11,11,18,16,10,17,18,19,11,10,20,16,14,14,13,13,12,12,11,16,10,15,19
15,19,18,16,17,19,14,14,13,12,16,20,20,14,15,10,15,18,16,13,15,10,20,10,16,17,16,14,15,16,18,12,11,20,13,18,15,20,12,10,15,13,17,12,19,13,10,18,18,20
12,16,16,16,19,10,10,18,19,11,17,14,12,18,18,11,17,10,18,20,19,11,13,14,17,20,14,16,20,19,15,14,13,20,15,12,13,14,13,12,17,16,12,11,15,13,10,12,18,13
19,11,11,17,13,20,15,14,14,18,15,12,14,13,10,12,10,19,12,18,19,10,12,14,15,20,18,18,10,19,17,19,17,18,15,20,16,19,20,18,19,20,10,16,16,18,18,11,13,16
12,18,14,13,19,17,18,17,14,17,18,20,16,20,19,18,15,17,19,20,11,20,10,10,16,11,17,19,14,19,14,20,15,16,18,16,19,16,13,20,11,20,11,19,12,19,13,17,10,13
20,19,10,19,16,11,11,15,13,19,13,16,20,19,19,15,16,11,20,13,19,18,12,17,10,16,16,19,11,16,16,13,12,15,17,18,15,14,14,19,16,11,20,10,20,11,11,14,13,16
19,12,10,18,14,17,13,20,14,20,18,12,14,16,10,12,14,11,15,14,15,17,18,19,10,11,19,16,12,10,19,15,16,10,14,11,17,14,10,10,14,14,15,16,16,12,19,19,10,20
10,17,14,10,15,13,19,15,15,20,11,13,10,13,16,15,13,11,14,12,18,17,18,14,13,15,20,18,13,14,18,13,12,19,14,10,10,18,14,20,14,11,20,10,15,14,16,14,10,16
13,16,17,12,16,10,20,15,19,18,14,13,14,13,18,18,12,20,14,12,12,15,10,17,15,16,14,17,17,12,13,15,11,12,20,14,12,19,20,13,11,10,20,14,17,12,19,20,14,11
17,15,19,12,19,11,16,19,11,14,11,15,14,16,12,13,10,14,11,19,14,14,20,12,19,16,20,18,19,15,17,17,11,20,16,17,16,14,15,19,20,15,15,18,20,10,17,17,14,15
18,15,12,16,19,18,17,18,12,17,19,14,19,11,17,11,20,18,19,17,12,15,13,10,11,20,10,19,15,10,11,15,17,20,11,17,17,15,10,15,13,18,11,12,14,12,19,20,15,11
17,11,15,17,19,13,18,14,13,14,19,14,20,13,14,16,19,11,16,18,17,14,19,11,16,18,14,19,12,13,13,11,10,19,12,13,14,16,16,10,20,19,12,18,17,11,17,15,16,10

The sequence dependent setup time of each job processed on machine 2.
(Where rows denote jobs: 1 to 50 and columns denote jobs: 0 to 50.For example:The value of Sijk is in row j,column i+1.)
11,15,18,11,17,17,15,14,11,15,19,10,19,10,11,15,20,11,15,16,13,12,15,15,10,13,19,11,12,13,17,14,14,13,12,11,19,15,16,10,14,11,13,20,12,20,19,14,10,18
14,11,19,11,13,10,20,16,11,17,15,19,11,14,12,10,15,18,14,14,15,17,11,16,12,15,18,19,20,14,19,17,11,17,13,20,17,14,17,20,17,14,17,18,20,12,11,12,17,18
10,19,17,11,13,17,11,15,15,12,11,19,15,14,19,11,17,18,11,17,12,14,16,10,16,20,11,19,12,11,15,13,11,16,12,19,11,16,17,14,10,11,18,10,14,15,13,15,16,10
18,11,18,19,16,17,12,17,13,20,10,17,17,19,18,13,11,13,11,14,15,18,20,16,12,19,13,12,20,20,17,16,20,20,18,12,15,10,11,13,16,13,11,13,12,18,11,12,10,11
13,15,19,20,16,18,20,16,12,12,12,20,13,14,11,13,13,18,12,19,18,12,13,19,20,15,11,19,18,17,18,19,11,18,18,14,16,15,14,12,17,15,10,11,19,13,20,16,10,17
17,20,11,14,10,18,20,20,16,19,10,20,10,19,10,11,11,15,20,17,18,14,20,17,13,11,11,19,15,14,16,12,13,20,17,13,12,20,13,11,16,18,17,17,11,12,18,10,17,20
10,17,13,12,10,20,10,18,10,15,15,11,10,20,10,10,16,16,19,20,13,15,10,16,19,12,19,14,14,18,19,11,15,14,20,15,12,19,13,10,14,18,10,16,11,12,12,11,20,14
12,10,15,20,15,18,12,11,18,14,17,18,15,18,12,12,19,19,19,11,12,20,17,13,12,15,10,15,18,11,19,17,10,18,16,20,15,17,11,15,13,15,19,18,11,10,18,16,19,15
17,20,18,10,11,15,12,19,18,19,17,12,11,18,18,12,18,11,17,16,13,18,13,14,14,11,19,18,20,17,18,14,11,10,10,17,11,16,19,14,13,11,14,16,18,14,20,12,14,20
19,14,20,14,19,13,10,18,17,17,20,20,13,19,11,12,19,11,19,13,19,13,12,14,19,13,10,17,16,11,18,13,17,16,17,10,19,18,11,20,10,18,12,19,13,19,13,14,14,12
18,14,16,17,20,10,10,16,18,10,20,11,19,13,19,14,11,14,11,15,11,11,17,19,20,12,18,14,15,20,15,17,15,19,12,14,14,11,15,15,15,20,11,14,16,19,16,16,10,20
10,10,18,10,14,18,12,15,10,18,11,20,10,11,12,15,14,18,16,15,11,10,17,19,16,10,17,14,18,15,18,19,11,15,18,11,15,18,20,10,11,15,14,15,13,13,18,11,13,14
10,10,14,10,11,10,11,19,14,19,10,20,10,14,11,18,12,17,17,10,15,12,14,20,18,16,18,14,16,20,10,19,10,20,19,17,15,13,11,19,17,16,15,12,19,13,18,15,11,10
14,20,18,16,10,17,12,18,13,10,20,16,10,10,12,18,12,20,13,18,11,20,11,12,12,14,14,19,15,11,15,12,16,16,12,13,14,18,10,10,14,11,13,20,16,12,19,16,19,15
13,17,10,18,16,16,17,11,20,16,10,13,17,18,13,13,13,15,20,15,16,13,19,16,17,19,18,14,15,16,20,11,18,12,17,10,15,19,18,19,14,20,16,12,20,13,17,11,10,10
19,20,16,14,11,18,20,17,13,15,16,19,10,16,19,18,16,11,20,17,20,10,11,19,18,17,12,10,14,17,13,15,15,10,18,19,15,12,17,10,16,15,10,14,16,10,14,16,11,15
20,20,10,12,17,12,15,16,14,17,17,14,14,12,14,12,19,10,15,17,11,16,14,18,19,20,14,14,13,16,19,17,13,18,15,12,11,17,18,13,15,10,11,20,18,10,17,15,20,15
19,14,14,20,14,15,15,14,13,20,13,12,11,19,11,19,14,19,15,20,10,10,11,14,13,14,16,15,10,14,15,12,12,20,17,10,20,11,19,13,14,10,16,16,13,15,16,16,14,16
17,20,19,19,14,16,12,14,10,20,19,16,20,14,20,17,13,11,13,12,11,11,13,10,20,14,20,10,14,15,14,10,18,13,10,19,12,12,13,17,13,10,15,14,12,20,17,10,17,13
20,19,19,10,18,11,10,14,11,15,18,17,20,17,17,17,13,10,19,10,19,18,14,16,10,20,16,14,16,19,16,20,19,13,14,19,20,11,12,12,13,19,12,15,17,16,12,19,12,10
11,16,16,20,18,16,14,15,10,15,18,13,17,17,11,19,12,10,19,13,12,16,10,10,16,13,15,15,15,11,18,11,17,17,16,12,15,19,17,17,17,14,10,18,15,11,15,15,18,11
12,14,18,17,11,17,17,16,12,16,18,17,20,17,14,15,11,11,11,20,20,13,20,15,19,13,10,18,18,14,10,18,10,20,17,19,11,12,10,13,14,20,20,17,10,13,14,20,17,13
18,20,13,15,13,12,16,17,19,20,19,11,10,11,15,16,17,16,18,14,13,12,11,13,13,19,10,19,14,12,20,11,16,14,12,20,14,12,11,18,17,13,17,15,18,13,11,11,13,13
15,13,19,17,17,20,15,18,15,19,13,16,18,15,10,12,19,16,12,16,18,19,19,17,20,15,11,10,15,17,16,12,19,10,12,15,10,13,12,14,20,14,11,13,11,10,13,16,13,20
17,16,19,10,13,19,11,17,12,11,15,14,20,19,14,10,12,16,10,19,19,16,12,14,15,16,10,11,13,15,14,15,20,14,13,14,11,16,19,16,10,14,13,11,17,12,10,10,11,13
20,19,17,18,17,16,10,20,12,18,12,19,10,11,11,19,14,18,17,20,12,11,15,18,13,16,11,11,20,18,13,18,11,20,20,13,11,10,15,10,15,13,17,11,13,14,14,10,13,18
20,12,18,14,14,18,11,14,18,14,17,18,10,18,17,10,19,14,17,20,10,17,16,15,17,10,10,19,12,15,17,10,10,16,18,18,19,10,10,13,18,18,19,18,20,13,18,11,11,20
13,20,20,13,10,20,19,11,20,11,15,20,12,17,11,17,19,16,12,15,13,10,12,18,14,15,12,15,13,15,17,18,17,15,17,15,15,19,12,16,19,10,17,19,18,12,19,15,16,14
19,12,11,18,13,15,11,15,16,15,18,14,20,14,19,19,17,20,12,17,16,18,18,18,12,12,13,17,13,18,17,12,15,14,12,17,19,19,12,12,13,16,15,17,18,18,17,14,20,13
14,12,16,15,16,14,10,17,20,20,14,19,14,19,11,14,10,17,17,12,18,16,17,15,12,17,17,19,11,18,17,18,13,18,10,13,20,14,16,14,18,17,13,17,16,15,13,17,17,16
15,16,19,11,12,10,11,10,17,18,11,14,10,11,14,15,18,19,18,18,11,19,12,10,15,15,16,13,10,10,18,15,12,13,19,15,17,17,16,20,19,14,16,16,16,17,15,12,13,15
10,13,15,17,20,10,13,10,14,16,18,11,11,14,16,12,15,20,17,14,11,20,12,13,15,14,14,13,11,20,16,10,14,12,12,18,11,18,16,16,20,17,13,13,11,20,20,20,17,11
16,16,13,10,19,18,17,18,18,19,17,10,12,12,18,15,20,12,14,20,20,19,15,20,13,13,14,13,20,13,20,18,20,12,14,11,15,14,15,12,10,17,11,13,18,16,16,12,17,14
14,11,16,12,17,18,13,16,14,12,11,17,11,10,12,18,17,10,14,18,12,12,13,19,15,17,19,16,19,12,15,12,16,12,11,13,19,16,17,18,17,13,13,20,13,11,19,16,18,20
20,14,19,12,19,18,16,20,20,20,20,13,10,10,20,18,20,12,10,20,17,10,13,19,13,19,18,13,17,15,12,16,17,17,17,16,17,20,13,13,13,11,13,11,13,10,15,13,11,11
10,15,20,15,14,19,17,18,16,16,12,19,12,18,13,14,19,19,10,20,17,14,14,12,14,16,16,15,16,15,15,14,12,15,12,19,12,16,17,15,16,19,13,15,13,13,19,20,18,12
16,15,12,12,17,11,10,10,17,10,16,12,17,12,13,17,15,14,17,20,11,10,17,20,16,20,13,14,12,20,18,11,10,12,16,20,18,15,19,19,19,20,18,15,16,16,16,14,10,11
14,11,11,19,10,10,15,17,19,19,12,15,17,18,15,12,12,10,14,12,14,11,14,19,19,18,18,13,17,11,11,15,14,15,16,13,18,12,11,20,15,16,14,11,10,16,12,11,14,10
11,18,16,17,20,19,15,15,10,11,11,15,18,18,14,15,17,19,12,16,11,16,19,17,11,11,12,12,16,12,14,13,14,10,11,13,15,12,19,16,14,19,20,16,18,15,10,20,13,12
12,19,13,10,20,18,19,17,11,13,12,18,13,15,16,19,19,12,18,16,15,16,13,19,11,10,12,18,11,19,14,10,15,14,13,15,10,12,15,11,15,10,13,12,18,15,12,17,17,10
18,15,16,18,20,15,13,19,18,11,13,20,12,14,16,16,20,18,15,19,14,14,14,18,11,20,17,16,20,12,11,15,11,13,13,17,10,18,10,12,14,18,19,18,13,15,13,18,19,18
16,17,16,20,10,17,14,19,11,20,19,17,15,20,12,13,16,10,13,11,13,18,13,19,11,19,13,14,20,10,16,14,15,14,11,12,12,11,17,15,13,13,15,18,20,14,20,19,18,20
17,17,16,10,20,11,12,13,16,15,20,10,14,18,12,12,13,20,10,11,13,15,20,17,17,20,13,13,11,10,15,15,15,13,17,17,20,16,11,11,10,12,16,12,15,20,18,16,16,19
15,17,20,20,11,19,10,14,16,10,18,18,11,19,10,12,10,11,16,13,17,18,12,13,12,16,15,11,14,17,16,17,10,18,17,20,20,10,11,20,18,16,20,12,12,10,17,18,20,12
17,14,10,16,19,15,14,14,10,10,13,18,10,15,12,20,12,12,17,12,18,20,10,20,18,17,18,18,14,10,15,18,10,10,15,15,15,10,11,12,13,18,17,20,10,15,13,15,11,17
20,15,20,19,13,20,11,20,19,13,19,19,20,16,16,20,14,11,12,15,12,17,16,14,19,15,18,20,10,10,12,13,11,12,15,15,12,12,19,20,10,17,11,20,20,14,11,19,13,13
12,10,14,11,20,18,16,10,19,12,19,10,15,13,16,18,19,16,13,15,14,13,17,11,10,15,14,14,19,19,11,14,16,16,13,13,15,19,11,20,16,12,20,12,19,15,12,11,10,12
18,18,13,18,10,14,16,10,11,20,13,20,17,18,18,14,11,11,10,18,19,17,12,17,18,13,10,15,10,11,14,15,17,14,20,16,13,10,16,19,11,11,19,19,13,19,15,11,17,10
19,14,13,13,18,10,11,13,20,14,19,19,11,10,15,10,16,12,11,11,11,11,10,20,11,15,11,11,15,17,11,13,17,11,12,18,18,17,12,19,20,10,20,15,18,16,16,16,16,13
20,14,15,10,14,17,19,20,19,16,12,14,16,10,17,11,13,16,10,15,15,19,18,12,13,17,15,11,10,12,10,17,20,17,18,18,14,12,14,15,11,19,20,11,18,12,20,17,18,11
14,15,12,19,15,14,11,14,20,16,11,16,16,10,10,18,11,18,10,10,15,11,14,14,19,13,12,15,19,17,15,19,11,17,10,19,18,11,16,19,15,12,12,15,14,12,20,19,14,16

The sequence dependent setup time of each job processed on machine 3.
(Where rows denote jobs: 1 to 50 and columns denote jobs: 0 to 50.For example:The value of Sijk is in row j,column i+1.)
14,12,19,17,12,17,19,16,13,11,11,19,20,17,19,19,15,20,18,18,10,15,11,11,15,13,17,10,16,12,10,12,11,16,11,14,15,15,14,10,19,16,16,19,16,12,20,14,11,16
17,13,19,13,10,19,12,19,18,13,20,19,13,20,14,10,18,19,12,10,16,13,18,19,15,17,19,13,18,14,11,16,19,11,18,13,12,18,11,15,11,16,10,12,20,18,13,14,13,10
11,11,11,15,20,13,15,11,10,13,16,20,12,11,12,15,17,10,18,19,19,18,17,15,18,16,18,12,15,11,11,11,14,20,10,16,19,18,10,11,19,18,16,12,15,13,20,17,15,20
14,16,15,10,17,12,19,11,19,19,11,16,15,17,12,10,20,15,17,13,10,17,11,14,12,11,13,20,12,10,13,18,19,10,14,17,17,11,19,13,10,12,17,17,18,16,17,14,15,14
19,10,13,19,16,10,14,20,13,14,15,17,17,15,15,17,18,20,12,12,20,18,11,20,20,16,16,16,20,12,11,15,18,12,14,11,13,12,15,12,17,13,18,13,18,11,15,17,10,11
12,15,11,20,12,20,16,16,17,14,10,13,15,20,10,16,17,16,20,16,12,18,16,12,14,17,20,10,12,17,15,10,12,15,13,15,10,17,12,17,18,15,19,14,20,10,11,14,13,20
14,18,13,14,15,20,15,20,19,13,18,20,10,16,16,19,10,15,15,16,20,17,12,14,15,11,10,10,13,15,15,10,19,17,20,12,17,20,15,16,12,19,13,18,11,15,14,14,14,13
19,14,15,18,16,14,19,11,13,11,15,13,16,18,14,16,13,13,16,18,14,10,19,15,19,19,11,12,13,11,11,14,15,10,12,12,14,18,17,15,14,11,18,10,16,19,13,13,10,18
18,19,11,19,12,13,11,18,18,12,14,11,12,15,18,18,19,17,12,17,13,14,20,17,15,20,19,14,10,20,12,18,20,12,16,14,14,20,19,13,10,19,20,15,19,17,11,13,17,20
19,16,11,12,11,19,13,10,18,13,14,18,19,19,11,17,12,19,13,11,17,16,19,20,20,18,20,17,12,15,17,17,13,14,13,13,15,11,19,20,14,16,17,14,14,12,14,18,18,17
11,10,11,16,14,14,20,17,11,10,16,16,11,17,19,19,11,10,10,15,18,11,11,12,19,18,10,10,16,15,12,19,16,10,10,20,11,13,13,11,18,12,18,17,16,15,17,17,15,19
18,18,17,14,20,20,11,15,16,18,16,18,13,16,14,10,20,12,10,11,10,19,13,15,14,15,15,17,17,13,10,15,10,13,19,19,14,20,12,10,16,10,10,10,16,18,15,12,13,15
16,12,16,18,16,18,10,13,11,13,20,12,11,13,12,11,10,17,14,17,15,17,17,20,19,11,14,19,15,14,13,10,14,16,13,17,15,19,12,14,13,10,11,12,13,12,20,18,20,12
14,14,16,11,19,10,12,12,14,13,14,12,11,18,18,15,13,13,15,20,14,13,11,10,11,20,17,10,20,13,12,17,10,17,20,16,17,12,10,13,17,19,15,14,16,10,14,10,15,18
19,16,11,11,10,17,11,18,18,10,16,11,13,20,12,13,16,10,10,19,17,12,15,19,15,15,12,19,17,14,14,10,16,10,17,10,14,14,11,15,18,10,17,10,11,10,15,10,18,18
15,17,12,17,18,18,18,14,15,17,18,13,17,20,12,11,15,19,20,12,14,10,16,13,10,12,17,20,15,11,10,19,13,19,15,19,16,13,20,16,20,14,11,14,19,17,15,18,13,17
16,11,14,12,16,17,17,11,18,18,14,14,16,17,19,11,15,12,19,13,14,13,17,16,12,12,10,17,17,10,19,16,17,14,20,19,10,10,20,19,13,16,12,14,19,11,15,12,13,14
15,10,20,15,16,13,11,16,16,11,20,13,15,16,14,12,10,11,16,17,15,16,18,14,18,20,15,17,12,19,13,12,10,11,16,13,20,10,11,19,14,10,14,12,18,15,11,17,16,10
16,18,11,16,17,10,12,10,13,20,16,10,14,14,15,19,20,11,11,12,17,10,10,16,12,18,15,15,11,11,20,14,12,13,19,20,12,18,14,20,13,18,16,10,13,13,19,19,20,15
11,10,11,18,13,13,18,17,15,20,11,17,15,15,10,14,15,16,19,19,13,15,20,15,12,13,14,12,20,16,20,18,15,16,17,15,15,14,16,11,13,11,11,19,20,17,14,15,12,17
16,18,11,16,12,16,11,17,15,12,16,12,15,11,17,18,20,13,13,10,10,10,16,14,17,20,11,20,19,11,17,14,19,13,18,14,18,15,19,15,15,19,16,12,20,16,17,10,13,11
17,14,18,10,18,12,13,16,10,19,10,15,19,16,15,18,12,18,16,11,20,11,19,20,20,17,19,14,20,18,10,20,15,15,18,16,15,20,11,11,12,12,14,13,18,12,17,15,14,16
19,11,18,16,12,12,19,10,17,15,18,10,20,19,14,19,19,14,20,18,13,17,19,13,15,16,17,19,17,12,13,19,15,11,16,11,17,13,18,12,15,19,19,14,16,16,11,13,18,10
19,15,11,16,17,17,19,11,16,18,14,12,10,17,14,10,10,12,17,19,15,16,14,10,13,18,19,17,19,17,11,11,13,18,18,17,18,10,13,18,12,16,20,13,18,15,11,12,10,14
20,20,13,12,18,20,19,13,18,15,15,20,18,16,18,15,17,15,20,20,13,16,16,17,13,10,12,13,15,17,13,18,18,16,20,17,18,18,16,20,10,18,16,12,17,11,19,19,19,18
12,10,10,18,18,15,11,18,10,19,12,17,10,18,15,20,11,12,18,13,10,13,15,16,11,11,12,15,10,13,13,18,16,11,14,17,16,10,10,13,16,12,17,15,16,12,20,20,16,19
20,20,20,11,12,20,12,13,16,20,11,17,10,15,16,16,12,10,19,19,16,20,19,10,17,14,12,16,17,18,19,19,14,19,13,14,10,10,11,14,18,17,20,19,17,18,18,18,15,18
18,16,16,17,19,15,12,13,13,19,12,13,15,19,20,13,18,17,12,18,12,20,15,10,20,15,15,20,15,19,13,14,20,12,10,15,16,19,14,19,15,14,15,13,16,12,11,20,12,17
10,13,10,13,19,13,12,18,12,12,20,19,12,17,10,19,20,13,16,10,10,20,16,20,19,13,20,19,19,20,11,16,11,12,13,13,12,11,12,12,19,15,12,15,10,18,13,15,14,16
19,10,13,12,16,18,18,10,17,15,11,12,12,10,19,15,11,15,15,15,12,11,13,20,19,11,15,19,19,12,11,19,11,20,15,11,20,19,17,10,16,17,15,18,20,10,14,17,12,20
19,11,11,17,15,15,18,13,19,13,11,13,13,13,19,17,18,10,14,10,10,15,14,13,15,11,10,15,19,16,12,19,19,18,20,14,14,20,17,15,19,11,17,12,20,12,19,19,19,18
16,14,14,15,18,15,17,16,15,17,18,12,15,20,19,19,19,14,15,11,20,12,20,12,14,10,11,12,10,12,20,12,10,16,18,16,10,20,20,14,18,10,13,18,15,14,12,20,12,17
10,14,20,16,11,16,12,19,11,18,19,12,18,15,18,12,18,14,12,12,19,11,16,14,12,17,20,12,19,16,19,11,14,20,11,16,10,10,18,15,14,17,11,18,10,15,18,10,19,20
18,10,11,17,20,10,19,12,12,10,17,17,16,13,17,19,12,17,18,16,10,11,12,19,15,19,20,14,11,10,20,15,11,17,20,17,13,15,10,19,19,11,19,12,19,18,11,20,20,16
15,13,12,19,11,18,11,10,19,19,15,18,19,18,14,20,12,15,16,18,10,17,15,19,19,11,16,20,13,20,15,10,12,11,18,16,18,15,13,12,19,15,16,12,10,13,13,15,17,16
13,15,12,14,14,20,16,20,10,15,20,11,14,15,11,20,19,10,13,15,14,14,12,11,12,16,13,11,13,10,20,14,13,14,11,13,19,17,13,10,20,12,18,15,13,12,13,20,20,11
18,13,18,18,18,20,15,10,20,20,12,16,11,15,14,18,11,13,20,10,12,12,10,19,18,15,10,13,14,12,15,20,16,17,10,11,19,19,16,10,16,11,18,11,13,18,14,20,11,14
11,12,20,17,19,16,19,13,14,11,15,15,13,12,16,13,16,15,15,20,10,15,12,16,12,20,20,18,15,16,10,17,19,10,18,16,19,13,10,17,13,10,10,17,20,12,11,10,10,19
20,19,20,10,17,18,11,16,14,18,10,11,15,14,15,12,14,16,20,17,20,20,14,11,15,16,10,17,13,18,12,20,14,11,18,10,18,17,16,15,11,17,14,19,11,10,14,10,15,14
11,11,11,14,15,18,12,14,13,13,10,19,12,16,10,14,10,17,17,13,19,10,11,13,14,20,10,13,11,19,14,14,20,20,18,14,10,20,14,14,15,14,15,20,17,12,20,14,10,19
19,12,16,17,16,19,10,12,17,20,20,10,12,14,19,16,19,16,19,12,11,11,11,19,18,17,19,19,16,20,18,13,12,12,17,13,15,12,10,14,13,17,16,14,15,16,16,12,11,11
13,16,14,17,12,11,14,16,18,20,17,14,20,11,11,12,17,12,11,18,16,11,15,15,13,13,17,19,11,10,10,10,16,14,18,13,10,16,13,12,18,11,10,16,15,20,10,14,15,17
11,13,11,18,10,13,16,16,10,19,19,15,13,18,12,20,19,11,15,10,10,10,17,20,14,10,10,19,11,10,11,19,10,15,16,17,13,19,14,17,11,17,11,10,20,12,16,17,11,17
15,12,13,19,12,12,14,15,13,18,12,12,19,13,20,17,13,18,20,17,10,18,11,10,12,17,18,14,12,11,10,13,16,11,16,11,16,16,12,18,19,20,12,11,17,16,10,10,16,10
20,19,19,14,19,11,11,19,14,14,15,12,15,18,19,11,11,17,16,13,10,19,11,19,11,15,14,13,15,16,16,11,17,14,12,18,14,12,13,11,11,20,12,16,14,14,18,20,20,12
14,11,13,10,12,10,12,13,11,16,16,16,11,13,10,12,20,19,19,15,10,13,14,11,11,19,10,16,20,17,13,18,12,17,18,15,10,15,13,11,20,14,19,15,10,16,18,14,18,16
13,17,20,13,12,14,20,12,10,10,11,12,17,19,13,10,18,17,12,16,16,20,13,14,18,10,14,19,14,12,14,10,17,20,13,16,13,15,19,18,19,16,16,15,14,18,14,18,15,13
16,13,13,16,18,17,13,11,18,16,13,19,12,20,13,19,14,20,17,16,18,10,12,10,19,20,12,17,17,13,10,20,19,16,18,15,15,17,19,19,16,12,19,18,20,14,18,15,20,14
17,13,12,11,12,20,19,13,14,14,11,19,10,16,13,18,11,14,14,13,16,12,20,10,20,20,12,16,10,15,18,14,13,18,15,15,20,18,14,18,15,16,12,17,12,17,16,15,10,18
12,15,18,15,10,12,16,12,15,18,12,17,12,11,14,19,12,17,16,16,12,15,15,10,17,18,15,10,11,16,13,13,18,14,11,17,15,12,11,16,20,18,16,20,20,15,10,11,18,17
10,17,17,20,15,12,13,16,14,15,10,14,18,19,11,16,19,17,20,14,17,15,20,16,15,12,15,11,18,18,19,13,14,10,19,15,15,11,11,11,18,15,18,14,10,12,16,10,15,12

The sequence dependent setup time of each job processed on machine 4.
(Where rows denote jobs: 1 to 50 and columns denote jobs: 0 to 50.For example:The value of Sijk is in row j,column i+1.)
10,20,17,13,20,11,12,20,16,17,13,14,11,13,20,13,10,11,19,12,20,13,16,20,18,14,17,16,12,13,14,12,18,11,17,13,13,12,13,13,17,14,17,10,18,12,11,19,16,16
12,19,19,16,13,15,17,20,16,19,17,15,19,11,16,15,16,14,14,15,18,18,13,14,18,18,19,20,10,19,10,15,15,17,19,11,17,19,11,14,20,19,20,16,11,13,13,16,18,13
12,16,14,14,15,14,20,13,18,18,19,17,11,15,17,19,15,16,19,14,10,15,20,10,20,11,12,14,18,10,10,19,20,15,19,13,16,19,12,17,17,12,17,18,12,13,13,17,16,18
13,10,18,15,10,16,20,15,18,15,16,18,13,12,10,18,18,17,11,10,19,20,15,16,11,19,18,16,10,16,10,18,13,17,18,17,12,18,18,18,18,19,16,13,12,14,14,20,12,12
16,19,17,18,16,17,15,15,13,19,17,10,15,14,16,11,11,17,17,14,19,13,15,10,12,18,15,17,20,12,18,11,14,20,18,14,18,11,18,19,14,11,18,16,18,13,20,13,10,20
10,11,10,19,16,12,19,14,10,16,20,14,17,13,14,15,13,19,14,19,20,18,19,12,19,17,10,16,12,18,16,15,15,10,19,17,12,19,12,11,11,11,15,10,19,19,18,14,13,20
16,18,19,13,13,11,19,13,17,11,13,12,11,11,17,10,14,13,16,15,10,10,15,11,14,14,19,19,20,13,11,11,20,12,12,20,15,18,13,13,13,20,20,10,16,16,13,19,15,13
15,19,11,12,14,12,17,20,14,15,20,12,10,17,17,20,16,17,13,20,16,14,11,18,15,11,17,11,13,11,12,19,18,19,12,11,17,15,18,20,15,15,20,16,20,20,18,12,12,16
17,20,18,10,10,15,12,14,10,14,15,20,17,17,19,19,16,19,20,13,14,16,16,13,17,13,18,13,18,20,14,14,15,17,20,15,13,11,20,15,14,14,10,14,18,11,10,11,14,13
16,18,13,18,20,13,19,15,11,15,15,18,10,16,12,12,19,12,10,17,11,16,16,14,16,18,12,17,15,19,18,10,17,18,18,12,14,20,10,20,10,12,12,18,16,18,11,16,15,13
16,16,10,11,11,19,19,13,11,18,12,14,12,15,19,12,11,18,17,11,13,11,16,12,13,12,14,18,18,19,12,14,20,17,13,19,12,13,13,13,20,10,16,20,15,18,12,14,14,14
17,20,18,17,12,14,17,19,19,20,19,20,18,15,13,11,11,18,11,12,20,18,10,14,10,12,19,20,10,11,10,18,13,20,20,10,17,20,19,11,18,17,19,18,18,16,18,18,19,16
14,11,19,10,19,16,15,10,11,16,18,13,12,12,20,14,20,16,10,16,13,15,10,19,17,10,12,12,19,19,18,16,13,19,12,11,14,19,12,12,17,19,15,13,17,11,19,14,18,16
20,18,16,11,20,18,17,18,17,12,15,14,18,19,16,13,11,15,12,14,16,15,11,11,19,16,16,12,20,20,19,18,17,19,11,18,19,14,16,17,11,17,14,15,10,11,13,19,18,14
12,16,18,17,16,16,14,15,15,17,19,15,13,20,14,15,10,10,14,13,11,19,15,12,11,18,17,14,13,13,18,18,10,11,17,16,15,10,18,18,12,20,12,18,15,12,16,20,13,13
12,17,16,14,11,12,17,10,15,17,15,18,13,19,20,14,13,20,16,18,11,18,18,20,12,12,10,10,17,10,19,19,16,20,15,16,18,20,17,20,15,17,18,19,18,15,16,18,15,20
20,15,16,16,16,12,11,20,11,20,15,13,18,11,12,11,15,11,20,12,14,16,12,19,12,13,13,15,14,11,14,16,20,20,10,12,17,17,18,17,13,14,14,12,20,13,19,18,12,13
11,15,16,19,14,15,13,18,19,14,20,20,13,12,16,16,12,15,13,10,12,19,20,10,19,18,20,15,18,12,14,12,18,14,15,20,20,16,12,19,14,14,14,16,16,15,11,19,11,17
20,14,13,18,10,12,13,12,11,19,15,12,12,18,14,16,16,17,13,12,16,10,17,16,17,17,14,11,19,13,18,13,11,17,11,20,12,16,12,19,17,16,10,13,12,19,13,16,15,19
19,16,15,14,13,10,18,15,12,14,16,19,15,16,17,18,20,15,17,18,20,12,11,19,18,20,17,18,19,15,16,17,10,15,10,14,15,13,12,11,19,16,19,18,14,17,15,16,11,14
13,15,15,14,18,12,17,18,13,13,12,10,14,13,13,19,20,16,19,19,18,15,11,15,19,16,19,14,12,17,15,18,15,20,20,12,15,19,18,19,18,13,18,14,11,10,13,20,13,15
11,17,10,17,12,15,14,14,15,16,11,16,15,12,20,16,16,19,18,15,18,19,10,20,17,11,12,13,20,19,14,17,20,17,20,16,11,12,11,13,14,19,15,14,17,10,13,16,10,15
14,15,18,13,15,18,13,12,10,19,11,14,10,14,18,15,11,12,19,10,14,18,10,17,15,12,13,13,16,18,16,13,13,17,17,16,10,10,14,17,12,16,10,20,10,17,13,13,19,18
13,13,11,12,10,14,19,19,15,19,17,17,13,12,12,15,11,18,10,16,11,18,19,10,20,18,13,10,11,20,20,19,16,15,13,14,14,11,20,11,13,17,13,11,15,10,16,13,13,16
14,19,11,13,13,19,11,20,19,16,15,19,20,14,17,11,12,19,20,10,19,14,16,19,16,20,12,14,15,18,18,16,17,16,20,12,12,14,10,17,10,16,19,13,11,10,13,17,14,16
17,20,16,15,10,12,20,15,12,19,11,10,14,16,20,14,16,19,15,14,18,17,11,18,13,19,13,16,20,20,18,18,19,10,18,15,10,20,16,13,12,11,12,19,19,13,11,18,13,11
11,16,11,15,19,20,16,18,11,14,19,12,10,12,11,20,20,18,11,14,13,14,12,17,15,19,10,17,16,10,16,20,12,18,10,20,16,15,19,20,13,20,16,11,10,20,12,10,15,14
19,13,14,19,17,11,15,10,18,11,10,12,17,10,20,18,17,13,15,15,12,11,11,20,10,19,13,11,12,12,12,17,16,15,13,13,12,20,18,18,10,16,20,14,20,17,15,12,15,14
19,20,14,16,18,11,17,14,16,18,15,15,17,14,15,14,10,11,16,18,18,14,11,16,16,18,18,13,14,18,14,19,11,20,11,17,10,16,18,11,18,11,18,20,12,12,15,14,17,20
15,16,17,19,19,10,19,18,11,19,16,20,19,13,19,14,18,13,20,18,13,10,10,15,10,17,13,17,16,18,12,19,13,18,12,15,12,20,18,16,16,11,11,11,18,18,17,12,12,19
12,13,12,20,12,13,16,20,10,18,16,20,13,17,14,16,11,15,12,10,17,10,14,18,15,13,15,11,20,19,10,11,13,19,10,14,14,11,20,16,20,11,16,13,11,17,14,18,20,15
12,10,16,14,13,17,15,11,20,18,19,11,11,15,14,19,10,10,12,19,17,15,13,17,19,12,17,18,15,14,17,16,15,10,17,16,16,12,10,20,17,20,15,12,20,20,18,17,16,12
15,20,15,17,16,10,18,14,19,15,17,16,18,12,16,13,12,19,14,10,19,13,20,19,12,18,19,20,18,11,13,17,12,13,20,20,16,12,18,13,12,20,12,18,19,14,12,20,16,20
17,16,16,16,14,13,19,20,16,13,13,15,12,18,16,10,10,20,18,20,14,20,11,14,10,13,16,17,11,19,11,11,20,17,15,13,16,15,10,13,12,17,18,15,19,18,10,20,18,15
11,15,17,13,10,12,14,20,16,20,16,15,18,18,10,12,10,19,18,10,20,11,12,17,13,17,14,12,19,20,11,11,15,14,18,10,12,10,10,10,16,20,15,14,13,19,18,19,20,17
17,20,19,16,14,12,13,16,14,20,15,16,17,10,15,18,14,16,15,20,20,15,10,15,14,20,20,12,19,17,17,18,16,12,19,10,20,16,18,13,14,14,12,12,19,14,15,18,12,20
17,20,19,10,17,16,20,11,20,17,16,19,13,14,14,13,20,10,10,18,16,11,17,10,14,15,19,10,13,18,11,18,14,19,19,10,19,14,15,16,13,20,11,14,18,15,20,16,19,13
15,16,18,10,18,16,14,17,17,17,20,11,13,13,10,15,20,20,19,16,11,18,19,13,17,10,19,16,19,16,16,12,17,15,11,15,11,16,11,15,18,20,14,17,10,11,13,10,18,18
15,11,10,17,13,12,15,20,20,11,16,12,20,14,13,19,15,10,10,12,20,19,14,14,13,10,14,20,10,20,20,17,20,13,19,15,18,20,10,19,17,13,12,20,17,17,15,18,16,12
14,11,14,12,11,14,13,17,11,16,20,19,11,10,18,10,11,16,13,14,11,18,14,14,16,14,16,19,10,18,15,18,15,19,18,19,20,20,12,17,11,12,10,16,10,11,13,13,17,12
12,20,18,20,20,13,12,14,11,10,13,10,11,20,19,19,11,15,15,20,13,13,18,10,10,12,19,20,19,10,15,13,13,19,15,11,11,14,15,18,13,19,19,11,11,20,17,18,13,19
10,20,10,13,18,17,13,16,10,16,11,11,15,17,16,15,14,18,18,10,20,17,15,20,11,14,17,14,17,10,18,14,19,14,14,10,12,13,14,19,18,11,17,11,12,14,15,18,14,20
15,11,16,15,11,10,17,13,11,14,16,20,11,18,17,17,19,11,20,17,13,20,10,17,12,19,12,16,14,18,17,19,10,16,14,13,19,13,19,17,10,10,20,18,10,16,15,10,13,14
11,15,18,17,11,14,12,11,17,15,13,19,16,17,10,14,20,10,14,15,10,10,17,10,14,18,18,17,12,12,20,14,15,20,17,15,11,13,18,17,14,18,18,10,15,16,17,16,16,17
14,17,12,15,18,15,12,14,10,17,12,12,20,15,13,14,12,15,13,13,18,13,19,11,12,12,10,10,16,14,16,14,18,13,15,16,16,16,10,10,14,20,10,11,16,15,11,12,15,12
18,17,13,18,15,20,20,15,10,19,19,10,12,12,11,20,16,13,10,12,17,18,15,12,15,13,17,13,13,15,20,20,14,19,17,16,12,11,17,16,12,13,18,19,12,18,13,18,18,18
14,17,15,19,15,10,15,17,15,16,15,18,12,12,10,12,11,16,16,19,19,16,16,13,15,19,15,16,18,19,12,13,10,11,14,15,19,20,12,12,13,11,16,14,16,12,19,20,14,19
11,20,11,19,15,17,20,16,11,13,18,14,12,18,13,19,17,20,20,18,15,10,19,12,13,12,15,16,16,20,13,10,11,16,12,17,10,16,16,11,13,18,11,18,19,11,10,10,11,19
17,10,20,17,13,20,15,18,18,14,20,12,19,13,16,17,16,18,13,18,17,12,19,20,14,14,17,14,13,18,20,13,14,16,20,15,20,12,16,17,17,11,19,13,18,16,19,19,18,15
12,12,12,10,14,17,13,10,12,17,11,20,14,14,20,19,12,12,11,16,15,10,10,18,12,18,14,13,12,14,14,13,13,10,11,12,15,13,12,16,17,12,10,13,10,17,16,11,20,16
14,10,16,17,10,18,10,18,11,17,14,10,16,13,18,19,10,15,13,20,17,12,13,20,14,15,18,18,12,14,11,18,10,17,15,16,16,18,18,19,19,13,14,11,12,15,11,16,11,15

The sequence dependent setup time of each job processed on machine 5.
(Where rows denote jobs: 1 to 50 and columns denote jobs: 0 to 50.For example:The value of Sijk is in row j,column i+1.)
14,11,16,11,11,10,20,12,16,19,18,20,13,16,17,18,15,20,12,17,16,16,14,17,10,20,14,16,10,14,14,20,20,18,18,16,10,17,16,15,10,13,16,18,11,14,18,13,15,16
18,17,13,19,13,15,10,13,10,14,14,14,19,20,11,14,19,18,19,20,15,13,16,18,16,18,12,13,10,20,20,12,16,20,11,12,15,17,16,15,20,17,16,18,16,15,10,19,11,13
13,14,17,14,11,16,13,20,12,13,20,17,18,20,17,11,13,12,13,16,18,17,19,20,17,19,10,13,10,15,12,11,11,12,10,12,13,18,11,19,15,15,10,11,10,19,20,12,13,13
18,11,13,15,15,18,11,13,13,16,17,11,17,12,20,13,13,12,19,16,17,15,10,20,14,12,19,13,20,17,12,11,20,20,12,12,20,16,13,15,16,12,10,16,20,14,16,18,20,13
19,16,12,19,10,20,10,10,16,13,14,10,17,17,19,19,16,19,17,17,18,10,15,13,20,14,11,19,12,16,12,11,19,19,18,12,14,20,10,18,18,19,12,19,12,18,10,10,19,17
14,18,13,17,20,10,13,19,13,18,13,20,16,14,17,13,14,14,19,19,18,19,10,18,20,10,13,16,13,13,14,16,16,16,18,13,10,17,15,18,20,18,13,12,12,12,10,16,19,15
13,10,15,20,18,14,10,15,17,15,13,12,12,12,19,15,15,14,20,12,14,11,12,10,13,15,10,19,13,17,14,13,14,14,10,16,12,15,18,12,11,10,16,12,17,10,12,12,10,17
15,11,11,14,13,19,13,11,20,11,17,17,16,16,16,19,19,15,11,12,20,16,12,15,16,13,11,13,17,19,20,13,13,14,13,10,19,12,14,14,10,10,11,17,19,16,20,14,11,11
11,12,18,15,17,14,16,20,10,10,12,14,15,18,17,10,10,10,20,16,11,17,19,12,11,14,20,15,18,19,18,16,19,17,11,20,16,20,16,13,12,10,13,14,14,10,10,17,11,13
19,11,18,11,13,17,13,12,13,11,13,13,12,10,18,12,13,13,19,20,20,19,20,15,20,15,13,12,13,14,12,19,18,16,16,19,11,20,10,12,20,18,11,14,18,18,13,12,12,18
13,19,13,14,18,14,12,11,14,15,15,11,14,19,12,16,16,11,16,12,14,13,11,13,15,14,11,20,12,17,16,16,17,20,12,14,14,16,16,18,16,19,14,10,18,20,20,11,13,20
19,13,10,10,14,18,16,20,16,14,19,17,15,13,16,13,19,13,13,12,20,17,13,10,13,18,18,17,11,15,14,12,18,15,15,16,11,16,10,20,19,14,13,14,17,13,20,11,19,11
12,15,10,13,19,16,12,14,15,16,14,19,11,15,20,10,11,16,10,17,13,19,17,18,20,16,13,19,18,20,11,10,11,18,16,15,12,17,16,20,16,18,14,14,16,14,13,18,16,19
19,17,19,16,17,19,11,16,12,13,17,14,18,19,11,19,15,19,13,19,16,15,20,13,13,20,17,19,13,14,11,14,10,18,18,20,13,18,11,19,15,15,12,18,11,10,13,13,14,15
12,18,16,17,11,11,10,20,13,14,14,20,20,14,13,13,14,20,17,15,11,13,20,20,20,19,10,18,17,11,12,11,19,13,13,12,19,14,12,20,18,13,11,14,18,17,18,14,16,13
19,20,20,10,16,12,13,11,20,11,19,19,13,12,11,16,14,10,19,13,11,17,10,18,13,11,10,15,20,12,17,10,16,15,16,17,16,14,20,20,14,19,20,17,17,17,13,12,13,16
16,10,13,20,12,14,19,10,18,12,13,19,11,19,16,19,19,11,14,13,11,16,12,10,18,17,11,13,10,12,15,19,19,20,12,12,17,12,17,13,12,19,10,19,11,16,10,14,13,10
12,19,14,12,17,14,12,13,16,18,11,14,19,19,12,12,14,16,20,10,11,10,16,19,13,18,10,11,18,15,13,15,12,12,19,10,12,20,11,15,17,15,13,20,12,19,20,13,13,18
10,15,12,16,10,18,13,11,15,20,17,17,19,20,16,12,14,10,10,12,19,19,19,11,15,17,16,20,17,18,19,13,15,19,11,11,16,10,13,10,13,14,11,11,10,18,10,16,17,11
20,14,16,12,13,19,10,20,15,13,11,14,19,17,17,20,19,19,11,11,16,10,13,17,14,16,11,20,18,10,20,20,11,14,10,20,12,19,15,20,15,14,15,15,19,20,17,13,16,14
12,10,14,18,20,13,19,11,18,14,12,18,13,20,14,17,14,20,12,16,14,18,10,20,20,12,16,17,20,10,10,15,10,18,20,13,18,15,18,15,17,16,13,12,14,16,10,19,10,17
20,11,10,11,19,13,20,17,15,11,11,16,18,13,18,19,18,20,11,20,18,20,16,16,13,20,12,16,19,12,17,11,13,10,17,17,20,17,14,11,20,16,10,11,20,19,15,16,20,12
13,16,18,18,11,15,10,13,17,12,16,11,20,19,16,19,15,13,16,20,18,15,20,16,15,17,18,18,15,12,14,20,16,12,18,11,16,19,15,14,15,13,15,20,20,11,12,10,18,12
18,16,18,16,10,16,11,11,11,20,14,14,13,17,11,14,13,18,18,13,18,19,13,17,10,20,19,14,13,17,14,15,12,17,18,13,16,16,15,10,18,15,12,20,11,14,20,12,17,15
10,20,15,15,11,15,19,16,17,19,12,20,15,18,10,14,13,10,18,13,10,18,13,14,19,14,20,12,15,19,18,14,13,10,17,11,16,15,16,10,11,20,12,17,19,16,20,14,16,16
13,16,18,14,16,10,20,12,10,11,16,12,19,12,10,15,12,12,16,10,15,11,16,16,14,14,12,14,12,13,13,20,10,16,20,13,12,18,19,17,17,11,17,10,15,11,18,10,17,19
19,14,17,18,15,13,14,17,20,15,17,13,14,20,15,19,19,20,20,20,14,18,17,11,16,10,13,10,10,20,10,13,20,11,12,16,17,14,14,11,18,10,14,15,14,17,17,11,14,13
12,14,11,11,18,17,12,19,17,17,17,12,13,16,12,18,11,10,17,14,16,20,11,17,17,18,14,18,18,14,19,13,20,11,16,10,14,13,18,10,12,14,20,20,12,13,16,11,20,15
20,18,12,14,10,17,19,20,17,20,17,17,20,16,10,16,13,10,17,12,11,15,13,17,18,14,11,19,20,14,10,16,19,12,14,10,14,17,10,17,11,11,15,14,18,13,18,12,12,11
17,19,10,13,13,17,19,10,16,18,12,10,10,15,10,19,20,14,12,12,12,17,19,20,13,19,16,14,10,13,10,14,16,10,15,19,11,18,17,11,11,12,17,17,10,11,17,19,19,12
10,13,10,15,16,17,10,13,13,15,14,20,17,18,17,15,14,14,20,20,13,18,12,16,11,16,19,14,15,18,16,15,12,13,13,11,18,12,12,16,12,19,11,13,18,17,17,18,17,19
17,19,14,11,12,17,17,11,12,18,19,14,13,13,18,13,15,18,13,17,12,11,11,11,15,12,13,17,10,14,13,12,19,18,14,18,12,12,11,15,20,11,18,15,11,15,11,17,10,19
10,16,18,13,10,20,19,12,17,14,10,14,19,14,10,12,15,19,18,15,13,20,12,14,11,17,15,12,18,16,17,17,11,11,12,20,15,13,11,20,13,13,10,20,19,17,16,15,20,16
13,17,16,17,11,10,16,15,12,20,14,20,14,14,13,16,16,10,15,16,19,15,18,10,20,12,17,17,12,14,11,11,19,17,10,14,13,10,11,18,10,16,14,12,18,20,19,15,10,13
10,18,12,16,14,20,12,16,14,16,20,18,12,13,17,16,11,18,13,11,18,12,18,20,20,18,19,17,16,20,13,16,11,17,20,18,16,20,18,15,20,13,13,17,11,12,16,15,16,14
11,16,14,17,10,18,16,20,11,11,20,20,14,16,19,16,16,16,11,15,20,18,10,13,16,13,15,15,18,11,10,17,14,15,11,15,10,14,12,16,11,16,11,18,10,16,12,15,19,15
11,11,17,15,10,19,15,16,13,19,14,19,20,18,16,11,14,16,15,15,20,15,20,14,18,13,16,17,17,11,19,16,18,19,20,20,20,18,16,14,15,19,13,20,20,12,10,15,13,15
17,11,18,14,18,19,15,16,16,10,18,19,16,20,12,18,16,16,20,18,16,15,14,11,17,10,17,16,16,16,14,20,15,19,20,16,20,13,13,13,10,13,10,18,10,11,12,14,18,20
14,12,11,16,20,12,19,16,11,13,13,20,17,20,14,18,12,14,20,14,17,14,19,19,16,14,10,18,18,17,12,18,16,11,14,18,20,15,14,11,19,12,11,12,15,17,11,11,12,14
16,18,20,11,19,20,20,14,19,17,20,19,18,18,18,17,20,15,15,13,13,14,20,17,16,18,12,17,11,20,19,19,16,12,13,17,20,16,19,17,12,12,11,15,11,15,10,16,11,14
10,11,18,18,19,12,14,20,16,19,14,15,17,12,19,17,20,16,20,12,20,13,14,20,10,13,14,17,18,15,19,13,12,14,10,14,17,15,15,19,19,15,17,10,15,10,10,11,12,14
18,10,20,10,11,14,11,12,17,20,13,11,13,20,15,19,12,20,18,13,13,17,15,12,14,19,19,10,16,10,10,20,14,15,14,19,19,10,11,12,19,14,10,15,12,17,14,15,20,10
11,15,10,18,11,18,19,19,12,13,18,15,17,14,20,17,16,16,20,20,10,17,11,10,20,16,16,15,20,20,10,20,14,20,16,18,13,17,20,18,20,14,15,17,12,18,11,17,18,18
14,16,11,20,14,16,10,18,11,16,13,14,18,20,18,20,14,20,17,15,13,16,13,11,19,16,14,16,14,16,16,18,19,10,10,12,13,14,11,14,16,15,12,16,16,20,15,15,15,16
15,10,16,16,17,16,14,16,10,11,13,14,13,14,10,20,11,14,17,12,13,13,16,16,19,13,17,13,13,18,11,15,17,11,14,15,19,10,15,19,15,12,19,15,10,10,15,18,18,16
17,12,14,13,20,20,12,15,14,12,14,15,13,10,16,17,15,10,18,10,13,15,20,20,12,20,13,19,17,13,10,18,17,14,10,14,16,11,20,17,16,13,15,16,11,16,14,19,19,10
18,16,19,15,14,15,14,12,13,18,12,13,13,20,18,14,14,17,13,17,13,16,12,20,19,16,16,20,12,14,13,14,17,20,16,12,18,11,20,13,17,10,20,13,10,20,13,18,20,18
18,12,14,18,10,19,15,12,19,10,19,13,12,20,13,19,15,18,16,10,13,18,13,20,19,11,18,12,11,13,18,20,15,20,14,12,18,16,14,11,20,13,10,20,19,19,15,18,19,11
14,16,19,20,11,14,11,13,12,18,12,10,15,14,16,20,15,13,11,12,12,20,19,10,16,20,13,10,20,16,12,10,15,20,15,15,17,12,18,11,15,20,16,15,19,17,10,19,20,17
11,10,20,20,16,11,18,11,19,19,15,16,14,16,19,12,15,16,13,12,11,14,15,14,13,15,13,19,16,13,15,10,12,14,13,13,18,15,14,10,20,12,11,14,15,20,15,11,17,12
14,17,17,15,10,16,13,17,13,16,14,15,12,11,20,15,10,12,16,15,13,13,15,19,18,13,13,16,17,14,11,10,11,14,14,19,19,13,13,13,18,12,15,12,14,18,20,14,18,13

The sequence dependent setup time of each job processed on machine 6.
(Where rows denote jobs: 1 to 50 and columns denote jobs: 0 to 50.For example:The value of Sijk is in row j,column i+1.)
16,15,14,10,17,11,10,16,17,11,12,10,15,17,19,18,16,15,15,20,11,16,12,19,15,19,20,18,18,11,17,19,13,13,13,11,15,17,17,13,11,13,18,14,17,18,18,20,20,10
14,19,18,19,12,16,14,19,18,19,15,10,13,11,15,20,16,16,17,19,13,15,19,15,11,16,19,13,16,17,13,13,15,16,12,14,17,20,13,13,14,19,18,13,12,17,16,12,18,12
19,15,17,15,10,18,10,11,13,18,11,12,19,10,15,16,19,10,16,17,10,15,19,20,12,12,13,18,15,12,10,12,19,16,16,14,10,16,11,11,16,20,13,18,14,10,17,19,12,18
19,17,13,15,10,15,13,13,18,16,13,14,18,19,20,15,13,14,17,16,12,19,19,13,10,19,12,11,16,10,18,10,13,14,13,18,20,12,15,18,10,10,19,19,11,20,11,12,20,11
14,10,11,18,13,14,15,19,12,18,17,14,16,17,13,16,13,17,19,14,12,20,14,18,18,15,10,20,10,16,13,15,16,20,15,15,20,16,17,13,19,16,13,13,10,10,18,11,16,18
20,11,12,20,13,12,15,17,16,16,19,15,10,15,14,14,13,20,19,10,19,15,18,13,20,19,11,14,11,16,17,12,13,14,10,16,11,13,18,17,16,12,11,19,13,19,19,20,16,17
11,18,15,18,20,11,20,17,16,16,17,10,15,17,11,15,12,17,10,10,10,17,13,19,19,19,10,14,18,13,18,12,18,12,10,19,14,14,13,14,18,19,10,12,13,14,10,11,11,20
14,13,16,11,18,15,14,13,16,11,10,10,12,16,15,19,15,19,16,18,19,15,19,11,12,16,11,18,11,12,11,15,12,13,16,14,20,11,12,14,12,18,17,12,17,20,19,16,14,11
13,14,15,20,10,16,17,10,13,11,14,12,12,18,11,11,12,17,18,13,13,20,11,12,14,15,13,12,15,18,13,18,14,19,19,11,19,16,18,19,16,15,18,15,17,19,20,10,14,16
10,14,15,14,18,18,17,16,15,16,13,13,14,17,13,17,19,12,16,13,20,12,11,18,16,18,18,18,13,13,10,15,16,11,12,19,11,16,20,11,17,12,19,18,19,15,20,16,17,14
10,18,14,12,17,13,14,11,18,19,14,14,18,12,17,14,11,20,13,19,11,12,14,11,13,13,19,11,15,18,20,20,11,13,10,19,10,12,13,15,12,16,14,20,20,15,16,18,18,12
18,13,16,18,16,17,20,11,16,16,17,14,15,15,19,13,13,12,17,10,17,15,17,11,17,18,11,19,10,20,11,10,12,11,17,13,11,12,11,12,10,18,15,11,14,18,10,17,12,11
19,12,11,11,18,14,16,14,18,18,12,16,18,11,20,19,16,11,16,10,19,15,15,11,13,17,10,12,13,17,17,11,12,19,14,14,19,11,15,19,20,13,18,14,16,17,13,11,14,12
10,14,15,19,13,16,10,19,18,16,18,17,18,10,17,11,14,10,19,14,10,17,20,13,10,11,11,19,19,12,11,15,16,20,15,14,10,14,18,12,14,16,18,14,15,19,15,10,13,20
16,18,14,20,19,14,18,17,10,12,20,15,14,16,20,19,14,10,15,12,12,16,17,14,14,12,14,15,20,18,10,10,13,19,10,17,14,14,19,16,14,12,16,20,17,18,16,17,12,20
13,19,15,18,17,12,20,20,12,10,11,13,10,15,20,12,11,19,10,20,10,12,19,18,14,19,12,15,17,20,11,10,10,16,10,11,15,12,14,16,19,16,18,16,18,20,13,20,14,19
11,19,17,19,18,14,20,17,18,12,10,16,18,13,18,19,17,17,16,11,13,13,10,18,17,12,14,20,12,17,11,19,13,17,17,16,11,17,11,15,19,11,20,15,14,18,12,14,15,17
15,11,10,17,15,19,11,15,20,20,18,13,16,19,12,10,18,19,10,12,19,14,16,18,12,12,19,15,10,18,16,15,11,16,10,19,18,14,17,18,12,13,10,14,16,10,19,13,13,19
10,14,16,10,11,17,20,11,16,15,16,10,16,19,10,12,15,17,13,19,19,16,10,14,20,11,18,16,17,16,10,13,16,15,11,11,10,18,15,13,11,15,15,20,18,16,16,18,18,10
19,19,11,17,18,17,13,14,14,13,15,12,15,15,12,18,20,17,17,18,12,15,16,19,13,19,16,13,18,20,11,10,17,14,18,10,14,14,15,14,20,12,14,18,14,11,18,19,10,18
11,20,14,11,20,18,18,10,14,11,20,17,10,13,16,15,14,16,19,11,13,19,13,16,12,20,20,12,14,16,18,20,16,16,20,16,17,11,10,12,11,18,13,13,15,19,16,11,10,19
15,20,11,16,20,19,14,11,15,12,11,14,10,20,19,20,12,18,10,16,19,20,18,11,12,19,17,19,17,18,13,20,18,13,12,15,20,20,17,18,19,18,17,15,12,11,20,19,19,17
12,15,11,13,11,14,16,10,17,11,19,10,14,16,13,17,18,13,14,17,10,12,20,20,10,10,10,17,18,12,20,19,16,19,18,14,15,10,20,19,14,15,10,15,19,11,10,10,13,20
17,19,20,19,18,12,20,10,19,20,16,16,10,18,17,20,17,18,16,15,15,11,16,20,14,13,14,12,20,12,11,19,19,12,15,13,13,16,20,16,13,19,20,11,12,18,17,19,19,11
13,17,18,19,10,10,17,13,14,10,18,16,14,10,17,16,13,13,12,20,16,20,11,20,15,16,12,16,17,18,17,10,13,16,10,18,12,16,12,11,15,11,13,18,19,16,17,11,19,17
18,15,14,19,20,20,20,16,10,15,15,19,14,15,18,15,15,17,13,19,13,17,16,20,16,11,13,19,15,16,17,20,13,10,16,20,18,10,11,20,19,12,12,17,13,17,11,18,14,10
19,20,20,17,13,12,11,20,16,15,15,12,14,19,17,18,13,15,20,19,20,19,13,16,14,15,11,15,19,16,15,17,13,18,16,13,19,16,20,19,10,13,10,19,18,19,19,13,10,13
18,15,11,19,16,14,18,20,15,13,12,17,17,11,17,12,11,16,16,12,11,16,13,16,16,12,16,17,12,20,16,18,16,11,10,18,15,20,16,10,11,14,10,11,18,10,11,12,18,18
11,19,18,18,15,19,11,20,11,14,14,19,15,13,17,10,19,11,11,10,13,11,18,17,15,19,19,13,15,16,18,13,19,16,13,17,13,14,16,18,20,19,17,18,11,16,13,10,14,12
18,17,18,20,11,20,10,12,19,17,19,11,12,10,18,15,18,19,19,17,13,16,13,19,11,10,15,20,18,19,18,19,20,13,18,12,13,13,13,15,12,14,10,11,19,17,14,16,20,11
11,13,15,10,20,19,12,11,20,12,13,12,14,10,17,18,13,15,11,12,17,15,15,19,17,17,17,15,14,16,16,12,20,12,18,20,19,17,18,12,16,13,17,17,12,19,11,10,17,19
11,20,18,10,10,11,18,16,12,12,19,13,20,14,18,10,18,16,13,17,11,16,15,18,12,12,13,15,14,13,19,14,11,12,18,12,20,20,16,13,20,10,17,12,16,11,11,19,11,14
12,15,10,11,16,11,19,14,17,10,19,16,20,10,13,16,13,14,11,15,19,19,10,11,19,17,12,16,17,16,20,11,11,20,16,11,19,15,19,12,17,13,14,18,10,19,15,13,18,12
13,15,18,12,12,19,11,16,10,13,19,20,12,20,10,15,19,12,14,10,20,18,20,11,17,20,11,10,17,14,20,19,10,15,18,19,15,18,14,15,11,17,13,12,19,11,17,16,20,15
18,11,11,16,14,19,17,19,11,15,18,10,10,12,11,10,12,11,19,11,14,17,16,12,11,19,18,13,13,17,17,12,20,15,15,12,12,19,13,10,12,20,15,11,14,17,10,13,14,19
19,18,16,10,13,15,10,10,15,12,17,17,20,12,16,12,12,19,16,12,17,13,13,18,12,19,19,11,12,11,14,13,19,15,19,15,18,10,12,16,18,17,11,13,18,17,20,12,14,16
10,19,10,11,12,14,20,17,11,17,18,10,14,19,14,16,20,12,12,19,13,11,11,18,13,10,14,10,16,19,16,19,19,14,17,18,15,14,13,10,10,10,10,17,17,20,13,16,12,10
12,18,11,20,17,10,20,10,15,14,16,19,20,20,14,10,12,18,12,15,10,19,17,12,13,15,20,12,12,18,18,12,12,20,13,12,15,19,15,11,19,19,14,13,15,15,10,20,10,18
17,13,12,14,15,18,17,10,12,11,15,14,20,20,10,19,17,18,12,16,20,15,11,19,14,19,14,16,13,12,15,15,18,11,13,17,14,20,14,19,16,20,20,15,11,17,20,11,14,17
15,20,19,19,13,16,19,19,20,15,10,14,15,10,20,10,19,20,12,10,10,10,15,19,11,20,20,12,20,16,20,20,11,19,17,13,18,20,12,10,14,18,10,17,18,14,11,16,17,10
12,17,18,17,14,13,11,20,19,14,12,11,17,12,17,14,14,15,11,12,12,19,13,10,12,20,20,10,13,18,18,15,17,11,17,20,20,12,18,19,17,16,17,16,19,20,13,15,11,10
16,19,11,16,19,15,18,18,19,13,16,18,16,20,19,12,11,15,18,17,14,17,18,19,14,18,16,16,11,13,15,16,11,16,13,14,10,11,15,15,16,17,19,11,19,10,14,12,14,14
15,15,20,13,20,18,13,12,13,13,14,10,11,12,17,15,14,12,18,14,17,15,10,12,14,20,16,15,10,13,14,19,19,18,11,13,17,11,11,11,19,15,14,20,12,11,12,19,19,19
17,14,12,19,19,14,12,17,16,11,20,19,11,15,18,16,10,13,13,14,18,10,10,17,16,15,20,15,13,13,20,10,13,15,17,10,11,20,12,16,11,19,13,11,14,20,11,17,15,12
18,13,13,20,11,14,10,17,16,18,20,19,10,11,14,14,11,12,10,13,19,19,16,18,18,16,14,16,14,20,18,13,18,13,10,12,19,19,17,15,12,18,16,10,18,20,16,10,19,10
11,12,20,11,12,17,12,20,19,10,20,18,14,10,13,10,15,11,16,12,13,12,20,15,12,17,19,19,16,16,18,11,14,12,11,12,20,14,16,13,12,13,12,10,20,10,20,19,10,15
10,17,17,15,19,18,12,14,11,13,15,20,17,17,13,16,12,13,16,19,16,15,15,18,18,13,19,16,10,20,12,11,12,13,20,16,15,18,19,17,14,15,13,11,12,18,16,17,17,18
13,14,10,18,20,12,17,20,16,11,14,10,14,19,19,14,10,18,13,18,18,11,16,15,17,20,12,11,14,17,16,10,19,15,13,11,20,18,10,20,17,12,19,16,18,19,17,18,17,11
17,15,20,11,13,19,11,18,14,19,17,15,15,17,14,20,14,17,10,11,16,15,14,19,10,14,19,19,20,18,14,16,10,18,10,11,19,15,14,10,20,18,16,13,19,11,17,20,18,19
10,16,12,14,18,20,19,17,13,12,13,14,15,12,13,14,15,20,14,18,13,13,12,14,11,12,12,16,12,18,16,17,19,13,20,18,11,20,18,17,18,16,10,16,10,13,10,15,10,14
20,12,19,10,20,13,18,10,19,12,12,17,16,15,16,12,16,19,20,11,20,14,12,13,12,13,18,15,13,20,18,10,18,13,16,12,18,20,17,13,11,15,11,16,15,16,13,12,17,13

