The number of jobs:
20
The number of machines:
3
The number of vehicles:
4
The number of workers:
2

The processing time of each order processed on different machines:
(where rows denote machines: 1 to 3 and columns denote orders: 1 to 
20)
31,38,24,35,27,20,31,21,33,24,33,30,35,20,38,34,36,31,26,32
21,28,31,29,27,20,33,24,37,33,32,40,27,34,23,32,29,40,21,25
40,32,22,35,21,36,33,34,36,21,34,38,35,33,27,38,29,20,28,34

The coefficient of each worker on each machine:
(where rows denote workers: 1 to 2 and columns denote machines: 1 to 
3)
1.5,0.5,0.75
1.25,1,1

The unit processing cost of machines:

8,8,6

The unit idle cost of machines:

1,1,5

The distance between each location:
(where rows and columns denote locations: 0 to 20)
0,77,79,76,113,35,128,99,66,74,68,70,53,70,71,32,76,85,50,105,87
77,0,88,98,93,107,100,55,116,138,78,79,113,93,123,106,14,83,73,176,162
79,88,0,16,41,78,182,140,145,150,135,137,60,16,151,106,99,149,120,174,121
76,98,16,0,56,67,187,147,141,143,137,139,47,6,146,99,108,152,121,163,107
113,93,41,56,0,118,193,149,177,187,158,160,102,57,183,143,107,169,146,213,162
35,107,78,67,118,0,163,134,84,78,100,102,26,63,87,37,109,118,83,96,55
128,100,182,187,193,163,0,45,108,138,65,63,181,181,112,137,86,47,81,178,207
99,55,140,147,149,134,45,0,103,132,54,53,148,141,109,116,42,45,62,173,184
66,116,145,141,177,84,108,103,0,31,49,50,109,135,7,47,107,63,44,71,109
74,138,150,143,187,78,138,132,31,0,79,80,104,138,26,44,131,94,71,41,88
68,78,135,137,158,100,65,54,49,79,0,2,121,131,55,72,66,18,17,120,142
70,79,137,139,160,102,63,53,50,80,2,0,123,133,56,74,67,16,20,121,144
53,113,60,47,102,26,181,148,109,104,121,123,0,44,113,63,117,139,103,119,61
70,93,16,6,57,63,181,141,135,138,131,133,44,0,140,94,102,146,115,159,105
71,123,151,146,183,87,112,109,7,26,55,56,113,140,0,50,114,68,51,66,109
32,106,106,99,143,37,137,116,47,44,72,74,63,94,50,0,102,90,56,73,70
76,14,99,108,107,109,86,42,107,131,66,67,117,102,114,102,0,69,63,170,163
85,83,149,152,169,118,47,45,63,94,18,16,139,146,68,90,69,0,36,134,161
50,73,120,121,146,83,81,62,44,71,17,20,103,115,51,56,63,36,0,111,126
105,176,174,163,213,96,178,173,71,41,120,121,119,159,66,73,170,134,111,0,79
87,162,121,107,162,55,207,184,109,88,142,144,61,105,109,70,163,161,126,79,0

The weight of orders:
12,19,17,19,20,19,16,15,18,14,16,18,13,11,13,12,15,13,19,10

The unit tardiness penalty of orders:

8,9,9,6,9,6,7,9,8,6,6,9,10,7,8,10,6,8,6,9

The due date of orders:
640,378,205,334,381,269,521,124,392,212,714,170,521,324,284,169,646,424,311,318

the loading and unloading time of each order:
3,5,4,5,5,5,4,4,5,4,4,5,3,3,3,3,4,3,5,3

The sequence dependent setup time of each job processed on machine 1.
(Where rows denote jobs: 1 to 20 and columns denote jobs: 0 to 20.For example:The value of Sijk is in row j,column i+1.)
13,20,10,10,18,16,13,15,14,20,10,19,10,19,12,13,18,19,15,11
20,12,17,13,13,19,14,15,20,17,20,13,16,13,12,17,16,14,10,16
18,15,16,11,16,11,16,15,16,10,18,10,20,17,20,10,12,16,17,18
10,20,13,11,10,10,14,19,14,14,18,12,12,15,13,18,13,18,13,12
14,14,13,19,18,11,16,17,12,18,17,20,20,16,18,13,18,19,20,18
15,17,13,10,11,19,12,20,19,11,12,13,13,14,10,16,10,10,13,20
12,11,14,13,18,12,12,18,14,14,14,18,18,19,17,19,16,10,17,12
14,17,13,11,17,18,18,17,18,17,16,13,18,18,13,10,11,20,12,17
14,17,15,18,11,12,20,17,16,19,14,13,13,12,12,10,11,12,11,17
12,10,13,18,17,13,18,14,12,18,15,12,16,18,12,12,14,13,16,11
16,13,17,14,18,18,16,13,15,15,17,15,14,16,12,18,19,10,12,15
15,19,12,10,13,15,15,15,18,16,12,10,14,16,18,18,12,18,15,17
17,15,20,18,19,13,10,17,15,10,13,12,15,16,17,13,20,18,14,10
15,10,19,12,19,20,20,12,10,20,11,20,19,19,17,16,13,17,20,13
20,17,20,11,11,11,20,14,14,20,15,10,20,17,16,10,16,13,12,18
19,17,20,11,18,16,19,15,10,13,20,12,11,20,17,18,12,20,12,13
15,17,11,13,10,17,17,17,12,16,12,18,10,20,20,20,17,12,13,17
14,14,14,10,12,16,16,13,11,16,19,18,15,13,17,17,16,13,17,11
13,14,12,18,17,20,16,16,11,15,17,16,19,17,16,10,20,16,14,12
19,15,14,11,20,20,14,17,18,15,16,18,13,19,18,10,13,12,13,18
11,20,14,18,13,10,16,11,10,14,16,14,15,14,13,17,12,12,15,17

The sequence dependent setup time of each job processed on machine 2.
(Where rows denote jobs: 1 to 20 and columns denote jobs: 0 to 20.For example:The value of Sijk is in row j,column i+1.)
14,20,15,15,15,18,20,10,12,12,11,14,17,16,17,12,18,17,19,11
13,17,17,20,18,18,15,11,12,20,19,14,19,20,14,13,13,11,13,12
10,10,17,10,10,17,13,17,18,19,10,17,19,12,18,18,20,18,11,20
11,17,14,16,17,15,16,14,11,18,16,13,14,11,13,11,12,14,15,11
14,20,16,16,14,15,15,20,17,13,11,18,10,16,16,17,11,12,12,11
20,10,17,14,13,11,17,14,16,17,11,10,16,15,18,20,14,15,17,19
12,10,13,19,10,10,16,13,16,16,18,19,12,18,15,20,15,12,13,18
20,14,15,17,15,10,18,13,20,18,17,19,10,11,18,17,12,10,13,11
11,11,19,17,12,19,20,19,16,14,15,18,18,16,15,19,14,18,14,20
14,19,12,14,13,17,13,14,16,14,11,11,12,14,10,16,19,18,20,10
17,16,15,20,20,16,20,16,12,15,15,15,10,13,11,16,14,12,17,10
10,10,16,10,19,11,13,17,16,15,19,18,16,14,19,18,14,20,18,14
13,10,14,11,14,10,17,15,11,15,20,10,20,13,12,17,10,13,17,13
15,16,17,11,18,11,17,10,17,20,15,16,16,10,14,18,12,19,11,17
20,10,10,13,15,18,20,15,14,19,20,19,19,20,10,15,18,14,10,13
14,11,20,20,11,12,13,13,19,14,19,16,19,19,13,14,15,12,18,16
10,14,10,18,10,20,18,13,16,19,19,16,15,18,16,20,11,18,11,16
10,16,19,13,10,20,14,14,12,18,10,11,15,20,14,19,11,12,14,10
15,17,11,12,20,18,19,11,11,13,10,14,17,20,20,18,19,16,16,12
10,14,17,15,18,16,14,16,19,19,11,11,18,16,15,11,18,10,10,12
19,15,16,17,14,12,12,19,16,19,17,13,11,11,16,17,18,14,17,20

The sequence dependent setup time of each job processed on machine 3.
(Where rows denote jobs: 1 to 20 and columns denote jobs: 0 to 20.For example:The value of Sijk is in row j,column i+1.)
11,20,17,16,19,15,16,11,17,20,13,15,12,10,20,20,17,13,13,10
16,12,19,19,14,16,19,12,12,19,18,16,19,18,18,12,20,10,16,16
10,15,13,12,18,18,18,17,14,13,18,14,14,17,16,10,17,10,18,18
17,17,16,17,20,15,14,14,13,12,18,14,20,13,18,18,11,14,15,16
17,15,17,15,14,12,12,13,17,17,17,13,20,12,18,12,17,20,18,13
12,17,18,11,15,14,18,16,13,13,17,14,11,14,16,11,11,20,19,19
16,15,11,19,11,10,12,13,12,14,13,10,17,18,17,19,17,20,13,13
19,16,18,20,12,20,10,18,14,10,15,15,19,17,18,15,11,20,19,14
18,18,13,12,18,18,11,18,13,15,18,11,18,12,14,17,14,20,15,20
15,19,20,15,17,12,10,20,15,13,20,18,20,18,12,14,11,14,20,18
12,15,12,13,17,14,17,20,18,12,20,17,20,17,18,10,19,14,10,14
15,16,15,20,11,16,12,19,12,11,18,13,18,20,10,14,20,16,12,12
11,12,11,18,20,15,13,19,14,14,10,20,15,15,12,14,17,12,18,17
15,14,15,12,11,15,18,13,12,16,10,10,11,19,17,19,11,14,14,16
16,16,11,15,15,19,15,13,20,12,17,12,16,20,10,19,14,11,13,12
19,11,19,11,17,12,20,20,12,14,14,15,12,18,13,15,15,13,16,13
19,15,13,17,19,20,12,15,19,17,16,10,20,14,16,17,19,12,13,19
10,16,14,13,20,17,17,15,17,16,19,17,15,10,19,16,13,18,20,10
12,16,14,17,10,12,16,11,20,15,12,20,17,13,11,20,13,20,17,11
16,18,11,19,15,10,16,13,17,14,13,17,17,10,13,11,16,18,17,18
12,13,12,19,10,12,14,20,19,19,20,11,10,19,16,14,12,19,17,20

