The number of factories:
2
The number of jobs:
20
The number of machines:
4
The number of vehicles:
2
The number of workers:
3

The factory where machine i is located:
1,1,2,2

The vehicle which belong to factory 1:
1
The vehicle which belong to factory 2:
2

The processing time of each order processed on different machines:
(where rows denote orders: 1 to 20 and columns denote machines: 1 to 
4)
26,30,40,36,30,33,39,29,39,30,30,33,26,21,27,23,37,34,26,21
35,35,24,40,29,40,39,26,21,38,35,38,39,35,40,28,31,21,23,24
36,22,25,23,22,23,27,30,23,24,25,27,22,27,23,35,32,24,33,37
26,20,39,36,40,21,23,29,38,26,38,20,38,34,21,39,27,27,32,33

The coefficient of each worker on each machine:
(where rows denote workers: 1 to 3 and columns denote machines: 1 to 
4)
1.25,0.5,1.5,0.75
0.5,0.75,1.25,0.5
0.75,1,1,1.25

The unit processing cost of machines:

7,10,7,10

The unit idle cost of machines:

3,1,4,5

The distance between each location:
(where rows and columns denote locations from factory 1 to customers)
0,146,128,144,152,133,17,29,237,110,126,42,14,189,45,198,194,84,193,129,200
146,0,55,79,87,38,153,127,98,136,56,118,149,81,135,54,106,90,110,30,65
128,55,0,28,38,16,130,119,113,84,2,115,126,61,102,84,72,107,74,25,77
144,79,28,0,10,42,142,139,114,74,28,137,139,51,110,95,50,133,50,52,81
152,87,38,10,0,51,150,149,113,76,38,147,147,48,117,98,42,144,41,61,82
133,38,16,42,51,0,136,120,105,99,18,114,132,62,111,72,79,100,82,10,68
17,153,130,142,150,136,0,45,241,100,128,58,4,190,35,204,192,98,191,134,204
29,127,119,139,149,120,45,0,221,121,117,13,42,180,62,180,189,55,189,115,185
237,98,113,114,113,105,241,221,0,188,116,213,237,66,215,45,91,187,98,107,37
110,136,84,74,76,99,100,121,188,0,82,126,99,124,65,167,113,145,108,106,155
126,56,2,28,38,18,128,117,116,82,0,114,124,63,100,86,73,106,75,26,79
42,118,115,137,147,114,58,13,213,126,114,0,54,175,71,172,186,42,187,108,178
14,149,126,139,147,132,4,42,237,99,124,54,0,187,34,200,189,95,188,130,200
189,81,61,51,48,62,190,180,66,124,63,175,187,0,160,64,30,161,37,70,41
45,135,102,110,117,111,35,62,215,65,100,71,34,160,0,182,159,103,157,111,179
198,54,84,95,98,72,204,180,45,167,86,172,200,64,182,0,93,143,100,71,24
194,106,72,50,42,79,192,189,91,113,73,186,189,30,159,93,0,178,7,88,71
84,90,107,133,144,100,98,55,187,145,106,42,95,161,103,143,178,0,181,91,154
193,110,74,50,41,82,191,189,98,108,75,187,188,37,157,100,7,181,0,92,78
129,30,25,52,61,10,134,115,107,106,26,108,130,70,111,71,88,91,92,0,71
200,65,77,81,82,68,204,185,37,155,79,178,200,41,179,24,71,154,78,71,0
The distance between each location:
(where rows and columns denote locations from factory 2 to customers)
0,58,41,41,43,38,171,158,74,115,43,152,167,24,143,55,48,137,53,46,40
58,0,55,79,87,38,153,127,98,136,56,118,149,81,135,54,106,90,110,30,65
41,55,0,28,38,16,130,119,113,84,2,115,126,61,102,84,72,107,74,25,77
41,79,28,0,10,42,142,139,114,74,28,137,139,51,110,95,50,133,50,52,81
43,87,38,10,0,51,150,149,113,76,38,147,147,48,117,98,42,144,41,61,82
38,38,16,42,51,0,136,120,105,99,18,114,132,62,111,72,79,100,82,10,68
171,153,130,142,150,136,0,45,241,100,128,58,4,190,35,204,192,98,191,134,204
158,127,119,139,149,120,45,0,221,121,117,13,42,180,62,180,189,55,189,115,185
74,98,113,114,113,105,241,221,0,188,116,213,237,66,215,45,91,187,98,107,37
115,136,84,74,76,99,100,121,188,0,82,126,99,124,65,167,113,145,108,106,155
43,56,2,28,38,18,128,117,116,82,0,114,124,63,100,86,73,106,75,26,79
152,118,115,137,147,114,58,13,213,126,114,0,54,175,71,172,186,42,187,108,178
167,149,126,139,147,132,4,42,237,99,124,54,0,187,34,200,189,95,188,130,200
24,81,61,51,48,62,190,180,66,124,63,175,187,0,160,64,30,161,37,70,41
143,135,102,110,117,111,35,62,215,65,100,71,34,160,0,182,159,103,157,111,179
55,54,84,95,98,72,204,180,45,167,86,172,200,64,182,0,93,143,100,71,24
48,106,72,50,42,79,192,189,91,113,73,186,189,30,159,93,0,178,7,88,71
137,90,107,133,144,100,98,55,187,145,106,42,95,161,103,143,178,0,181,91,154
53,110,74,50,41,82,191,189,98,108,75,187,188,37,157,100,7,181,0,92,78
46,30,25,52,61,10,134,115,107,106,26,108,130,70,111,71,88,91,92,0,71
40,65,77,81,82,68,204,185,37,155,79,178,200,41,179,24,71,154,78,71,0

The weight of orders:
14,10,14,18,20,13,17,15,20,17,14,10,14,20,10,18,20,19,11,10

The unit tardiness penalty of orders:

7,6,6,10,8,8,10,8,6,10,7,7,6,9,10,6,6,10,6,6

The due date of orders:
496,703,466,560,325,411,371,497,601,659,520,419,915,516,579,438,516,842,192,561

the loading and unloading time of each order:
4,3,4,5,5,3,4,4,5,4,4,3,4,5,3,5,5,5,3,3

The sequence dependent setup time of each job processed on machine 1.
(Where rows denote jobs: 1 to 20 and columns denote jobs: 0 to 20.For example:The value of Sijk is in row j,column i+1.)
20,18,16,12,10,19,18,16,18,11,10,14,12,12,14,15,10,18,19,11
13,20,15,18,20,18,10,15,12,15,20,16,19,13,17,17,13,18,14,16
18,18,14,11,19,11,19,18,12,13,20,16,18,18,16,10,18,19,16,20
11,19,13,20,10,19,12,10,19,11,20,18,18,19,16,18,20,13,16,18
20,10,16,16,18,19,18,20,10,17,10,15,19,13,15,16,16,16,20,20
16,19,15,16,16,11,15,15,13,15,11,11,15,15,13,17,13,15,12,13
17,19,13,16,13,20,14,20,19,11,10,19,10,13,18,10,17,11,20,19
18,12,18,13,18,19,17,16,16,13,13,10,10,20,19,17,16,18,18,13
20,11,15,13,16,12,15,10,15,15,16,19,19,15,19,10,14,17,11,10
17,12,10,13,18,17,18,20,12,19,20,12,17,15,19,16,14,10,11,18
20,19,16,16,17,17,20,14,15,13,15,13,13,20,12,14,11,16,15,11
15,19,16,19,18,17,10,16,14,12,15,20,19,11,20,14,18,19,18,17
16,18,14,14,16,15,10,17,17,17,20,18,14,17,16,12,10,11,11,13
18,18,18,13,11,13,13,10,20,20,16,18,16,12,13,19,11,10,19,18
12,11,12,12,17,11,19,20,13,20,11,14,13,12,13,11,15,14,20,14
12,19,19,14,20,14,15,11,13,10,15,17,16,15,19,13,17,18,15,18
18,15,14,15,20,19,19,12,11,19,17,13,12,20,14,10,20,10,15,18
18,16,14,10,13,14,10,17,10,11,17,13,11,20,11,15,15,14,20,20
20,12,12,20,13,20,14,19,10,10,15,10,17,19,13,10,18,20,16,14
17,15,19,15,18,13,10,19,11,12,16,18,13,10,13,10,17,17,12,19
20,11,11,19,15,16,20,11,15,17,19,12,16,15,17,18,18,11,12,13

The sequence dependent setup time of each job processed on machine 2.
(Where rows denote jobs: 1 to 20 and columns denote jobs: 0 to 20.For example:The value of Sijk is in row j,column i+1.)
19,16,11,18,20,11,15,17,18,14,11,14,20,14,15,18,18,13,18,19
13,19,12,19,16,11,19,11,11,11,19,14,15,11,12,15,20,13,10,18
18,17,18,12,20,13,17,14,10,14,20,20,18,17,16,16,17,11,13,17
14,18,17,14,20,11,17,18,20,13,12,18,20,19,12,12,18,18,19,18
11,19,15,10,13,16,13,17,13,13,14,10,17,13,10,10,11,20,19,15
11,12,10,10,11,16,19,19,18,18,10,11,20,16,14,12,18,18,10,10
18,18,19,11,16,12,17,11,15,13,14,11,20,14,13,10,17,11,13,18
17,11,18,20,14,20,13,20,12,15,12,16,12,11,14,11,14,18,15,15
15,20,18,16,14,20,14,16,19,19,20,14,13,15,14,19,12,11,17,13
19,12,14,16,13,19,20,11,16,16,18,20,17,20,10,15,18,15,15,14
12,14,11,11,19,13,14,16,19,18,20,14,19,16,12,18,17,19,20,11
16,11,15,20,18,11,13,12,19,11,15,10,18,19,11,15,14,20,10,11
13,18,20,18,18,17,20,10,12,17,17,15,20,19,15,18,19,19,20,10
14,13,15,20,18,14,13,15,11,11,10,18,14,17,20,19,17,18,19,11
17,18,19,20,19,13,20,18,10,16,12,19,19,17,13,18,15,13,16,18
15,15,11,10,19,11,18,17,18,20,12,11,10,19,13,15,18,12,18,10
10,20,16,18,20,15,20,12,11,13,10,18,13,12,16,17,12,18,12,13
20,17,17,13,19,14,14,14,10,10,10,13,10,11,19,10,20,13,18,15
15,17,13,14,11,14,17,13,14,11,12,18,17,19,17,18,14,10,10,11
20,10,17,14,15,10,12,10,10,10,17,10,19,14,15,11,13,13,12,13
10,16,19,10,18,15,11,13,10,12,13,13,17,12,18,12,15,15,20,16

The sequence dependent setup time of each job processed on machine 3.
(Where rows denote jobs: 1 to 20 and columns denote jobs: 0 to 20.For example:The value of Sijk is in row j,column i+1.)
19,11,18,15,15,10,13,14,13,14,16,17,13,16,12,20,10,16,19,14
18,17,18,19,16,20,11,13,12,16,17,10,19,18,20,15,13,16,19,11
10,18,14,10,15,12,20,17,18,11,16,11,17,19,11,11,15,15,18,18
13,14,11,16,16,17,17,13,14,13,10,14,17,18,16,15,20,15,16,16
17,12,17,20,10,14,11,18,16,18,16,20,16,11,18,18,10,11,20,13
16,14,12,18,10,10,10,18,18,17,20,13,12,12,20,10,17,17,13,19
17,19,10,17,19,16,12,14,20,12,10,10,12,10,19,18,16,12,16,14
11,16,18,11,18,15,19,17,13,11,12,19,20,15,12,11,15,16,17,18
18,20,15,20,17,15,10,18,11,14,11,18,12,13,11,15,15,16,18,10
14,17,18,17,13,20,10,10,15,17,19,14,11,12,18,19,19,14,15,10
20,16,10,20,17,11,13,17,18,12,11,11,16,14,17,11,11,16,10,16
11,20,16,12,16,12,18,12,16,16,20,19,20,10,13,19,10,14,10,18
18,13,16,12,16,17,20,13,16,19,11,14,20,14,19,13,16,15,16,20
11,13,20,12,13,19,14,11,17,17,20,18,15,20,18,13,11,12,16,13
11,10,12,19,10,10,15,20,20,13,14,10,11,15,20,13,14,17,18,12
20,11,16,13,10,13,17,11,17,13,20,20,11,11,16,12,13,18,12,11
12,18,17,19,16,11,10,17,13,19,12,16,17,20,18,18,17,20,19,19
14,20,20,16,13,14,11,14,18,20,18,13,19,10,11,12,12,16,15,19
14,18,20,16,20,13,17,16,10,13,18,13,15,13,20,17,18,18,16,15
10,13,16,17,14,12,15,11,10,10,10,12,16,16,18,17,13,10,19,13
11,17,15,20,14,16,10,14,19,13,18,13,12,13,10,12,11,18,13,16

The sequence dependent setup time of each job processed on machine 4.
(Where rows denote jobs: 1 to 20 and columns denote jobs: 0 to 20.For example:The value of Sijk is in row j,column i+1.)
19,11,15,13,19,10,16,15,13,17,19,12,16,11,14,16,20,11,10,13
11,16,20,20,18,13,15,18,10,19,11,19,20,16,16,13,11,14,12,13
10,11,10,20,18,15,14,14,10,20,11,14,18,15,14,10,15,17,17,12
10,15,20,11,17,20,15,13,15,11,20,13,12,10,20,13,14,13,11,14
20,11,19,16,14,20,11,16,19,10,15,17,16,14,17,13,18,16,12,18
16,17,15,17,15,17,18,20,20,12,19,15,19,10,11,18,16,17,12,19
14,17,12,11,19,20,13,14,11,16,19,11,14,11,16,15,19,20,20,10
20,13,20,10,16,18,14,20,19,15,11,11,18,18,15,15,12,18,12,14
16,17,10,17,11,11,15,12,13,14,10,19,20,11,12,17,15,17,13,16
20,15,11,17,17,18,18,18,17,11,13,13,10,20,15,20,16,13,17,10
16,19,19,18,17,16,15,13,15,10,16,14,20,16,18,12,16,13,14,11
11,10,14,18,17,15,16,19,16,18,20,12,20,20,19,18,20,18,14,15
13,19,20,18,19,15,17,19,20,18,16,20,13,14,10,17,18,17,16,14
12,17,19,17,20,16,15,10,18,12,10,10,20,12,15,10,13,10,19,17
15,19,19,14,20,18,16,11,17,15,20,14,15,11,13,12,17,19,13,14
10,12,18,12,18,16,10,12,12,19,13,16,10,12,12,15,19,17,17,12
12,17,14,16,11,10,14,17,16,11,19,14,18,17,12,13,10,19,14,17
17,16,19,14,12,17,18,19,19,14,20,18,16,12,13,14,18,16,18,20
14,16,19,12,11,18,10,14,11,11,13,11,17,16,10,13,20,15,18,14
16,18,18,18,10,19,14,16,16,20,14,11,10,20,11,13,15,15,10,19
14,19,17,20,20,10,13,15,15,16,15,20,19,19,11,15,20,16,13,20

