The number of jobs:
20
The number of machines:
5
The number of vehicles:
4
The number of workers:
2

The processing time of each order processed on different machines:
(where rows denote machines: 1 to 5 and columns denote orders: 1 to 
20)
24,28,33,33,27,25,40,27,27,26,29,40,33,22,35,21,39,22,25,20
23,35,37,20,33,38,38,38,35,34,35,35,23,31,22,33,23,21,24,36
29,23,29,40,37,24,40,28,40,28,20,28,30,26,34,20,29,32,35,39
37,25,32,28,33,26,27,33,32,22,22,23,40,33,27,33,34,30,35,23
34,21,24,37,24,27,23,28,33,26,20,24,33,37,22,32,22,37,20,38

The coefficient of each worker on each machine:
(where rows denote workers: 1 to 2 and columns denote machines: 1 to 
5)
1.5,1.25,1.25,0.75,0.75
1,0.75,0.5,1.25,1

The unit processing cost of machines:

9,6,7,6,7

The unit idle cost of machines:

5,5,4,4,5

The distance between each location:
(where rows and columns denote locations: 0 to 20)
0,68,90,35,57,108,72,29,102,60,76,16,108,99,49,81,88,99,59,43,59
68,0,53,45,87,112,63,84,129,106,85,58,126,144,82,143,25,112,21,27,84
90,53,0,55,72,164,115,116,176,96,53,89,90,125,124,141,71,162,72,53,65
35,45,55,0,44,126,80,62,129,61,51,36,91,100,75,99,69,120,48,18,42
57,87,72,44,0,163,122,84,159,24,27,68,51,57,106,71,112,155,92,62,7
108,112,164,126,163,0,49,88,39,168,177,95,214,206,61,178,104,16,91,115,165
72,63,115,80,122,49,0,63,69,131,132,57,171,170,41,151,59,49,43,67,122
29,84,116,62,84,88,63,0,75,83,105,28,135,119,26,91,98,76,69,65,88
102,129,176,129,159,39,69,75,0,158,177,94,210,192,55,157,129,25,108,123,162
60,106,96,61,24,168,131,83,158,0,49,75,57,39,108,47,131,158,108,80,31
76,85,53,51,27,177,132,105,177,49,0,84,42,72,123,95,109,170,96,66,20
16,58,89,36,68,95,57,28,94,75,84,0,119,114,39,97,75,87,46,37,69
108,126,90,91,51,214,171,135,210,57,42,119,0,53,157,94,151,206,137,107,49
99,144,125,100,57,206,170,119,192,39,72,114,53,0,144,47,169,194,147,118,62
49,82,124,75,106,61,41,26,55,108,123,39,157,144,0,117,89,50,62,70,108
81,143,141,99,71,178,151,91,157,47,95,97,94,47,117,0,166,165,139,116,78
88,25,71,69,112,104,59,98,129,131,109,75,151,169,89,166,0,108,30,51,109
99,112,162,120,155,16,49,76,25,158,170,87,206,194,50,165,108,0,91,111,157
59,21,72,48,92,91,43,69,108,108,96,46,137,147,62,139,30,91,0,30,90
43,27,53,18,62,115,67,65,123,80,66,37,107,118,70,116,51,111,30,0,60
59,84,65,42,7,165,122,88,162,31,20,69,49,62,108,78,109,157,90,60,0

The weight of orders:
12,14,11,13,11,10,11,11,11,14,17,18,14,19,17,12,20,20,15,19

The unit tardiness penalty of orders:

9,6,6,6,8,6,9,10,9,10,8,10,10,10,8,7,9,7,8,8

The due date of orders:
446,254,415,375,213,155,122,216,198,232,80,460,184,396,437,388,389,163,460,346

the loading and unloading time of each order:
3,4,3,3,3,3,3,3,3,4,4,5,4,5,4,3,5,5,4,5

The sequence dependent setup time of each job processed on machine 1.
(Where rows denote jobs: 1 to 20 and columns denote jobs: 0 to 20.For example:The value of Sijk is in row j,column i+1.)
17,20,16,10,18,11,14,18,20,15,18,15,18,19,15,12,12,12,16,17
17,19,17,12,14,20,20,13,11,14,14,11,15,11,12,10,12,19,13,18
18,12,20,17,11,13,10,15,10,16,13,18,14,17,17,16,13,13,20,17
12,18,16,14,18,20,18,14,15,18,16,16,16,13,11,13,11,11,10,12
18,11,13,15,14,19,18,20,15,12,15,14,12,16,17,13,18,20,11,16
11,18,19,19,13,14,13,12,13,17,12,13,19,16,18,18,20,10,16,20
15,14,17,17,20,20,12,10,20,16,17,14,12,19,11,19,14,20,10,17
10,20,18,15,12,19,11,16,18,15,10,14,18,13,11,20,15,11,10,19
12,12,12,17,20,13,20,15,12,17,11,20,16,12,12,11,12,16,17,19
18,19,10,17,12,14,19,17,15,15,10,16,11,17,17,13,16,16,16,11
16,13,19,18,12,19,13,12,11,10,10,19,13,15,15,10,14,10,10,20
16,17,12,14,20,13,16,15,14,20,15,10,20,14,19,13,16,16,20,16
10,17,13,20,13,16,14,11,15,15,14,18,18,15,16,10,19,19,13,15
16,14,16,10,18,10,16,16,19,20,19,15,17,11,12,19,17,10,16,11
14,17,14,19,13,20,20,19,14,15,16,14,13,11,19,15,14,15,14,17
15,15,11,20,14,10,18,20,16,19,19,16,13,10,18,15,18,20,19,20
20,20,17,12,12,10,18,17,10,20,16,19,17,13,15,11,12,14,20,12
20,11,18,20,12,17,19,17,15,19,13,12,10,15,18,12,17,19,12,12
10,20,10,14,11,16,20,10,16,20,16,11,19,13,17,14,15,12,14,14
17,19,13,10,12,12,14,18,16,15,11,19,16,12,14,19,16,20,19,12
16,12,15,16,12,13,15,17,14,17,16,11,17,17,20,17,16,16,17,12

The sequence dependent setup time of each job processed on machine 2.
(Where rows denote jobs: 1 to 20 and columns denote jobs: 0 to 20.For example:The value of Sijk is in row j,column i+1.)
12,10,10,11,19,19,14,20,19,17,14,16,14,15,14,19,15,10,14,14
14,15,19,20,11,10,17,15,12,10,11,17,20,19,11,17,19,17,16,16
12,15,14,19,17,12,17,18,11,10,15,16,16,15,16,13,11,15,14,12
13,10,12,13,10,15,10,10,12,20,19,12,11,20,10,18,14,14,16,16
15,15,18,18,13,11,10,19,20,12,13,13,11,10,20,13,20,14,15,14
12,17,18,12,14,10,20,17,14,10,15,18,11,13,16,19,18,11,16,11
11,11,13,18,16,10,15,15,18,10,18,19,15,15,19,15,18,11,14,15
11,18,16,13,10,19,19,18,13,17,17,16,18,13,11,18,14,18,14,20
11,20,20,15,10,19,13,14,14,12,10,10,12,15,11,13,11,13,10,20
10,12,16,19,13,12,14,19,19,11,11,14,18,10,19,14,12,18,11,20
12,18,10,20,13,12,20,14,11,15,16,14,12,19,17,10,15,17,20,16
20,11,16,14,20,20,19,18,10,18,13,19,16,15,12,12,20,17,16,13
12,18,12,20,13,14,12,18,14,11,14,10,14,17,11,19,11,12,11,19
12,17,15,10,10,15,12,15,14,13,20,12,14,20,12,12,15,20,16,10
12,11,14,17,19,18,19,15,15,12,17,17,15,11,18,17,20,14,11,16
16,20,18,10,16,19,12,15,15,11,17,10,10,20,13,19,14,17,13,18
11,14,19,12,16,11,20,20,10,17,19,15,13,18,14,11,19,12,11,18
13,17,14,14,12,17,10,18,16,10,13,19,11,16,12,14,20,11,17,15
14,14,10,15,12,17,14,15,10,18,14,12,16,14,13,20,11,18,14,10
13,11,15,20,10,13,18,19,10,18,10,12,12,13,19,13,18,10,16,15
10,10,10,19,17,16,10,12,19,14,13,17,19,18,19,19,19,10,20,14

The sequence dependent setup time of each job processed on machine 3.
(Where rows denote jobs: 1 to 20 and columns denote jobs: 0 to 20.For example:The value of Sijk is in row j,column i+1.)
18,20,17,12,15,16,10,17,19,10,12,18,16,12,18,11,18,12,15,10
12,11,12,11,15,16,15,11,18,16,15,12,20,11,13,13,15,14,19,13
13,17,19,12,12,19,20,15,12,14,20,16,19,19,17,11,19,20,15,19
20,18,13,14,17,14,17,13,14,17,11,17,17,14,20,10,10,18,16,14
13,17,18,10,12,20,18,11,15,20,13,12,11,12,13,16,15,10,13,16
14,18,13,15,18,18,10,19,15,14,20,13,13,10,16,18,14,16,13,16
13,20,16,18,10,20,17,15,16,13,19,18,20,12,14,12,12,14,13,13
20,20,11,19,13,11,15,10,14,16,18,11,11,11,11,10,10,15,11,10
16,14,17,15,17,20,16,17,19,16,13,11,10,19,16,16,14,19,19,20
12,17,15,10,11,12,10,17,10,13,16,15,17,13,11,10,17,17,14,16
15,18,17,18,10,14,19,14,19,11,15,18,18,12,16,13,13,16,11,13
17,17,11,13,14,14,12,11,17,20,17,10,10,10,11,12,13,14,10,19
17,19,17,17,12,19,19,16,17,20,14,14,13,17,16,20,18,19,15,17
13,17,14,20,20,10,19,18,14,19,13,11,19,17,19,16,15,10,13,19
17,13,18,14,17,17,14,11,16,15,12,12,14,15,11,11,11,11,12,15
15,14,11,14,16,14,20,14,10,19,16,16,11,12,15,18,17,13,18,17
13,19,15,11,15,15,18,10,17,17,13,17,15,12,17,13,13,18,12,19
18,10,15,12,13,20,11,14,17,16,19,20,15,12,20,14,10,20,17,15
10,15,15,18,14,17,20,14,18,14,20,17,12,15,16,19,20,18,14,13
19,18,19,20,16,15,20,10,10,13,13,17,20,12,16,20,13,20,17,19
12,18,14,18,11,12,15,17,13,15,19,12,18,16,17,16,17,10,13,18

The sequence dependent setup time of each job processed on machine 4.
(Where rows denote jobs: 1 to 20 and columns denote jobs: 0 to 20.For example:The value of Sijk is in row j,column i+1.)
14,20,19,12,19,18,17,14,18,13,17,15,14,13,13,11,17,18,18,14
12,14,18,14,20,13,11,14,16,15,20,16,18,13,11,14,11,14,12,10
18,12,16,19,10,19,10,16,13,15,10,10,14,19,11,17,11,15,12,15
20,20,13,17,16,15,12,10,13,14,10,19,10,13,20,16,18,15,10,11
14,18,17,11,11,17,18,15,15,13,14,20,15,18,11,19,11,14,18,11
16,20,15,13,13,16,13,15,14,20,13,14,18,15,15,16,11,18,17,10
17,14,17,11,14,10,15,10,10,15,15,18,13,18,16,13,16,20,12,10
17,18,11,12,11,19,13,20,12,19,16,13,16,15,16,19,15,14,11,10
10,14,14,18,12,14,11,17,11,18,20,13,14,13,20,17,13,15,18,14
10,11,10,18,13,19,20,20,11,11,17,11,11,19,20,14,12,15,13,18
13,13,13,17,16,20,15,15,10,10,20,14,10,18,19,18,10,19,19,11
10,13,18,17,11,15,20,20,15,12,14,15,14,15,16,17,20,13,12,18
13,14,16,11,18,13,15,15,16,14,15,18,10,20,11,20,16,20,17,13
17,16,10,18,17,16,12,18,16,16,17,18,15,20,19,15,20,20,11,14
11,19,14,19,17,18,10,16,10,10,11,11,16,19,20,18,16,15,18,19
12,13,19,11,11,16,19,16,19,20,19,16,17,15,13,16,17,13,15,12
11,18,13,11,14,13,16,13,20,13,12,14,20,14,16,11,14,16,19,17
17,15,13,11,18,17,11,12,16,12,20,11,14,14,15,15,13,18,14,13
19,18,11,12,17,18,16,14,10,19,19,19,19,12,17,14,12,17,14,11
11,18,19,16,12,19,10,16,18,16,11,12,20,10,13,12,11,15,11,12
10,16,11,16,10,18,11,11,17,18,16,11,16,14,20,15,15,17,14,15

The sequence dependent setup time of each job processed on machine 5.
(Where rows denote jobs: 1 to 20 and columns denote jobs: 0 to 20.For example:The value of Sijk is in row j,column i+1.)
12,19,17,10,20,19,12,12,16,13,12,10,15,19,12,13,20,17,18,17
15,19,19,14,18,14,17,12,10,16,14,19,13,12,20,18,12,19,19,16
11,18,12,19,12,10,20,16,15,11,15,16,13,18,14,20,20,16,17,10
18,16,17,17,12,10,17,15,13,17,16,10,10,17,15,11,16,13,18,18
13,10,12,17,15,10,16,10,20,10,16,15,19,15,17,19,17,19,15,14
13,17,14,18,20,17,12,15,19,14,16,19,14,20,14,20,17,10,15,11
17,19,12,15,15,14,11,14,19,12,13,18,13,12,20,19,17,14,18,16
18,12,16,13,11,13,19,20,17,20,11,19,17,11,18,15,11,10,10,10
16,10,14,17,14,19,10,19,18,10,13,15,12,12,11,12,19,15,11,10
11,12,16,16,18,11,18,13,10,12,18,19,18,15,20,19,10,11,15,20
10,17,15,14,20,19,12,16,12,14,16,15,10,19,16,16,20,10,11,11
10,15,20,15,18,19,18,18,17,10,15,17,19,17,20,13,15,16,12,12
16,19,13,15,17,11,13,16,15,19,12,17,16,16,18,18,20,18,19,11
15,16,20,17,11,16,16,18,16,10,20,16,15,12,10,11,20,18,18,20
16,11,10,20,20,15,18,13,12,17,11,20,17,14,16,13,15,19,12,11
14,16,18,15,16,18,10,20,16,16,13,10,18,16,12,19,15,18,16,14
14,16,16,16,14,15,16,18,15,11,15,14,15,16,14,16,13,19,18,13
19,10,19,16,14,20,15,12,10,20,13,16,13,11,16,17,19,13,12,10
18,14,13,19,19,16,15,16,19,19,14,12,10,11,20,20,16,15,14,18
17,12,10,18,17,20,14,16,20,13,19,16,19,11,10,13,15,18,16,19
15,15,19,13,19,11,12,20,14,17,18,17,10,11,16,15,12,20,17,16

