The number of jobs:
50
The number of machines:
5
The number of vehicles:
6
The number of workers:
5

The processing time of each order processed on different machines:
(where rows denote machines: 1 to 5 and columns denote orders: 1 to 
50)
40,23,31,22,31,35,35,31,26,26,23,38,34,39,25,37,21,34,35,21,29,34,30,32,37,37,23,20,23,36,28,28,27,34,33,38,24,22,39,20,25,30,35,33,34,21,29,40,29,26
40,37,28,34,30,37,22,39,20,30,33,31,40,32,22,35,22,40,23,37,28,33,28,40,33,29,39,30,23,34,26,32,20,29,20,34,24,25,37,40,23,24,22,39,29,26,29,37,37,20
28,33,26,35,36,30,36,32,37,20,38,29,29,32,26,37,36,23,28,30,25,30,35,22,33,34,26,22,28,30,24,22,20,35,31,33,30,29,37,32,37,36,31,20,24,22,32,37,30,33
35,22,37,23,32,36,40,37,25,24,38,31,35,36,40,25,35,27,28,24,40,34,27,36,38,24,30,26,30,25,37,34,37,27,32,25,36,35,26,38,24,30,29,32,34,33,29,32,23,29
29,33,28,32,37,31,25,34,22,30,20,21,21,24,31,24,38,29,23,30,20,29,22,32,39,26,20,38,21,39,36,37,26,40,24,29,23,29,32,20,33,34,38,33,29,40,27,35,37,27

The coefficient of each worker on each machine:
(where rows denote workers: 1 to 5 and columns denote machines: 1 to 
5)
1.25,0.75,1.25,0.5,0.75
1.25,1,0.5,0.75,0.5
1.25,1,0.5,0.5,0.5
1.25,1.25,1.25,1.25,1
0.75,1.5,1,1.5,0.5

The unit processing cost of machines:

7,9,10,7,10

The unit idle cost of machines:

2,4,1,5,5

The distance between each location:
(where rows and columns denote locations: 0 to 50)
0,85,50,91,74,48,77,97,48,74,109,94,40,70,117,133,81,88,58,33,78,63,94,119,41,61,90,79,28,48,80,83,53,118,126,107,19,88,114,86,85,49,112,72,77,63,51,124,117,119,74
85,0,111,73,98,132,68,33,118,152,124,129,50,128,36,161,107,172,142,52,148,145,165,153,87,40,174,135,64,127,163,141,33,151,43,125,100,45,32,75,145,124,40,121,142,147,105,45,200,35,96
50,111,0,78,41,49,67,133,89,100,70,142,82,113,147,181,131,80,68,69,113,85,54,71,24,73,99,122,75,32,70,125,80,70,154,66,60,130,132,71,36,86,147,23,32,62,99,155,99,144,42
91,73,78,0,42,122,14,105,139,164,54,175,87,159,104,212,156,157,139,76,170,151,125,88,60,42,173,168,93,108,148,173,64,85,106,56,110,114,75,7,100,141,113,74,102,137,137,113,178,94,40
74,98,41,42,0,89,35,127,121,138,35,167,89,144,133,206,152,121,108,76,149,123,83,55,33,58,140,153,89,73,111,157,76,53,138,33,90,130,111,35,57,120,138,31,60,103,125,142,137,127,2
48,132,49,122,89,0,109,145,55,54,118,113,88,78,165,150,108,40,19,81,71,38,60,113,62,103,51,87,75,18,31,88,100,113,174,115,40,135,160,115,64,49,160,69,54,16,73,172,69,167,90
77,68,67,14,35,109,0,99,125,150,57,162,75,145,101,200,143,145,125,63,156,137,116,87,47,31,159,154,80,96,135,159,54,85,105,57,96,106,76,10,91,127,108,65,93,124,123,110,166,93,33
97,33,133,105,127,145,99,0,118,153,156,114,57,122,27,140,92,183,151,66,144,149,186,183,111,70,180,126,70,144,176,133,53,181,38,156,108,19,51,107,169,125,16,147,165,159,100,30,214,39,125
48,118,89,139,121,55,125,118,0,36,155,57,68,24,143,95,55,80,47,70,31,34,115,160,88,106,65,33,54,69,76,36,91,159,154,153,31,103,150,135,116,9,133,112,107,60,22,148,112,150,121
74,152,100,164,138,54,150,153,36,0,170,78,102,43,179,108,84,59,36,102,22,16,109,167,107,135,34,47,88,72,59,45,123,167,189,167,55,138,183,159,118,29,169,122,108,48,56,184,88,185,139
109,124,70,54,35,118,57,156,155,170,0,202,123,178,157,242,187,144,137,110,182,155,95,36,68,86,168,188,124,101,135,191,107,33,160,4,125,161,130,50,69,154,164,50,76,130,160,166,155,148,36
94,129,142,175,167,113,162,114,57,78,202,0,88,36,141,40,22,134,103,98,57,86,173,212,134,135,112,31,81,126,131,34,114,211,151,200,82,95,159,172,172,64,126,165,163,116,43,142,165,152,166
40,50,82,87,89,88,75,57,68,102,123,88,0,80,79,125,69,127,95,14,98,95,132,143,63,47,125,87,14,87,119,93,26,141,88,122,52,49,82,85,118,74,72,100,113,102,56,85,157,83,88
70,128,113,159,144,78,145,122,24,43,178,36,80,0,149,71,42,98,67,86,25,50,139,184,110,123,77,9,68,93,96,14,105,183,159,176,54,105,160,155,140,30,136,136,131,81,24,152,129,157,143
117,36,147,104,133,165,101,27,143,179,157,141,79,149,0,167,119,205,173,85,171,173,200,187,123,76,203,153,93,162,196,160,67,185,10,158,130,46,34,107,181,150,17,157,178,180,126,9,234,15,131
133,161,181,212,206,150,200,140,95,108,242,40,125,71,167,0,57,166,138,136,86,119,210,252,174,172,140,63,120,164,165,64,150,251,176,240,121,121,189,210,210,101,150,204,201,152,83,166,196,179,206
81,107,131,156,152,108,143,92,55,84,187,22,69,42,119,57,0,135,102,80,66,89,167,200,120,115,117,41,64,119,131,47,93,199,130,185,73,73,137,153,163,64,105,153,155,115,35,121,168,130,151
88,172,80,157,121,40,145,183,80,59,144,134,127,98,205,166,135,0,34,120,81,48,60,130,98,143,32,104,113,49,9,103,140,131,214,140,76,173,199,151,78,72,199,94,69,25,102,211,32,207,122
58,142,68,139,108,19,125,151,47,36,137,103,95,67,173,138,102,34,0,90,55,21,74,132,79,117,34,75,81,37,29,75,110,132,183,134,43,139,171,133,82,39,167,88,72,14,68,180,66,176,109
33,52,69,76,76,81,63,66,70,102,110,98,14,86,85,136,80,120,90,0,101,93,120,129,49,37,122,94,18,78,112,99,21,127,93,109,48,61,82,73,105,75,81,87,100,95,62,92,149,87,74
78,148,113,170,149,71,156,144,31,22,182,57,98,25,171,86,66,81,55,101,0,35,129,183,116,137,55,27,85,88,80,23,122,182,181,179,60,128,179,165,135,29,159,136,125,68,45,175,110,178,149
63,145,85,151,123,38,137,149,34,16,155,86,95,50,173,119,89,48,21,93,35,0,94,151,93,124,31,56,80,56,46,56,114,151,183,151,45,135,175,145,102,26,164,106,92,34,56,179,79,178,124
94,165,54,125,83,60,116,186,115,109,95,173,132,139,200,210,167,60,74,120,129,94,0,73,78,127,91,147,122,48,54,148,134,74,208,91,95,180,186,118,26,109,200,52,23,61,132,209,61,198,85
119,153,71,88,55,113,87,183,160,167,36,212,143,184,187,252,200,130,132,129,183,151,73,0,81,113,158,193,140,96,122,196,131,2,191,33,131,185,162,82,52,156,193,48,61,122,169,196,134,180,57
41,87,24,60,33,62,47,111,88,107,68,134,63,110,123,174,120,98,79,49,116,93,78,81,0,49,113,120,59,49,89,123,57,79,130,66,57,109,108,53,58,87,124,37,55,77,92,132,121,120,33
61,40,73,42,58,103,31,70,106,135,86,135,47,123,76,172,115,143,117,37,137,124,127,113,49,0,151,131,55,95,133,136,23,111,82,86,80,74,59,41,106,109,80,81,104,119,99,85,168,72,56
90,174,99,173,140,51,159,180,65,34,168,112,125,77,203,140,117,32,34,122,55,31,91,158,113,151,0,81,111,67,37,78,143,158,213,164,74,166,204,166,106,57,195,117,96,37,87,209,56,208,141
79,135,122,168,153,87,154,126,33,47,188,31,87,9,153,63,41,104,75,94,27,56,147,193,120,131,81,0,76,102,102,6,113,192,164,185,63,108,166,163,149,38,140,146,140,88,31,156,135,163,153
28,64,75,93,89,75,80,70,54,88,124,81,14,68,93,120,64,113,81,18,85,80,122,140,59,55,111,76,0,76,105,82,37,138,103,122,37,60,96,90,110,59,86,95,104,88,45,99,144,97,88
48,127,32,108,73,18,96,144,69,72,101,126,87,93,162,164,119,49,37,78,88,56,48,96,49,95,67,102,76,0,40,103,95,95,170,97,46,136,153,101,48,64,158,51,38,30,84,169,74,162,74
80,163,70,148,111,31,135,176,76,59,135,131,119,96,196,165,131,9,29,112,80,46,54,122,89,133,37,102,105,40,0,102,131,123,205,131,69,165,191,141,71,68,191,85,61,17,97,203,38,198,112
83,141,125,173,157,88,159,133,36,45,191,34,93,14,160,64,47,103,75,99,23,56,148,196,123,136,78,6,82,103,102,0,118,195,170,189,67,115,172,168,151,40,147,149,141,88,37,163,133,169,157
53,33,80,64,76,100,54,53,91,123,107,114,26,105,67,150,93,140,110,21,122,114,134,131,57,23,143,113,37,95,131,118,0,129,75,106,69,54,61,63,115,96,66,94,112,115,81,75,168,67,74
118,151,70,85,53,113,85,181,159,167,33,211,141,183,185,251,199,131,132,127,182,151,74,2,79,111,158,192,138,95,123,195,129,0,189,30,130,183,160,80,52,156,191,47,62,122,168,194,135,178,55
126,43,154,106,138,174,105,38,154,189,160,151,88,159,10,176,130,214,183,93,181,183,208,191,130,82,213,164,103,170,205,170,75,189,0,161,140,57,32,110,187,160,26,163,185,189,137,12,243,12,136
107,125,66,56,33,115,57,156,153,167,4,200,122,176,158,240,185,140,134,109,179,151,91,33,66,86,164,185,122,97,131,189,106,30,161,0,122,160,131,51,65,151,165,47,72,127,158,167,151,149,34
19,100,60,110,90,40,96,108,31,55,125,82,52,54,130,121,73,76,43,48,60,45,95,131,57,80,74,63,37,46,69,67,69,130,140,122,0,97,130,105,90,31,123,83,82,51,39,136,107,134,90
88,45,130,114,130,135,106,19,103,138,161,95,49,105,46,121,73,173,139,61,128,135,180,185,109,74,166,108,60,136,165,115,54,183,57,160,97,0,69,114,166,110,32,146,161,148,83,48,204,58,128
114,32,132,75,111,160,76,51,150,183,130,159,82,160,34,189,137,199,171,82,179,175,186,162,108,59,204,166,96,153,191,172,61,160,32,131,130,69,0,80,163,155,49,138,163,175,136,42,226,20,109
86,75,71,7,35,115,10,107,135,159,50,172,85,155,107,210,153,151,133,73,165,145,118,82,53,41,166,163,90,101,141,168,63,80,110,51,105,114,80,0,93,136,115,67,95,130,133,116,170,98,33
85,145,36,100,57,64,91,169,116,118,69,172,118,140,181,210,163,78,82,105,135,102,26,52,58,106,106,149,110,48,71,151,115,52,187,65,90,166,163,93,0,111,182,26,10,71,129,189,86,177,59
49,124,86,141,120,49,127,125,9,29,154,64,74,30,150,101,64,72,39,75,29,26,109,156,87,109,57,38,59,64,68,40,96,156,160,151,31,110,155,136,111,0,140,109,102,52,30,155,104,156,120
112,40,147,113,138,160,108,16,133,169,164,126,72,136,17,150,105,199,167,81,159,164,200,193,124,80,195,140,86,158,191,147,66,191,26,165,123,32,49,115,182,140,0,159,178,174,115,16,229,32,136
72,121,23,74,31,69,65,147,112,122,50,165,100,136,157,204,153,94,88,87,136,106,52,48,37,81,117,146,95,51,85,149,94,47,163,47,83,146,138,67,26,109,159,0,29,80,122,166,108,153,33
77,142,32,102,60,54,93,165,107,108,76,163,113,131,178,201,155,69,72,100,125,92,23,61,55,104,96,140,104,38,61,141,112,62,185,72,82,161,163,95,10,102,178,29,0,61,121,187,79,175,62
63,147,62,137,103,16,124,159,60,48,130,116,102,81,180,152,115,25,14,95,68,34,61,122,77,119,37,88,88,30,17,88,115,122,189,127,51,148,175,130,71,52,174,80,61,0,80,186,56,182,104
51,105,99,137,125,73,123,100,22,56,160,43,56,24,126,83,35,102,68,62,45,56,132,169,92,99,87,31,45,84,97,37,81,168,137,158,39,83,136,133,129,30,115,122,121,80,0,130,134,134,124
124,45,155,113,142,172,110,30,148,184,166,142,85,152,9,166,121,211,180,92,175,179,209,196,132,85,209,156,99,169,203,163,75,194,12,167,136,48,42,116,189,155,16,166,187,186,130,0,241,22,140
117,200,99,178,137,69,166,214,112,88,155,165,157,129,234,196,168,32,66,149,110,79,61,134,121,168,56,135,144,74,38,133,168,135,243,151,107,204,226,170,86,104,229,108,79,56,134,241,0,235,139
119,35,144,94,127,167,93,39,150,185,148,152,83,157,15,179,130,207,176,87,178,178,198,180,120,72,208,163,97,162,198,169,67,178,12,149,134,58,20,98,177,156,32,153,175,182,134,22,235,0,125
74,96,42,40,2,90,33,125,121,139,36,166,88,143,131,206,151,122,109,74,149,124,85,57,33,56,141,153,88,74,112,157,74,55,136,34,90,128,109,33,59,120,136,33,62,104,124,140,139,125,0

The weight of orders:
10,20,18,18,16,19,15,20,10,18,13,15,11,19,14,10,17,11,16,10,11,19,20,18,12,20,10,19,14,11,12,12,10,16,14,20,15,11,13,20,13,14,17,12,15,14,10,19,18,12

The unit tardiness penalty of orders:

7,10,9,10,10,10,6,8,10,10,10,10,10,6,7,7,6,6,8,7,6,7,6,6,7,10,6,9,6,7,7,10,6,6,7,7,9,9,6,8,8,9,8,9,8,9,6,8,8,10

The due date of orders:
335,647,633,295,464,514,253,376,185,225,378,194,323,556,275,626,419,519,675,369,574,740,431,696,134,301,531,497,447,576,675,572,396,433,548,460,496,326,704,485,456,476,168,587,453,424,855,475,444,725

the loading and unloading time of each order:
3,5,5,5,4,5,4,5,3,5,3,4,3,5,4,3,4,3,4,3,3,5,5,5,3,5,3,5,4,3,3,3,3,4,4,5,4,3,3,5,3,4,4,3,4,4,3,5,5,3

The sequence dependent setup time of each job processed on machine 1.
(Where rows denote jobs: 1 to 50 and columns denote jobs: 0 to 50.For example:The value of Sijk is in row j,column i+1.)
13,20,16,20,12,13,10,19,14,14,20,11,14,20,14,16,17,10,12,19,13,13,19,11,16,11,13,16,16,13,14,12,19,14,16,15,20,20,17,14,18,11,10,12,13,15,18,10,16,15
10,19,13,12,11,20,17,20,13,12,20,10,16,18,17,17,18,15,13,19,20,13,14,15,11,10,16,14,17,11,15,15,20,20,16,13,11,19,14,10,20,13,10,10,10,16,10,17,15,16
10,20,12,13,18,16,10,12,15,17,13,10,17,10,12,17,13,13,19,15,15,20,15,20,14,13,19,19,13,11,14,17,15,17,19,12,13,18,15,20,13,17,16,18,14,18,19,16,20,11
11,18,13,14,14,17,10,18,14,10,15,16,19,18,18,20,12,13,12,18,16,14,14,11,14,11,18,17,10,10,10,12,14,16,14,16,18,19,16,18,18,15,16,18,13,10,11,13,16,13
15,10,17,20,10,18,18,12,17,18,20,12,17,14,19,19,19,18,19,15,19,16,15,11,14,19,11,17,20,20,20,15,14,11,18,14,14,19,12,19,20,14,11,10,12,17,20,15,20,17
15,13,19,14,10,11,20,13,13,17,19,20,19,11,10,10,12,13,14,16,16,15,19,11,16,15,10,18,11,16,12,10,12,14,15,13,15,19,10,19,19,20,14,16,13,17,13,10,16,11
13,14,13,14,16,14,14,13,11,18,13,10,16,14,18,18,13,12,16,17,17,18,10,16,20,12,20,11,16,10,11,16,15,20,10,10,16,17,13,10,13,11,17,13,15,20,10,12,16,12
19,10,12,18,13,17,16,11,14,14,20,12,17,18,19,20,12,13,19,12,19,16,19,10,14,17,17,13,13,14,13,20,16,16,12,14,15,12,11,14,13,11,12,17,16,11,10,13,12,11
19,18,16,18,12,20,12,16,19,11,14,14,19,13,18,12,16,11,17,13,12,12,13,17,16,20,16,15,19,13,14,17,19,19,13,10,17,15,18,11,19,15,13,12,15,12,12,17,15,12
14,14,10,12,14,17,13,16,18,11,18,17,17,12,15,11,18,18,13,17,14,15,17,14,10,20,10,14,19,11,14,20,20,19,17,11,17,20,14,14,14,12,12,19,19,14,12,16,14,19
11,17,10,16,10,20,12,16,18,10,18,20,20,14,17,19,16,12,11,11,13,18,10,13,16,13,12,20,20,20,11,12,12,12,19,16,13,18,14,18,12,18,12,19,15,17,15,11,10,10
18,15,19,19,11,15,17,15,13,15,18,18,11,16,18,19,15,11,14,11,14,20,10,18,12,10,11,14,20,15,16,18,15,11,10,14,13,18,18,16,14,13,12,13,14,18,18,15,17,12
17,16,19,10,19,10,14,19,18,15,12,12,11,19,20,17,19,11,12,11,14,17,18,20,10,14,10,19,20,19,18,13,10,18,12,17,16,16,14,19,14,20,15,20,20,20,11,10,15,13
19,14,14,14,16,19,10,16,19,19,11,10,19,20,17,18,19,13,10,18,12,17,20,18,18,10,12,15,12,16,12,16,17,16,17,11,11,13,19,12,12,20,19,17,16,15,16,14,11,11
12,14,14,12,20,12,14,10,15,18,19,17,20,14,20,10,13,15,13,14,12,16,11,11,20,14,11,14,15,15,14,11,11,10,12,17,17,13,16,10,14,12,20,12,19,10,19,14,15,20
18,12,13,17,14,16,11,14,19,20,12,19,16,11,12,20,12,12,19,16,15,18,10,19,19,12,11,17,11,14,20,10,15,20,16,14,12,12,19,19,19,17,16,17,12,20,13,14,12,14
12,15,20,12,14,14,15,14,14,16,15,18,10,16,10,10,12,18,15,16,16,20,13,11,12,20,11,12,20,13,10,10,15,17,15,17,11,14,12,14,16,14,15,12,18,13,17,17,10,20
14,10,16,15,18,15,19,15,11,14,13,19,17,17,11,10,19,14,17,17,18,14,20,13,17,14,15,14,14,11,16,10,13,10,17,11,10,10,14,13,13,13,13,20,15,18,15,12,19,19
16,19,18,17,15,10,19,10,20,12,16,10,15,18,19,15,12,19,16,10,10,11,15,11,17,14,18,19,16,19,14,14,12,11,17,13,19,10,19,11,11,16,16,19,18,10,16,14,16,14
17,14,14,12,19,14,12,11,18,20,15,12,10,18,13,12,15,11,15,15,10,13,16,12,16,17,20,16,16,12,17,11,11,14,15,20,17,16,17,16,16,16,19,11,17,10,14,14,18,17
18,20,10,11,16,16,16,16,19,20,19,19,10,19,13,16,16,17,13,10,12,18,13,17,16,19,20,15,16,19,17,15,14,17,15,18,17,14,17,17,20,20,20,13,19,18,16,14,17,14
20,10,20,14,17,10,10,18,10,15,17,15,14,14,18,17,13,19,14,12,15,17,18,11,17,18,14,16,16,11,17,13,11,20,20,18,17,15,11,11,11,14,13,17,10,12,18,14,19,12
16,20,13,16,12,13,18,17,11,14,16,13,19,15,12,14,10,19,13,12,15,10,12,16,13,18,12,20,10,17,10,12,18,16,17,16,11,11,15,16,12,19,13,13,14,16,11,14,18,18
13,17,10,20,17,14,20,18,19,20,19,15,11,16,19,17,18,14,10,20,11,19,16,12,17,18,10,16,11,20,15,15,13,14,19,13,11,12,13,11,11,20,20,16,16,19,16,18,14,16
14,18,14,18,19,13,14,20,19,20,16,10,19,10,19,17,17,20,13,20,15,13,15,18,20,20,17,16,20,16,17,17,13,12,11,12,16,13,19,10,15,16,11,14,16,10,18,14,16,20
15,15,18,19,17,10,16,18,16,20,16,16,10,14,14,14,20,16,15,10,19,19,19,13,18,11,14,18,13,18,13,10,15,12,13,15,17,17,18,18,11,10,20,18,18,19,19,20,19,13
15,15,16,11,10,12,16,18,16,18,11,11,10,17,15,19,13,15,20,11,12,12,18,14,12,14,10,15,17,19,17,12,20,18,17,13,17,20,12,14,14,17,17,20,14,10,16,20,18,18
14,16,19,14,20,11,20,13,20,12,19,20,14,17,12,11,13,11,17,20,19,19,10,10,13,10,12,14,20,17,15,18,18,10,17,18,13,14,15,10,20,12,14,15,12,10,12,17,13,19
10,15,20,15,19,10,15,16,18,20,14,19,14,17,20,11,19,20,16,17,10,14,17,20,11,18,20,16,13,16,13,11,14,11,17,11,15,20,14,12,12,12,12,19,13,14,16,11,19,12
15,14,18,15,16,13,17,11,20,14,15,19,11,17,16,11,19,18,12,19,18,13,10,10,13,20,14,15,11,11,11,19,20,17,13,16,16,12,10,15,11,11,18,15,17,18,16,19,10,15
18,11,19,12,15,18,15,12,13,17,19,10,19,11,14,12,16,14,14,18,14,18,18,20,17,13,19,12,16,18,11,18,12,11,20,10,20,18,20,20,12,11,11,16,16,14,17,19,18,11
13,11,11,18,10,11,13,13,18,18,11,17,12,11,19,16,12,17,19,16,12,11,15,19,18,17,17,17,17,11,15,17,18,12,19,18,11,14,15,20,17,20,13,17,18,16,18,16,11,19
19,16,19,18,12,19,12,15,16,11,15,16,17,16,15,16,17,19,11,16,12,17,19,14,16,20,14,13,20,14,20,13,17,15,11,11,17,20,14,17,12,19,15,10,19,15,16,20,15,12
20,13,18,13,19,18,14,12,10,11,19,20,17,12,10,16,14,13,13,12,10,16,20,19,17,17,16,10,19,19,18,14,18,14,16,10,18,11,16,18,19,17,18,12,12,20,16,20,16,20
11,16,14,18,19,14,13,10,20,20,12,17,15,20,20,14,11,17,14,14,16,18,19,18,18,19,14,13,10,10,18,12,10,20,12,17,16,15,16,10,12,12,16,18,14,14,13,14,18,16
14,14,13,12,13,13,11,20,12,17,11,11,15,13,20,18,20,18,11,17,11,16,11,14,11,10,10,20,20,19,20,17,12,16,12,10,18,15,15,16,12,13,15,20,15,14,15,17,14,19
17,16,18,13,13,11,20,15,13,19,15,10,13,19,15,16,18,19,17,19,12,20,16,15,15,20,20,17,11,18,18,20,20,10,19,20,17,17,17,12,12,18,18,11,16,17,15,18,16,17
13,14,19,17,10,17,18,17,12,14,16,11,14,11,16,16,17,18,15,20,11,13,17,15,14,16,20,15,11,17,10,17,20,16,11,16,15,18,13,15,17,18,20,12,15,20,14,19,20,19
12,10,12,11,15,20,11,14,14,20,16,13,20,14,16,14,17,12,12,17,19,16,20,20,19,19,11,17,16,15,13,13,17,13,11,14,20,15,16,18,12,14,10,13,13,15,13,18,17,19
11,15,13,19,14,16,11,14,15,19,16,11,20,11,14,15,11,19,17,13,11,15,18,20,13,16,12,10,18,14,15,10,16,17,15,20,14,19,18,19,11,11,10,17,13,19,14,14,16,10
10,15,18,17,19,20,18,19,11,17,14,10,10,16,15,19,15,20,18,17,17,13,16,12,19,10,11,11,12,18,14,14,13,20,17,20,14,14,14,18,19,19,12,17,19,18,12,12,15,13
20,10,15,16,19,13,13,14,19,19,20,19,13,16,13,12,16,10,19,17,16,20,17,15,19,20,20,11,13,14,16,11,15,19,10,19,13,11,20,19,16,17,11,14,15,19,18,10,15,12
17,20,20,17,16,13,20,14,16,19,11,14,14,14,13,14,11,19,18,17,12,10,18,18,11,14,14,20,13,12,15,16,10,14,13,13,20,16,14,12,11,18,11,20,12,15,15,15,18,10
19,10,10,19,10,11,18,14,11,13,19,11,12,19,14,20,13,16,16,15,13,10,16,13,14,16,15,16,18,13,13,14,17,13,16,12,13,18,19,15,13,18,11,11,19,16,10,20,10,18
18,15,18,19,20,12,19,18,16,17,20,10,12,20,17,15,17,16,18,10,18,10,18,20,14,14,16,19,20,13,13,11,18,13,17,13,14,13,10,12,11,14,14,18,10,20,15,17,13,16
20,13,13,14,10,17,20,13,18,17,16,13,11,14,10,12,11,15,18,12,20,14,13,19,14,19,14,10,16,11,13,11,19,17,20,10,11,14,14,14,20,20,11,17,11,19,10,19,12,16
11,17,19,10,12,15,11,18,20,20,14,20,20,11,15,12,13,20,11,20,11,16,17,10,14,16,14,13,17,12,13,10,10,10,17,10,17,18,14,18,13,14,18,18,12,16,20,17,13,18
17,18,15,20,11,12,18,17,20,19,20,12,15,17,16,13,18,14,15,11,16,14,16,19,11,16,15,16,12,17,12,14,12,15,13,18,14,11,18,20,13,10,13,10,10,20,12,12,13,17
15,19,19,10,16,12,12,15,18,12,16,16,14,16,14,11,10,18,15,10,11,14,20,18,12,18,12,16,19,16,19,11,14,17,12,11,16,14,12,20,20,17,16,14,11,17,13,19,16,18
17,16,15,17,15,19,20,16,20,16,20,11,14,20,20,20,14,19,20,10,10,10,10,15,16,11,17,10,12,17,20,17,14,18,17,20,18,16,18,10,10,15,10,15,13,17,13,19,11,16
10,19,16,19,10,20,13,15,13,20,14,18,18,15,16,16,13,12,14,13,13,17,15,18,19,18,15,18,12,12,15,17,18,20,18,20,17,17,15,16,15,16,11,14,11,15,17,16,16,13

The sequence dependent setup time of each job processed on machine 2.
(Where rows denote jobs: 1 to 50 and columns denote jobs: 0 to 50.For example:The value of Sijk is in row j,column i+1.)
18,16,16,19,20,16,15,12,19,11,14,11,18,17,15,18,10,10,12,10,11,16,18,13,18,20,19,14,13,18,20,12,12,16,14,17,18,13,16,14,14,15,14,12,15,12,10,13,16,16
20,12,10,13,12,14,19,18,13,15,13,18,17,18,15,10,14,16,15,15,18,11,11,10,13,15,20,10,13,19,12,11,16,10,18,11,12,17,18,13,20,16,14,15,18,10,14,12,20,14
14,19,13,16,17,12,10,16,14,17,18,11,13,16,15,13,18,18,13,12,12,14,13,12,13,17,10,11,12,15,20,12,11,16,11,16,20,14,16,17,17,20,19,14,13,16,15,18,13,18
18,17,18,20,10,14,15,15,11,10,18,11,20,20,15,16,19,10,13,10,20,12,14,18,20,20,20,20,20,15,13,14,20,14,20,17,14,13,19,11,16,19,15,17,20,15,15,15,15,14
17,14,17,13,16,18,20,17,14,19,15,10,12,12,14,18,15,13,20,19,12,19,18,18,11,19,15,18,16,17,14,11,14,16,17,15,11,13,16,20,13,19,20,14,10,15,18,15,18,12
11,18,11,20,20,18,20,12,11,11,19,13,15,18,20,16,16,18,19,20,16,16,15,12,19,11,11,10,12,10,17,11,15,18,13,20,12,10,20,15,19,16,15,10,16,18,15,14,17,11
16,15,10,11,12,17,14,16,14,13,17,12,11,14,13,14,20,11,18,13,20,13,11,20,15,15,10,16,10,16,11,17,13,14,19,16,18,10,13,15,17,10,12,11,17,16,17,17,11,15
11,13,19,20,16,17,16,12,16,20,15,12,17,12,16,17,11,19,19,14,14,10,20,18,20,20,16,16,12,13,18,10,14,20,18,20,15,10,12,13,20,12,12,17,10,11,11,16,13,17
10,17,20,20,16,16,14,15,10,13,10,16,14,15,19,14,16,18,17,16,14,11,12,15,16,17,19,18,13,16,17,10,18,15,20,20,17,11,12,11,13,19,17,16,12,14,12,16,20,10
11,18,16,18,13,19,12,10,17,11,18,16,13,20,11,16,14,11,12,13,17,17,17,20,18,13,13,18,13,13,16,11,19,17,14,13,15,11,11,20,10,18,14,17,13,15,11,17,20,15
12,13,11,16,18,15,15,11,15,19,17,19,17,16,10,12,16,12,17,13,15,19,12,12,17,18,11,13,19,18,17,13,18,11,14,12,11,17,14,13,20,15,12,20,16,12,11,16,17,13
15,20,10,11,19,19,20,17,19,15,16,19,14,10,19,13,11,15,19,13,14,19,12,10,20,19,10,14,14,17,11,20,20,16,14,14,10,15,11,14,18,14,11,14,13,13,10,10,20,16
15,12,11,16,19,15,16,15,19,11,20,14,18,18,18,16,13,10,11,16,13,18,14,10,15,18,18,10,19,19,11,20,11,20,15,19,12,18,12,14,20,17,10,12,14,14,20,19,16,12
14,15,14,17,20,20,17,11,10,12,16,12,16,14,10,13,16,13,13,16,12,14,15,19,14,16,19,12,12,17,12,11,12,16,20,12,15,17,12,20,15,11,13,13,16,16,14,12,11,19
17,19,20,15,13,14,19,16,14,17,15,14,19,20,15,12,12,15,17,20,16,13,10,15,12,19,18,16,13,15,17,18,14,11,20,15,11,11,11,13,12,19,18,19,10,13,20,20,19,17
16,17,17,11,19,18,14,14,12,17,12,20,12,16,12,13,19,16,11,10,19,11,14,11,13,13,20,10,20,12,13,13,15,10,11,17,11,13,11,12,19,15,15,10,15,14,16,10,18,11
14,13,11,11,14,16,10,14,16,20,15,10,15,17,18,18,11,15,20,11,10,19,10,10,20,12,13,14,13,11,15,19,19,13,15,14,17,12,16,12,12,18,15,20,20,19,16,20,12,17
18,18,16,13,19,17,19,13,18,13,11,14,12,20,15,15,14,11,17,18,17,18,13,13,14,12,17,12,20,18,17,19,18,15,17,20,18,11,15,14,10,16,20,13,15,13,17,16,16,17
18,17,15,17,20,18,11,12,11,20,14,11,10,19,16,20,19,18,12,12,16,15,19,12,11,18,11,20,14,14,16,20,20,18,14,12,17,12,15,12,13,20,19,18,14,13,12,14,16,19
17,16,16,16,16,16,11,18,12,20,14,16,12,10,17,15,11,14,17,12,20,14,14,18,10,10,20,11,12,16,20,11,20,11,17,16,17,14,19,16,15,18,14,15,17,19,11,13,15,14
12,11,10,11,10,12,12,12,15,13,12,13,20,15,13,16,12,20,15,16,15,17,11,13,10,14,14,12,15,12,13,19,16,17,11,20,18,20,13,12,13,17,18,12,11,12,16,20,20,15
18,13,13,14,14,12,18,18,11,11,19,15,16,15,19,19,17,12,12,13,20,12,18,19,19,11,12,20,16,11,11,19,11,18,20,12,10,15,17,16,10,11,15,10,17,13,20,20,12,12
10,20,11,18,11,18,11,20,19,11,10,10,11,18,19,17,19,12,15,12,12,17,20,12,20,20,13,14,18,15,18,13,12,13,18,17,10,17,12,15,18,10,10,15,13,20,12,20,11,11
18,10,12,15,15,17,17,11,18,11,17,11,19,16,19,13,15,11,17,14,15,13,15,15,13,16,19,18,15,16,17,12,16,19,17,15,19,18,14,10,12,13,16,18,14,12,13,20,20,19
16,20,12,18,20,11,18,11,16,12,18,10,16,11,14,15,16,17,19,15,10,17,10,20,17,12,13,16,20,17,10,11,18,10,13,18,12,18,20,19,19,16,19,16,10,12,17,12,15,20
12,15,17,13,15,10,16,17,14,10,10,19,11,14,18,14,16,14,17,12,12,15,14,16,16,17,12,11,14,20,13,12,13,20,10,14,16,15,16,16,20,20,12,12,11,19,16,13,10,20
19,19,13,16,13,17,10,11,15,16,19,14,10,12,12,10,20,15,18,17,17,10,18,10,19,17,19,17,20,11,18,11,17,12,14,15,16,12,12,19,12,18,12,18,10,18,11,14,19,11
10,13,17,15,11,19,18,20,17,18,10,14,11,18,18,14,10,16,15,12,13,14,15,20,10,10,17,15,18,19,12,10,10,12,11,16,10,16,17,14,18,18,20,19,12,18,13,14,16,18
10,16,13,19,17,12,13,20,16,12,18,18,18,13,11,20,19,13,17,20,10,11,13,14,16,16,10,16,11,12,15,20,12,11,18,10,16,12,10,13,12,17,19,20,10,14,16,18,15,12
19,13,17,15,10,13,12,16,15,19,10,11,18,10,17,12,16,14,16,11,16,19,13,10,14,16,18,11,14,12,12,17,12,11,14,20,16,20,18,17,19,11,18,16,17,10,16,20,15,17
10,14,16,15,19,20,15,16,18,16,20,18,12,10,13,14,18,19,18,13,15,17,19,10,19,10,13,19,20,16,13,11,13,15,10,11,12,20,11,11,14,15,10,17,13,15,18,11,20,20
19,13,14,16,13,15,14,16,17,19,10,16,10,16,14,12,15,11,16,14,14,15,14,12,12,20,15,11,17,11,20,20,18,13,20,12,10,18,15,15,15,17,16,12,20,17,14,16,15,11
10,17,16,14,17,16,15,11,17,13,10,17,12,20,12,18,20,15,20,10,18,11,18,18,20,15,13,12,16,12,14,15,16,13,12,16,11,11,17,18,13,17,14,13,12,11,12,12,14,15
11,17,20,11,18,14,11,13,13,11,18,16,13,20,16,13,17,10,20,17,19,16,19,10,19,13,11,10,12,12,17,10,11,10,10,13,11,20,17,12,12,12,18,10,13,19,14,11,13,19
20,16,19,16,20,15,19,13,11,20,18,13,20,20,10,11,18,18,10,16,12,18,14,14,10,17,19,13,13,12,10,18,20,17,16,12,18,13,10,17,14,10,12,16,11,17,11,15,15,14
20,10,20,10,14,20,14,13,15,20,10,11,16,20,10,10,17,15,17,14,20,19,15,17,10,13,16,15,15,18,16,16,16,10,20,12,14,14,18,16,18,16,11,16,19,20,12,17,20,16
16,15,11,20,11,15,12,13,12,19,11,17,12,16,11,10,15,14,20,17,13,16,13,18,13,10,16,13,13,14,13,14,15,17,12,16,19,18,16,12,13,13,15,14,14,15,17,18,18,17
12,13,10,19,15,13,14,15,12,19,19,11,17,11,19,14,11,13,19,15,19,11,14,12,15,11,11,20,19,10,17,10,12,19,15,20,15,12,20,15,20,10,16,16,20,15,11,12,10,16
16,10,16,16,17,12,17,18,10,15,12,16,14,18,14,13,14,17,20,10,13,19,18,13,15,13,12,14,14,17,17,10,17,10,17,20,19,14,11,16,15,14,10,17,15,18,18,16,13,20
13,17,13,11,20,19,20,14,17,17,14,14,13,12,11,11,10,14,12,13,18,16,14,15,11,20,11,16,17,14,20,13,15,12,13,17,15,20,13,15,10,10,15,15,13,13,10,11,13,20
11,16,14,11,13,12,18,10,14,19,19,11,11,16,19,11,16,13,14,18,10,17,19,10,18,17,17,15,18,13,12,18,17,19,17,11,18,15,18,10,14,12,16,14,12,19,20,18,20,15
17,11,13,19,17,17,13,17,11,16,20,11,14,11,16,14,14,12,11,17,18,13,17,16,10,11,16,14,13,20,15,17,10,14,17,15,16,11,18,18,11,20,16,19,20,15,19,20,20,15
12,16,20,16,13,18,19,19,16,10,12,18,12,18,12,18,13,20,11,19,12,18,20,17,14,12,16,18,20,13,16,15,11,20,12,16,13,19,15,12,20,12,20,20,16,20,20,10,20,20
16,14,18,16,11,11,18,17,13,10,12,17,16,13,14,10,14,16,18,16,14,19,19,19,15,18,13,17,16,17,14,14,15,10,11,10,20,19,14,16,12,19,18,13,12,19,14,18,20,13
11,12,10,14,20,15,16,10,20,17,20,20,12,12,13,11,12,13,17,16,14,20,16,17,17,14,15,15,16,19,18,12,16,16,14,12,12,18,14,13,15,13,12,14,19,15,14,13,14,15
16,13,16,16,12,11,19,18,10,15,12,14,10,18,19,11,14,19,13,15,17,11,19,16,20,16,15,11,13,11,13,11,17,12,19,12,12,15,12,10,18,12,15,13,19,17,13,16,11,11
16,14,19,15,15,16,12,14,10,10,20,20,16,16,20,17,12,18,19,13,10,19,15,12,14,18,13,10,15,12,20,17,17,10,17,10,10,18,12,11,16,13,17,10,11,12,15,17,18,15
12,20,12,11,19,20,13,18,11,16,19,20,13,11,15,17,13,16,19,13,16,19,17,16,18,12,20,18,18,19,19,10,18,13,20,10,19,19,10,13,14,18,11,14,17,19,18,11,17,11
19,19,14,10,12,10,17,15,10,14,20,16,15,20,10,14,17,13,10,18,15,18,18,19,15,17,12,11,12,13,18,13,14,12,18,18,19,11,18,14,19,15,10,10,11,12,10,16,15,19
13,16,13,19,12,13,15,20,18,16,19,19,13,18,10,17,18,13,17,18,17,17,11,15,17,11,16,10,18,20,18,11,20,10,16,15,11,12,20,12,20,17,10,11,12,16,10,13,13,17
10,20,14,13,19,12,17,17,20,17,11,15,11,15,18,19,18,10,14,18,15,18,17,18,14,20,10,17,20,12,11,18,12,19,20,20,19,11,16,10,18,20,18,18,14,16,14,15,17,11

The sequence dependent setup time of each job processed on machine 3.
(Where rows denote jobs: 1 to 50 and columns denote jobs: 0 to 50.For example:The value of Sijk is in row j,column i+1.)
18,12,15,12,18,14,17,20,19,17,18,12,16,20,19,11,16,15,12,14,12,15,19,10,17,17,17,16,18,16,17,16,17,12,15,12,16,10,19,19,12,13,10,13,20,10,10,11,20,13
14,20,18,16,17,16,17,17,14,18,19,12,13,11,13,19,14,11,12,10,17,11,11,12,16,20,18,14,18,19,10,14,18,16,16,15,13,11,14,13,17,14,20,10,11,11,17,10,18,18
15,19,16,17,18,12,18,20,17,16,15,12,18,20,10,15,19,16,19,14,17,15,12,14,11,11,11,15,17,20,19,18,14,20,14,16,13,13,10,14,18,13,13,10,19,19,19,18,10,20
14,18,11,10,11,18,15,13,12,12,14,12,14,19,15,10,15,17,18,15,19,13,20,20,19,13,12,14,18,14,19,19,13,11,11,13,14,16,20,10,11,20,16,13,16,12,13,17,15,18
15,10,18,11,16,16,10,17,10,16,14,18,14,14,12,15,10,20,19,18,20,18,20,20,15,19,11,13,19,10,15,16,18,10,13,19,19,20,19,11,20,18,11,15,12,15,14,18,12,20
11,11,10,10,18,15,10,17,18,19,15,16,12,13,14,15,19,13,17,17,12,17,10,15,15,20,11,10,15,15,12,17,14,17,13,20,20,12,11,14,11,11,20,14,14,10,14,19,12,20
12,11,12,14,14,13,16,16,15,12,18,19,20,10,18,18,19,12,18,12,18,20,11,20,19,19,19,20,19,20,11,15,17,18,14,16,13,10,11,19,16,11,17,20,12,11,18,13,20,12
18,11,13,16,12,18,16,18,15,20,18,11,13,13,11,14,11,10,20,13,18,12,17,10,13,15,18,18,20,10,15,12,17,11,15,17,10,16,14,10,17,14,19,15,20,19,20,18,17,15
11,20,16,11,15,10,20,16,15,16,13,11,15,12,11,16,19,20,14,13,20,10,16,19,16,13,15,19,10,12,19,18,13,17,17,12,10,19,18,16,11,19,15,19,11,17,17,20,18,17
13,16,15,17,19,19,15,14,12,15,18,13,15,10,14,19,13,13,15,10,15,17,18,15,17,20,14,12,15,10,11,17,11,15,20,17,14,11,12,17,13,10,13,10,14,10,12,16,20,17
14,16,14,15,17,18,19,14,10,17,13,11,18,11,16,18,17,17,11,16,13,19,19,16,16,11,20,19,18,18,14,18,16,12,10,10,13,14,16,16,11,20,17,12,14,12,20,19,15,11
14,11,13,20,10,12,19,13,12,19,18,20,10,15,17,15,18,17,15,17,14,20,15,18,17,10,17,12,15,19,13,14,15,10,10,11,18,15,12,16,12,11,18,13,15,19,16,19,10,18
16,20,18,12,13,19,17,16,15,14,20,17,13,10,14,11,15,18,19,15,13,20,11,10,18,13,10,15,16,16,17,16,18,11,17,14,10,17,18,11,19,13,17,16,15,19,17,10,10,10
15,19,11,15,20,13,14,14,20,13,15,20,11,17,15,16,15,15,10,15,10,11,12,15,20,11,17,12,10,15,11,11,17,19,10,14,15,17,10,13,16,10,18,13,11,17,16,10,13,13
11,14,11,16,20,18,18,19,11,18,20,14,15,17,20,12,12,15,14,14,19,16,19,10,15,12,14,16,18,13,13,14,20,13,11,10,13,15,11,19,12,19,16,18,16,13,17,11,15,10
16,16,14,18,11,13,15,20,13,17,12,16,18,18,15,19,20,16,17,10,18,20,13,14,16,14,12,12,18,19,18,15,15,17,15,12,11,14,14,11,18,10,15,12,19,16,20,15,11,15
10,20,20,11,20,14,19,17,12,17,11,18,16,16,13,16,16,18,14,12,17,11,16,14,11,15,17,19,17,12,20,11,14,16,14,20,13,12,15,11,10,17,19,14,12,14,13,14,20,19
12,17,18,13,19,11,18,13,19,17,20,13,18,13,10,17,20,11,19,15,17,14,17,12,17,17,19,20,19,13,19,12,18,16,16,20,14,14,16,11,18,11,15,10,12,12,16,13,19,17
20,17,11,16,16,12,15,14,12,14,10,12,10,16,18,11,18,10,12,10,11,19,20,11,15,10,18,12,16,12,17,17,19,16,19,18,20,10,16,19,14,10,18,17,18,19,13,12,20,11
16,13,13,18,14,16,17,20,11,11,16,15,16,19,14,15,13,19,17,10,11,16,16,10,10,12,15,19,18,11,12,19,11,18,15,16,13,13,15,16,17,20,17,14,17,11,19,18,16,18
11,12,18,12,15,13,20,15,19,19,17,20,19,19,16,16,14,19,20,12,14,10,18,14,12,14,14,17,12,13,20,18,19,19,17,16,10,15,16,12,10,14,13,10,16,17,20,19,11,19
11,14,13,19,16,20,16,17,10,12,20,10,12,15,18,15,14,12,10,18,11,16,18,10,17,15,11,10,20,14,17,20,15,17,11,10,20,18,13,16,10,11,10,10,12,18,18,20,18,19
15,14,10,14,19,13,18,11,15,10,17,18,17,11,16,20,14,14,15,12,18,11,16,17,19,12,20,10,17,17,14,13,19,17,14,20,15,17,18,20,16,19,11,13,14,11,11,16,15,11
17,20,20,15,12,20,19,12,15,12,13,12,16,17,16,14,10,16,18,19,15,17,19,11,19,10,14,18,15,20,12,13,11,17,14,18,13,20,18,10,14,17,14,20,17,12,20,12,13,11
16,20,10,13,19,16,20,13,15,13,12,17,11,13,18,13,13,20,11,18,14,15,12,15,11,20,19,20,14,20,15,15,18,16,10,10,15,16,17,12,18,15,13,11,14,14,15,20,13,20
10,12,13,12,15,11,20,18,14,10,12,18,19,15,10,10,18,11,13,14,16,13,14,11,14,10,18,20,13,20,18,13,20,13,16,12,17,12,20,14,15,15,12,11,16,11,10,17,18,11
20,16,19,10,20,12,13,13,12,17,17,18,17,11,10,15,18,20,17,12,18,10,20,10,16,11,14,10,18,15,18,12,10,16,11,13,12,19,14,12,11,18,12,10,20,12,13,13,16,15
14,12,13,11,14,12,14,20,19,19,15,15,11,12,16,13,16,18,14,15,15,17,19,12,15,11,15,13,12,12,13,14,16,11,17,17,15,12,13,12,19,20,15,10,13,16,15,11,13,12
13,20,16,12,19,14,16,18,17,14,14,10,11,19,12,19,20,19,18,20,12,11,15,14,19,17,13,13,19,13,15,12,20,18,15,10,16,10,13,19,10,16,16,12,17,10,12,14,20,18
11,15,18,10,12,12,19,14,15,19,11,10,15,14,12,12,12,18,12,13,14,13,10,13,13,17,14,16,16,11,17,20,15,19,11,10,16,10,17,16,19,20,13,17,15,13,18,18,15,16
15,11,16,17,18,12,17,16,14,13,13,15,11,19,17,15,12,10,19,10,19,18,19,11,14,19,16,13,15,10,18,16,13,18,13,12,14,17,16,12,17,17,13,15,16,14,18,16,11,14
10,18,11,14,20,16,18,12,16,11,10,14,20,20,10,12,16,14,13,12,13,11,18,11,18,15,11,19,12,18,14,12,11,19,14,19,20,12,19,13,18,17,20,17,10,17,16,20,18,11
10,20,13,11,17,17,11,14,18,19,15,18,15,10,16,14,12,18,11,11,12,13,10,12,10,17,14,19,13,20,16,17,13,20,15,10,16,18,10,15,17,10,14,10,14,18,18,20,14,11
10,14,12,14,17,16,17,16,12,15,10,17,11,13,20,14,15,16,17,20,14,10,18,10,14,12,13,10,14,10,10,17,20,12,14,11,20,16,10,19,10,16,10,16,14,15,16,15,17,19
14,12,11,13,17,12,13,13,19,10,18,11,14,14,11,16,15,18,13,12,20,16,19,15,15,17,10,18,20,11,12,17,13,19,19,20,15,10,11,17,18,18,11,16,15,13,11,12,14,13
19,17,17,20,12,15,14,18,17,18,18,12,13,18,18,18,11,14,18,20,17,15,18,14,16,14,15,16,19,14,10,18,14,14,19,20,12,10,12,12,17,11,10,14,20,14,15,20,15,13
10,17,11,18,11,17,16,10,10,18,15,19,14,20,12,11,18,12,13,18,10,20,16,20,17,16,18,18,10,17,19,11,18,15,13,12,16,17,15,12,18,13,11,20,20,18,12,16,18,17
18,14,11,12,10,20,20,10,11,13,18,16,15,17,15,18,15,10,10,13,14,16,17,17,20,12,13,19,15,15,10,10,17,13,15,14,11,11,15,10,20,18,12,19,12,12,13,15,17,10
19,11,19,14,12,10,11,16,19,17,13,14,11,17,14,16,13,19,17,16,15,12,12,11,11,20,15,17,18,11,19,10,10,20,15,10,12,17,14,14,13,13,15,14,11,16,12,20,20,15
13,15,13,20,14,12,11,11,16,20,16,10,18,20,11,20,15,11,18,12,16,20,19,20,10,20,17,12,18,20,17,20,20,12,17,18,19,15,19,15,12,10,16,12,19,16,11,13,10,19
12,13,15,16,16,14,16,14,12,16,12,13,10,18,12,14,15,13,18,18,15,13,15,12,13,20,16,17,11,19,12,13,15,15,13,15,11,12,10,18,20,15,18,16,18,15,18,10,16,11
18,12,18,12,20,17,12,17,16,10,10,18,10,18,11,16,20,19,13,19,19,16,18,19,15,18,18,17,16,15,19,14,17,10,20,20,19,18,12,11,17,10,15,16,11,10,19,18,18,12
19,13,15,16,11,17,15,10,20,11,18,18,14,13,19,20,19,19,15,17,16,13,14,18,13,10,12,18,17,18,14,14,15,18,12,10,17,17,20,19,13,18,20,17,19,16,11,19,20,10
15,15,15,18,12,12,20,13,18,15,20,10,12,11,14,15,15,12,14,16,11,13,14,20,16,19,17,14,15,14,18,17,10,11,18,19,13,18,18,14,19,14,19,17,18,16,16,14,18,16
15,18,15,14,18,20,13,18,12,10,18,17,17,17,12,15,10,20,11,19,11,13,18,14,20,14,13,18,16,13,16,17,10,18,13,16,16,14,16,11,10,12,13,16,20,18,19,16,10,10
13,15,16,20,13,18,20,20,10,10,16,15,14,12,20,18,20,18,20,10,14,18,10,10,17,12,14,13,10,18,12,20,16,15,12,19,20,13,17,19,19,20,19,14,18,16,11,19,14,16
18,14,11,18,11,20,17,20,19,15,16,16,11,12,20,13,18,18,16,18,13,12,11,15,13,13,15,11,20,18,17,12,20,20,16,13,12,10,15,13,16,15,13,15,20,16,11,14,12,12
16,16,10,13,16,12,15,20,13,19,14,15,15,13,17,13,12,10,16,17,11,11,13,20,10,10,15,15,17,11,11,11,13,20,18,15,12,18,17,13,18,15,17,15,20,20,18,20,14,15
18,12,12,18,18,18,18,17,11,11,16,19,19,13,13,18,14,10,13,19,19,17,19,10,18,13,15,12,12,16,19,11,18,11,18,19,10,15,14,12,14,14,14,17,13,10,15,12,15,15
17,13,11,11,15,13,18,11,16,19,15,12,18,11,19,10,17,10,15,17,13,10,15,19,10,14,16,13,18,13,19,13,12,15,12,20,16,19,10,10,14,18,17,18,14,15,10,20,14,16
15,16,11,14,11,19,11,17,15,17,16,17,12,17,10,18,19,20,11,17,14,20,16,13,14,20,20,20,15,14,15,11,17,18,14,14,13,19,11,16,10,15,15,12,17,16,17,10,10,15

The sequence dependent setup time of each job processed on machine 4.
(Where rows denote jobs: 1 to 50 and columns denote jobs: 0 to 50.For example:The value of Sijk is in row j,column i+1.)
12,17,20,11,14,19,15,11,19,20,20,16,11,18,12,15,11,10,11,15,16,17,18,12,19,17,16,20,15,18,20,14,10,19,11,12,15,14,10,12,15,17,18,20,11,20,20,15,17,11
11,16,12,19,18,12,15,16,16,15,11,16,10,12,14,14,20,14,10,15,16,17,13,17,12,13,17,16,18,18,13,12,12,19,18,15,12,20,16,10,15,13,11,14,20,11,11,10,20,13
20,18,11,20,20,14,20,20,14,11,11,18,16,10,15,11,19,19,19,15,17,10,14,13,17,14,19,11,16,11,19,11,19,19,13,16,18,11,12,16,17,16,14,19,12,16,15,10,11,11
18,12,16,18,11,14,11,16,12,13,13,19,18,11,12,19,13,20,12,13,15,20,15,18,16,20,10,18,10,16,14,11,11,13,18,15,11,15,17,17,20,13,19,20,14,12,20,16,16,12
16,20,15,15,11,19,18,12,17,16,15,17,17,17,18,20,17,19,13,13,15,15,12,19,10,11,20,11,15,16,15,13,10,20,17,19,12,12,14,13,14,14,10,18,16,20,13,15,10,19
17,14,10,11,18,17,14,17,19,16,16,13,20,10,11,12,10,12,12,14,10,10,10,18,19,13,17,10,10,16,17,10,15,20,20,10,16,17,14,20,15,14,17,19,13,20,18,20,13,16
13,15,11,14,10,14,12,13,10,18,13,13,16,11,20,10,18,12,18,16,11,14,12,10,13,19,16,15,18,11,11,16,17,19,18,13,14,11,10,18,17,16,16,19,18,15,20,19,19,15
12,15,12,12,20,17,10,18,16,17,20,15,17,12,14,16,20,11,17,10,14,15,11,15,12,19,17,20,13,19,16,12,10,12,12,15,11,13,14,18,12,10,13,19,15,12,13,17,19,18
15,18,16,16,15,14,18,11,10,15,15,16,19,10,17,20,20,12,19,20,14,14,11,15,12,12,17,10,10,12,12,17,13,13,17,19,15,19,12,18,19,11,14,16,13,16,20,10,16,18
20,10,14,18,19,11,12,17,10,14,20,20,18,18,16,14,16,10,14,18,20,11,19,20,20,13,14,15,12,20,16,12,12,12,13,14,18,20,18,10,10,18,14,16,12,15,10,13,17,11
15,16,11,11,17,15,12,17,18,15,14,20,18,16,19,15,15,17,18,16,10,10,12,14,11,11,14,18,10,11,12,11,12,16,14,10,17,16,19,11,15,14,17,11,19,12,17,20,18,12
19,11,18,18,17,18,12,11,11,20,13,16,20,17,11,10,20,11,18,13,20,12,20,13,18,13,19,18,14,20,10,14,12,12,15,14,19,16,16,10,13,19,19,11,19,15,10,16,18,12
11,17,19,14,12,18,15,16,20,15,14,19,17,20,13,12,18,16,20,15,17,10,12,14,10,10,10,16,10,20,17,11,16,14,20,11,10,12,17,16,17,11,12,12,12,10,20,17,17,13
10,11,18,19,17,15,20,15,12,13,11,14,10,18,16,14,14,17,19,18,19,19,14,16,13,17,16,14,18,16,17,12,15,15,15,19,20,17,17,13,14,10,18,20,13,10,20,20,18,13
12,11,16,16,12,11,18,17,20,13,13,11,19,14,11,15,18,20,11,16,19,15,14,14,16,10,20,10,10,17,11,15,19,20,15,13,11,12,15,12,20,17,20,16,12,12,15,19,14,19
19,18,13,19,20,14,19,13,16,19,10,16,20,20,12,15,16,16,19,11,20,16,18,17,18,19,13,13,12,17,12,12,13,16,10,11,11,11,18,15,12,15,16,15,18,11,20,20,13,15
20,19,20,18,15,12,16,10,12,18,13,15,19,14,14,10,10,14,14,20,16,20,15,16,13,14,11,10,16,20,11,19,19,20,10,17,12,10,10,19,10,19,14,14,16,18,11,15,19,14
14,19,16,16,12,10,19,13,15,15,19,14,12,20,17,18,18,10,14,19,15,17,13,10,12,10,12,16,15,13,13,14,20,12,10,17,16,16,11,15,11,12,12,15,13,16,13,19,12,15
12,12,20,11,12,10,17,10,17,16,18,12,20,20,18,12,15,14,16,18,11,17,10,11,15,17,15,20,12,14,15,11,19,16,20,15,11,10,16,19,13,15,18,20,18,18,11,16,16,10
11,19,11,17,13,12,14,17,20,15,15,17,14,16,18,16,10,19,16,17,17,10,20,19,13,14,19,11,14,15,17,10,17,15,14,20,10,19,20,16,10,10,18,13,16,20,16,14,19,17
15,18,14,18,16,13,11,19,15,11,15,12,19,14,13,11,19,18,16,18,13,14,20,12,20,13,17,14,10,20,16,11,15,14,13,18,19,18,10,11,13,18,11,16,11,10,14,10,19,10
12,12,19,12,18,16,19,13,17,10,13,19,15,18,19,11,20,18,18,18,19,20,19,19,10,10,18,18,17,20,18,10,18,12,10,16,13,12,13,15,10,17,11,15,11,10,17,15,20,13
12,10,19,17,20,20,18,20,16,13,19,20,18,12,20,19,17,20,12,11,15,15,12,17,12,11,20,12,16,14,16,13,18,17,13,18,14,19,11,17,15,16,14,17,12,14,18,15,14,18
15,16,20,11,16,13,15,13,11,14,11,11,20,20,18,13,15,15,11,19,13,11,15,12,16,15,15,11,18,16,11,11,19,20,14,15,17,18,19,12,15,14,11,19,20,20,17,13,18,12
18,14,15,12,11,20,13,17,12,11,15,17,11,18,19,15,20,10,10,17,14,20,13,20,18,15,11,19,16,17,10,20,12,20,13,17,20,20,14,14,15,15,14,11,14,11,10,12,13,14
18,15,20,20,18,18,12,12,10,19,15,17,18,15,10,14,15,18,10,14,18,17,13,14,12,10,13,20,18,13,18,19,18,12,15,19,17,13,14,13,20,14,16,16,20,10,18,18,19,13
16,15,15,17,20,18,17,11,14,15,11,11,17,12,16,12,10,17,15,13,15,16,11,19,12,19,18,12,18,14,18,12,13,16,13,16,20,14,19,17,14,17,12,19,13,13,17,19,20,12
19,14,10,15,16,11,18,14,16,19,16,14,20,16,18,12,16,19,12,19,12,10,13,12,14,12,20,16,20,18,17,18,17,17,15,12,19,16,19,20,19,18,12,20,20,20,16,16,12,12
15,10,16,16,20,11,10,20,16,18,20,12,18,14,13,18,15,11,16,15,18,14,16,18,17,17,17,19,12,10,13,11,13,17,20,19,15,12,17,14,17,19,15,12,13,16,14,14,15,14
17,20,19,14,19,10,20,10,18,16,18,15,14,12,13,17,16,19,10,18,19,11,13,13,20,20,10,20,11,12,19,20,16,11,18,17,13,19,20,16,20,17,18,10,15,20,15,11,20,19
18,18,19,11,13,11,14,16,10,18,18,14,16,16,14,15,12,10,17,20,13,16,18,16,19,15,19,16,11,13,12,20,20,17,20,10,16,17,12,18,12,10,16,15,15,14,15,10,20,11
20,16,16,13,13,11,13,16,12,17,11,19,11,19,18,10,10,17,12,17,11,19,13,14,18,20,17,17,16,15,15,17,10,10,15,17,14,11,10,16,11,10,10,18,16,11,14,14,15,12
18,15,15,16,10,19,20,11,14,18,17,20,14,10,12,17,14,18,19,15,11,16,14,16,16,20,14,18,10,18,13,12,12,12,14,15,15,17,12,15,16,14,14,16,13,12,10,12,15,19
14,18,20,18,12,14,15,18,11,19,14,11,18,15,12,17,11,20,19,20,15,15,19,13,10,14,15,10,16,15,12,20,16,19,13,13,10,10,16,13,16,11,16,14,12,18,13,20,18,17
10,13,15,20,13,10,17,20,17,13,20,14,14,18,11,12,19,18,11,16,14,18,19,20,13,12,13,14,20,12,12,20,20,13,15,17,15,12,13,14,11,17,11,13,12,14,12,10,13,17
18,18,13,15,15,20,18,20,12,13,14,13,11,11,15,15,14,10,12,14,12,16,18,18,12,10,18,18,12,20,16,15,14,16,20,14,20,10,19,17,13,18,20,17,13,11,13,11,20,20
13,17,13,14,18,11,16,17,14,14,18,10,17,20,13,16,13,10,11,20,20,10,14,18,16,10,13,12,19,15,16,17,15,10,15,15,13,14,15,10,14,19,15,19,18,19,13,18,16,15
12,19,13,11,14,17,13,20,16,19,19,18,17,11,11,20,18,13,16,13,10,14,12,18,11,18,19,13,17,17,12,12,16,18,15,20,20,10,14,16,18,15,10,10,14,12,19,16,13,18
20,10,16,12,18,14,20,17,19,10,10,15,13,19,20,17,18,11,17,11,11,16,18,17,18,17,17,15,14,10,19,20,18,20,15,20,17,11,14,13,16,19,18,16,17,11,15,16,13,10
15,14,13,13,17,11,12,14,11,10,11,13,20,13,12,14,19,13,20,20,20,19,17,14,13,14,11,16,11,15,18,16,11,14,18,11,16,17,11,18,10,19,16,15,14,15,17,13,14,11
16,18,20,17,14,12,12,11,10,14,12,14,18,17,11,18,18,17,13,13,15,18,11,19,14,20,18,18,10,18,20,15,14,10,16,15,13,10,10,16,15,19,18,19,19,11,11,17,14,15
13,19,10,14,20,15,13,10,10,19,11,15,12,20,19,14,13,12,16,13,20,13,14,11,13,10,19,17,19,16,20,12,20,14,20,20,15,16,19,12,13,14,20,13,17,19,14,17,13,20
17,20,19,10,16,16,17,16,19,16,11,11,13,19,19,18,20,16,11,12,11,12,13,16,15,17,16,20,12,16,13,17,11,18,19,16,20,12,18,14,18,19,13,11,11,14,14,17,17,18
14,11,17,10,19,17,19,17,12,13,17,17,14,20,10,20,13,10,15,15,16,18,19,10,20,15,18,13,12,20,20,11,13,10,14,14,18,15,14,10,14,11,11,13,14,14,18,19,17,18
16,14,14,15,11,15,17,12,12,10,18,14,13,19,10,14,15,13,20,10,11,18,12,10,17,20,16,12,18,19,12,20,18,11,15,20,20,19,17,12,12,20,17,16,14,15,20,18,12,10
15,16,11,18,11,12,10,14,16,15,19,17,16,15,14,17,19,15,11,12,10,15,16,17,11,18,12,11,18,15,17,19,14,11,14,11,11,16,11,12,18,15,10,15,17,19,17,16,17,15
10,10,19,20,13,19,11,20,20,19,11,16,10,20,11,16,11,17,18,12,16,14,20,15,20,15,12,16,15,11,16,14,17,20,18,20,12,20,12,14,13,18,17,11,11,15,20,10,11,20
15,15,19,12,18,15,18,15,20,16,11,11,16,16,11,13,13,18,14,12,13,13,20,12,11,15,10,20,12,16,19,19,19,12,10,13,15,20,13,15,14,13,12,11,13,19,10,10,16,10
16,20,18,15,12,18,15,19,11,19,15,15,19,13,18,10,17,18,10,19,13,20,20,14,11,19,18,19,12,19,17,13,14,20,10,13,19,19,10,13,19,13,16,18,20,19,18,18,20,19
12,16,16,10,11,13,14,15,18,12,16,13,19,10,11,11,15,16,11,16,14,14,16,18,13,12,18,13,20,10,13,10,15,14,15,10,11,17,20,12,17,13,11,19,11,14,14,11,17,14
20,11,14,19,19,19,12,20,14,16,14,18,15,20,20,19,19,12,11,19,11,19,20,12,17,16,17,14,11,10,19,16,17,18,19,15,10,16,12,18,18,20,12,12,17,18,13,14,19,11

The sequence dependent setup time of each job processed on machine 5.
(Where rows denote jobs: 1 to 50 and columns denote jobs: 0 to 50.For example:The value of Sijk is in row j,column i+1.)
10,20,15,15,14,18,11,11,12,12,12,18,12,20,20,18,12,12,18,15,13,18,10,15,13,11,14,12,18,18,20,12,10,15,13,11,17,20,13,19,18,13,16,18,13,19,14,19,16,20
18,14,20,10,12,10,16,15,10,14,13,17,20,10,14,17,15,10,19,17,19,15,13,20,13,10,13,17,12,14,17,14,17,19,10,16,13,16,19,15,17,10,12,20,12,18,12,17,20,10
16,10,18,10,19,20,16,11,15,18,13,14,16,18,19,14,17,20,13,13,12,10,11,20,10,13,14,10,13,10,13,15,20,11,12,20,15,18,13,18,17,11,20,11,11,15,19,12,10,16
16,18,15,12,10,19,20,15,12,11,12,18,13,12,20,15,15,20,19,17,13,11,14,18,13,13,11,11,18,14,10,18,17,11,15,18,12,12,14,13,20,18,19,14,10,12,12,20,16,19
18,16,20,13,14,19,13,15,20,17,19,14,10,17,11,12,19,12,10,11,19,13,10,14,19,11,13,11,19,16,11,17,15,18,14,11,17,10,10,20,13,17,18,14,19,19,10,14,15,15
14,13,20,12,14,15,15,11,18,17,13,15,16,16,17,11,15,13,17,12,14,10,10,12,14,11,20,17,12,12,17,13,12,10,13,11,13,11,18,12,16,15,10,20,20,20,19,16,12,18
13,13,14,14,17,13,20,14,19,14,11,12,19,14,20,19,18,13,17,18,14,19,19,14,16,19,18,17,19,11,19,13,14,16,19,18,17,18,19,14,11,18,15,11,16,10,18,15,20,16
18,16,20,15,14,19,16,14,16,12,14,18,20,11,13,16,20,15,11,16,18,15,15,13,20,18,15,10,18,12,11,18,14,18,17,19,20,12,20,13,19,20,12,10,16,17,11,13,12,16
13,17,15,11,19,18,19,16,13,18,11,11,19,17,11,16,17,14,12,19,10,19,11,13,12,14,13,15,11,20,17,17,13,12,13,14,20,10,17,12,18,16,17,13,12,19,19,11,19,11
11,16,20,17,13,12,17,12,16,11,18,10,19,20,14,19,12,14,16,15,12,13,16,16,14,17,15,12,18,17,15,20,10,16,19,18,10,12,13,19,11,11,17,12,20,14,16,19,13,20
19,19,15,20,10,16,15,19,12,14,12,16,18,16,16,16,15,13,10,13,19,17,10,10,20,13,12,14,17,16,19,19,14,11,11,16,15,20,19,13,11,15,15,14,20,12,18,15,16,13
11,16,20,16,12,10,14,19,16,14,14,11,13,17,16,13,14,17,19,16,20,11,17,14,11,16,20,15,20,16,17,12,12,14,16,10,17,20,16,12,17,13,12,12,19,16,19,20,19,14
13,17,14,13,11,13,20,20,16,20,10,20,18,16,19,15,20,18,12,12,11,18,15,11,15,12,16,20,16,13,17,13,13,13,10,17,18,11,20,18,20,11,18,15,20,16,10,10,19,16
20,17,14,20,10,15,15,10,11,10,17,17,10,15,16,20,18,13,16,13,14,13,13,19,19,14,13,17,19,12,16,18,17,14,18,13,16,19,20,15,17,19,17,11,11,18,18,18,11,12
12,14,12,15,14,12,14,11,13,16,13,17,17,18,11,13,14,20,20,20,14,20,17,14,20,17,12,11,16,15,19,18,19,14,13,14,14,16,12,20,20,10,16,10,20,13,13,10,10,15
11,17,11,18,11,15,17,12,13,19,17,18,11,12,14,10,15,20,19,20,17,18,14,15,14,14,18,17,16,13,20,11,20,16,17,10,12,14,20,11,14,12,16,12,17,17,18,19,15,15
18,15,17,19,20,11,13,17,14,17,19,20,17,18,12,13,16,13,11,13,17,17,15,10,19,18,13,15,17,12,14,12,11,14,14,16,16,18,17,17,14,20,14,14,20,16,15,12,15,11
14,15,12,17,11,20,16,19,12,20,20,20,13,14,18,12,16,13,16,19,13,18,15,13,13,19,14,19,13,17,16,16,11,10,12,18,19,15,10,19,19,18,18,18,20,16,20,17,17,13
14,13,10,15,14,10,13,15,19,16,14,12,13,20,14,10,15,20,19,14,17,10,12,20,13,13,13,12,14,16,14,10,15,10,14,18,13,18,10,16,20,16,10,12,17,15,19,19,11,14
12,13,20,15,12,14,19,20,13,12,14,15,13,19,10,19,14,20,16,17,14,15,18,10,17,16,10,10,20,13,12,18,20,13,19,17,18,20,13,20,10,15,16,13,19,13,10,10,16,15
18,13,11,15,15,19,14,10,13,19,18,14,19,18,12,14,20,16,11,15,14,15,15,10,14,10,11,15,20,14,20,12,16,13,15,18,12,10,19,10,18,15,19,17,15,16,20,15,12,15
18,12,12,10,11,16,18,14,18,19,18,20,16,11,20,20,10,18,10,15,10,14,10,11,12,18,17,19,15,11,11,11,13,17,11,20,13,17,17,18,13,18,14,17,16,16,19,14,20,16
10,14,15,11,15,18,14,13,18,18,19,15,14,13,14,12,13,13,16,10,20,17,16,17,14,10,14,16,12,18,20,14,12,20,17,19,18,16,10,17,18,18,18,12,11,19,15,19,19,20
13,16,17,17,14,20,19,17,16,16,15,18,20,15,15,12,14,16,11,13,19,12,14,12,11,16,20,16,12,15,12,19,12,15,12,19,19,19,12,12,18,16,20,18,20,19,13,20,20,14
13,18,16,18,17,14,13,15,18,15,15,19,11,11,16,14,15,20,14,16,18,13,12,10,16,16,13,18,15,20,17,15,15,16,16,14,17,16,19,14,18,11,11,13,15,20,10,18,17,12
15,18,13,10,20,14,13,18,15,19,14,18,15,18,20,13,15,16,11,17,17,17,20,18,11,19,13,14,20,19,14,15,15,10,17,19,11,14,20,15,12,18,10,20,10,18,18,17,13,16
13,12,14,20,16,14,18,11,14,12,17,11,10,14,18,12,18,15,19,19,11,12,13,20,11,20,18,10,18,15,12,19,19,20,15,18,15,13,12,12,16,19,17,19,14,11,12,18,20,14
16,20,19,11,17,17,14,13,18,19,15,11,16,19,14,17,10,11,16,11,11,17,15,11,14,18,18,12,10,14,16,18,18,13,20,14,18,20,16,11,14,14,17,17,11,18,13,10,20,18
18,18,16,19,15,10,13,20,12,14,16,20,11,19,15,16,14,15,20,11,10,11,19,20,15,20,18,20,11,14,12,14,10,11,11,20,19,11,11,13,16,20,18,11,16,16,19,18,10,10
12,10,18,10,13,12,12,17,10,16,10,19,16,10,18,17,19,13,12,16,12,18,13,16,19,11,20,17,17,15,15,11,10,10,12,20,18,17,20,20,18,10,10,10,13,11,17,17,19,18
16,17,14,16,19,17,17,10,17,14,15,15,16,19,17,12,20,19,15,18,17,16,20,12,20,14,19,12,14,13,18,20,16,19,15,18,19,10,19,17,14,19,14,18,13,15,10,20,19,19
10,12,16,14,11,14,20,14,16,11,20,13,19,16,13,13,12,10,20,16,15,10,13,12,16,11,16,11,10,15,20,20,14,12,10,15,18,18,19,12,20,19,15,16,10,18,14,13,15,10
20,10,15,17,18,18,10,19,16,19,17,11,11,16,18,10,11,10,19,20,16,17,19,15,19,11,12,15,19,10,17,20,15,12,15,19,12,17,18,13,15,18,10,14,15,12,10,18,17,13
18,10,20,20,16,17,15,17,19,19,12,15,11,13,18,13,18,20,15,19,19,16,20,12,15,14,20,17,13,14,11,19,15,10,17,16,11,18,14,15,14,17,10,17,16,16,10,19,10,17
16,11,15,11,11,17,18,19,12,18,15,11,20,11,16,19,14,12,13,13,18,16,15,11,10,19,17,18,16,19,16,10,15,17,16,19,12,19,15,19,12,10,19,12,15,20,18,14,13,14
16,18,20,15,10,14,19,17,16,15,14,18,16,15,19,18,10,17,20,18,19,20,13,13,10,12,16,17,10,18,13,19,19,12,16,12,18,12,15,19,15,12,16,17,13,17,12,17,10,11
13,13,12,15,12,10,18,18,19,18,17,15,19,19,19,17,18,19,13,11,20,17,19,16,10,17,13,12,13,18,17,20,12,19,11,14,18,15,10,16,12,17,11,20,10,13,10,11,16,13
12,16,14,13,10,18,14,18,10,14,14,10,13,17,10,16,12,11,15,13,12,14,18,20,20,11,18,10,18,10,10,11,17,18,20,14,19,10,17,11,15,13,15,13,18,10,11,19,18,19
17,15,16,14,16,20,13,14,16,17,14,10,14,20,19,20,16,10,16,16,17,20,13,12,15,13,10,17,19,11,17,19,12,16,15,15,13,12,11,20,11,10,17,14,16,13,10,10,11,16
15,11,15,13,17,16,17,11,12,14,11,17,20,16,16,11,10,20,10,11,20,13,13,14,18,10,18,12,20,16,13,16,12,16,14,11,10,13,15,16,18,18,14,19,16,10,20,19,14,15
11,20,10,16,18,17,17,20,12,13,15,14,18,11,14,18,15,10,20,12,15,14,15,20,12,18,10,16,19,13,17,15,12,14,15,20,20,13,10,20,17,12,17,17,13,12,10,15,17,12
10,16,12,19,11,20,15,12,20,19,14,10,11,17,19,20,16,18,15,10,15,14,20,14,12,19,20,10,13,13,11,13,12,13,14,20,17,17,16,13,16,17,17,10,10,20,10,12,10,20
12,19,14,18,15,13,15,20,10,17,13,16,17,10,14,19,15,15,17,11,10,15,11,12,15,16,12,11,20,10,13,13,13,18,20,15,18,14,16,13,12,12,11,20,18,17,20,19,18,12
19,10,11,20,12,12,20,17,19,12,19,12,16,10,15,10,16,15,10,17,10,16,15,15,20,20,15,10,17,14,12,14,14,18,12,19,11,11,11,11,18,12,11,16,11,19,18,10,10,20
12,11,18,11,19,11,16,10,18,10,16,15,15,16,12,20,13,17,14,19,10,19,13,17,16,11,19,13,11,17,15,17,17,14,18,14,13,15,20,14,18,19,11,14,10,15,15,20,12,17
20,12,15,18,10,12,16,16,11,20,19,16,18,10,10,20,10,20,16,20,12,14,13,20,15,12,15,11,10,20,10,10,19,20,18,17,17,11,20,20,20,19,13,12,15,13,17,15,20,16
15,12,16,12,11,16,13,13,15,11,10,19,11,10,13,11,10,16,10,13,13,11,20,17,16,18,19,14,19,15,15,10,17,19,18,14,11,11,11,20,19,10,19,14,17,19,16,13,11,19
20,17,12,10,11,11,18,11,19,19,14,13,14,11,10,15,17,13,10,10,19,20,12,18,15,15,16,12,20,15,15,12,12,20,17,14,18,11,13,12,13,16,14,16,11,20,14,20,20,11
16,19,15,10,12,19,18,13,16,15,17,19,11,11,17,11,13,11,19,16,10,16,19,15,10,14,11,19,17,18,20,13,20,13,13,20,20,18,20,14,11,19,11,20,14,19,11,11,10,12
12,13,19,16,20,10,11,18,19,15,13,17,17,20,13,10,10,19,16,10,13,18,13,15,12,18,12,12,10,11,11,14,20,10,14,17,11,17,12,18,19,18,16,12,10,20,19,20,16,20
17,19,12,11,12,10,16,19,19,10,12,18,13,16,19,17,12,13,19,10,17,16,15,10,18,20,20,11,20,11,16,10,11,11,16,17,18,16,16,10,15,18,12,12,16,14,17,19,19,11

