The number of jobs:
50
The number of machines:
5
The number of vehicles:
4
The number of workers:
5

The processing time of each order processed on different machines:
(where rows denote machines: 1 to 5 and columns denote orders: 1 to 
50)
35,27,27,27,22,31,23,29,28,39,25,20,24,22,24,23,31,40,38,37,24,34,38,37,24,26,31,34,40,33,23,26,23,24,37,24,29,39,21,32,24,22,24,37,25,40,28,23,26,26
31,28,37,28,21,32,21,29,33,22,32,24,20,29,37,32,26,25,39,33,35,23,35,36,30,21,31,38,21,33,23,22,36,25,29,22,27,23,28,34,38,24,36,25,37,27,21,37,29,30
24,36,37,36,37,29,26,35,24,27,32,24,28,37,37,24,24,32,30,21,37,29,20,21,25,20,28,32,30,33,40,40,29,20,24,32,30,29,37,26,20,31,26,38,20,38,23,32,30,29
24,21,30,23,36,36,26,22,30,30,31,20,24,24,28,30,20,32,30,34,27,34,28,27,22,34,24,27,27,29,26,25,27,40,24,38,35,30,38,28,33,29,38,22,26,35,38,30,30,40
27,22,31,22,37,22,33,38,26,40,27,31,34,23,25,20,30,40,28,29,25,30,37,33,32,33,35,32,29,39,25,39,29,40,20,31,34,23,39,28,27,22,27,33,33,30,21,22,39,34

The coefficient of each worker on each machine:
(where rows denote workers: 1 to 5 and columns denote machines: 1 to 
5)
1,1.5,1,0.75,1.25
1.25,0.75,1.5,1.5,0.5
0.75,0.75,0.75,0.5,0.75
0.75,1.5,1.5,1,0.5
0.75,0.5,0.75,0.75,0.5

The unit processing cost of machines:

10,6,10,6,7

The unit idle cost of machines:

4,4,2,3,3

The distance between each location:
(where rows and columns denote locations: 0 to 50)
0,54,75,101,91,76,97,60,67,99,111,99,115,54,36,113,62,75,56,73,115,103,95,38,107,99,89,120,78,68,118,104,85,62,122,33,60,98,70,103,48,95,82,60,79,94,100,54,32,72,48
54,0,38,54,86,29,151,14,109,46,63,153,118,7,82,115,17,21,20,51,169,154,128,16,157,110,41,66,110,70,68,137,134,76,176,74,7,52,106,153,97,55,96,113,35,146,153,76,31,31,11
75,38,0,77,57,16,163,24,139,55,40,170,89,45,109,85,21,42,21,19,180,159,162,48,181,86,66,61,144,108,49,125,138,61,188,79,40,78,138,158,104,20,77,127,11,169,164,68,43,8,49
101,54,77,0,134,61,197,60,138,28,72,196,166,50,119,162,61,36,69,96,216,204,145,65,190,161,13,49,129,77,71,191,186,129,221,127,47,5,129,204,148,82,149,160,68,182,201,130,85,70,54
91,86,57,134,0,73,149,75,157,112,84,163,32,93,126,29,73,98,67,38,164,135,187,88,186,33,122,114,170,148,94,82,115,34,173,73,92,134,161,134,92,61,33,120,67,172,148,47,69,64,94
76,29,16,61,73,0,169,17,137,39,35,174,105,35,108,101,14,27,21,35,187,168,157,43,182,102,50,49,139,99,42,139,147,75,195,87,29,62,134,167,111,26,92,132,7,170,171,79,46,9,40
97,151,163,197,149,169,0,155,85,196,202,22,153,151,84,154,157,172,149,153,18,29,114,135,63,133,186,216,110,142,211,94,38,116,25,84,157,193,100,30,60,182,120,37,170,50,7,104,123,163,145
60,14,24,60,75,17,155,0,120,45,52,159,107,21,91,103,3,24,9,38,173,155,140,26,165,101,48,61,122,84,59,132,135,69,180,74,17,60,118,154,98,41,88,118,22,154,157,71,32,17,25
67,109,139,138,157,137,85,120,0,148,172,72,177,105,31,175,123,126,119,140,100,108,34,94,53,159,130,172,25,66,178,146,101,125,102,87,113,133,15,109,81,159,141,64,141,48,92,114,97,135,99
99,46,55,28,112,39,196,45,148,0,44,198,144,46,124,140,45,24,54,74,215,199,161,61,198,141,24,25,144,94,43,177,180,113,221,119,39,32,142,199,142,56,131,159,44,189,199,116,76,48,52
111,63,40,72,84,35,202,52,172,44,0,208,114,68,143,110,49,51,55,54,220,198,191,78,217,117,66,33,173,129,9,162,178,99,228,119,61,76,169,198,144,24,112,166,32,205,204,106,80,39,73
99,153,170,196,163,174,22,159,72,198,208,0,169,152,78,170,161,174,154,162,29,51,98,137,42,149,185,219,96,134,216,114,58,128,30,93,159,191,87,52,71,189,135,43,176,30,28,116,128,169,146
115,118,89,166,32,105,153,107,177,144,114,169,0,125,147,4,106,130,99,70,165,133,208,118,199,20,154,145,192,176,123,69,116,52,174,89,123,166,183,133,102,92,36,130,99,184,150,62,97,96,125
54,7,45,50,93,35,151,21,105,46,68,152,125,0,79,121,24,22,27,58,169,155,123,16,154,116,37,68,105,64,73,142,136,82,176,76,8,48,101,155,98,61,102,113,42,143,154,81,35,38,6
36,82,109,119,126,108,84,91,31,124,143,78,147,79,0,145,94,101,89,109,101,99,61,66,75,130,108,147,46,59,150,123,87,95,106,58,87,114,36,99,58,129,112,51,112,64,89,85,67,106,73
113,115,85,162,29,101,154,103,175,140,110,170,4,121,145,0,102,126,95,66,166,135,207,115,198,21,150,141,191,174,119,72,117,51,175,88,120,162,181,134,102,88,35,130,96,183,151,61,94,92,122
62,17,21,61,73,14,157,3,123,45,49,161,106,24,94,102,0,25,9,36,175,156,143,29,168,100,49,59,125,87,56,132,136,69,182,76,19,61,121,156,100,38,88,120,19,156,159,72,33,15,28
75,21,42,36,98,27,172,24,126,24,51,174,130,22,101,126,25,0,33,60,190,175,141,37,175,125,24,46,124,78,54,156,156,93,197,95,15,36,121,175,118,52,113,135,34,165,175,95,52,34,28
56,20,21,69,67,21,149,9,119,54,55,154,99,27,89,95,9,33,0,31,167,148,141,27,162,92,57,68,123,88,63,123,128,60,174,67,25,69,117,147,91,40,79,112,23,150,150,63,25,17,29
73,51,19,96,38,35,153,38,140,74,54,162,70,58,109,66,36,60,31,0,170,146,166,56,178,67,84,80,148,118,64,108,126,45,179,70,55,96,141,146,94,31,59,119,30,165,154,53,43,26,60
115,169,180,216,164,187,18,173,100,215,220,29,165,169,101,166,175,190,167,170,0,33,127,153,69,145,204,234,125,159,228,102,49,131,9,101,175,212,115,34,77,199,134,56,188,60,16,120,141,181,164
103,154,159,204,135,168,29,155,108,199,198,51,133,155,99,135,156,175,148,146,33,0,140,139,92,114,192,216,133,158,207,69,21,104,42,81,160,201,123,1,57,176,104,48,168,79,23,94,123,161,150
95,128,162,145,187,157,114,140,34,161,191,98,208,123,61,207,143,141,141,166,127,140,0,114,65,191,139,185,18,68,195,180,134,156,127,119,130,140,25,140,115,181,174,97,162,68,121,146,123,157,117
38,16,48,65,88,43,135,26,94,61,78,137,118,16,66,115,29,37,27,56,153,139,114,0,140,107,53,82,96,62,84,128,121,71,160,62,22,63,91,139,83,67,92,98,48,129,138,69,22,43,11
107,157,181,190,186,182,63,165,53,198,217,42,199,154,75,198,168,175,162,178,69,92,65,140,0,179,181,221,71,119,224,151,96,152,67,113,161,185,65,93,96,202,163,69,186,15,70,140,138,179,148
99,110,86,161,33,102,133,101,159,141,117,149,20,116,130,21,100,125,92,67,145,114,191,107,179,0,149,146,176,163,127,52,96,37,154,72,116,161,166,113,83,94,17,110,97,164,130,45,85,93,116
89,41,66,13,122,50,186,48,130,24,66,185,154,37,108,150,49,24,57,84,204,192,139,53,181,149,0,48,123,72,66,178,173,116,210,114,34,12,122,191,135,73,136,148,57,173,189,117,72,58,41
120,66,61,49,114,49,216,61,172,25,33,219,145,68,147,141,59,46,68,80,234,216,185,82,221,146,48,0,168,119,26,187,196,123,241,135,60,53,166,215,159,53,138,178,51,211,218,128,93,57,74
78,110,144,129,170,139,110,122,25,144,173,96,192,105,46,191,125,124,123,148,125,133,18,96,71,176,123,168,0,53,177,168,125,140,126,104,112,124,11,134,103,163,158,88,144,70,117,130,105,139,99
68,70,108,77,148,99,142,84,66,94,129,134,176,64,59,174,87,78,88,118,159,158,68,62,119,163,72,119,53,0,132,172,144,126,163,101,70,72,55,158,111,125,147,110,105,114,148,120,80,102,59
118,68,49,71,94,42,211,59,178,43,9,216,123,73,150,119,56,54,63,64,228,207,195,84,224,127,66,26,177,132,0,171,187,108,236,127,65,74,174,207,152,34,121,174,40,212,212,116,88,47,78
104,137,125,191,82,139,94,132,146,177,162,114,69,142,123,72,132,156,123,108,102,69,180,128,151,52,178,187,168,172,171,0,56,64,111,71,144,189,157,68,65,138,51,85,136,136,89,61,107,130,139
85,134,138,186,115,147,38,135,101,180,178,58,116,136,87,117,136,156,128,126,49,21,134,121,96,96,173,196,125,144,187,56,0,84,58,61,141,182,115,20,38,156,85,37,147,81,34,74,104,140,132
62,76,61,129,34,75,116,69,125,113,99,128,52,82,95,51,69,93,60,45,131,104,156,71,152,37,116,123,140,126,108,64,84,0,140,39,83,128,131,104,58,75,21,86,72,137,115,12,49,66,80
122,176,188,221,173,195,25,180,102,221,228,30,174,176,106,175,182,197,174,179,9,42,127,160,67,154,210,241,126,163,236,111,58,140,0,109,182,217,117,43,85,207,143,63,196,59,25,129,149,189,170
33,74,79,127,73,87,84,74,87,119,119,93,89,76,58,88,76,95,67,70,101,81,119,62,113,72,114,135,104,101,127,71,61,39,109,0,81,124,95,80,25,98,54,50,87,99,85,27,43,80,73
60,7,40,47,92,29,157,17,113,39,61,159,123,8,87,120,19,15,25,55,175,160,130,22,161,116,34,60,112,70,65,144,141,83,182,81,0,45,109,160,104,55,103,120,36,151,160,83,38,33,13
98,52,78,5,134,62,193,60,133,32,76,191,166,48,114,162,61,36,69,96,212,201,140,63,185,161,12,53,124,72,74,189,182,128,217,124,45,0,124,200,145,84,148,156,69,177,197,128,83,70,51
70,106,138,129,161,134,100,118,15,142,169,87,183,101,36,181,121,121,117,141,115,123,25,91,65,166,122,166,11,55,174,157,115,131,117,95,109,124,0,123,92,158,148,77,139,62,107,121,98,134,95
103,153,158,204,134,167,30,154,109,199,198,52,133,155,99,134,156,175,147,146,34,1,140,139,93,113,191,215,134,158,207,68,20,104,43,80,160,200,123,0,56,176,103,48,167,80,24,93,123,160,150
48,97,104,148,92,111,60,98,81,142,144,71,102,98,58,102,100,118,91,94,77,57,115,83,96,83,135,159,103,111,152,65,38,58,85,25,104,145,92,56,0,123,67,28,112,81,60,46,67,105,94
95,55,20,82,61,26,182,41,159,56,24,189,92,61,129,88,38,52,40,31,199,176,181,67,202,94,73,53,163,125,34,138,156,75,207,98,55,84,158,176,123,0,88,146,19,189,183,83,63,24,66
82,96,77,149,33,92,120,88,141,131,112,135,36,102,112,35,88,113,79,59,134,104,174,92,163,17,136,138,158,147,121,51,85,21,143,54,103,148,148,103,67,88,0,95,88,148,118,28,70,83,101
60,113,127,160,120,132,37,118,64,159,166,43,130,113,51,130,120,135,112,119,56,48,97,98,69,110,148,178,88,110,174,85,37,86,63,50,120,156,77,48,28,146,95,0,134,54,41,74,86,127,108
79,35,11,68,67,7,170,22,141,44,32,176,99,42,112,96,19,34,23,30,188,168,162,48,186,97,57,51,144,105,40,136,147,72,196,87,36,69,139,167,112,19,88,134,0,174,172,78,48,7,46
94,146,169,182,172,170,50,154,48,189,205,30,184,143,64,183,156,165,150,165,60,79,68,129,15,164,173,211,70,114,212,136,81,137,59,99,151,177,62,80,81,189,148,54,174,0,58,125,126,167,137
100,153,164,201,148,171,7,157,92,199,204,28,150,154,89,151,159,175,150,154,16,23,121,138,70,130,189,218,117,148,212,89,34,115,25,85,160,197,107,24,60,183,118,41,172,58,0,104,125,165,149
54,76,68,130,47,79,104,71,114,116,106,116,62,81,85,61,72,95,63,53,120,94,146,69,140,45,117,128,130,120,116,61,74,12,129,27,83,128,121,93,46,83,28,74,78,125,104,0,46,71,79
32,31,43,85,69,46,123,32,97,76,80,128,97,35,67,94,33,52,25,43,141,123,123,22,138,85,72,93,105,80,88,107,104,49,149,43,38,83,98,123,67,63,70,86,48,126,125,46,0,41,33
72,31,8,70,64,9,163,17,135,48,39,169,96,38,106,92,15,34,17,26,181,161,157,43,179,93,58,57,139,102,47,130,140,66,189,80,33,70,134,160,105,24,83,127,7,167,165,71,41,0,42
48,11,49,54,94,40,145,25,99,52,73,146,125,6,73,122,28,28,29,60,164,150,117,11,148,116,41,74,99,59,78,139,132,80,170,73,13,51,95,150,94,66,101,108,46,137,149,79,33,42,0

The weight of orders:
13,11,14,14,11,15,17,11,12,19,16,20,12,15,13,11,20,19,15,11,10,20,18,16,17,17,19,13,18,15,16,17,11,16,16,15,12,16,11,18,20,16,15,13,18,12,15,10,11,12

The unit tardiness penalty of orders:

8,6,10,8,10,6,7,8,8,8,6,8,7,10,10,7,6,9,10,9,9,10,7,10,9,7,9,10,6,6,8,10,6,8,10,9,7,8,6,8,9,6,6,8,9,10,8,7,9,6

The due date of orders:
529,588,853,626,674,492,794,584,504,695,832,692,262,382,575,690,294,685,330,497,303,503,513,432,876,902,513,751,690,701,297,239,207,550,166,221,416,301,796,197,320,143,603,844,850,239,571,461,390,429

the loading and unloading time of each order:
3,3,4,4,3,4,4,3,3,5,4,5,3,4,3,3,5,5,4,3,3,5,5,4,4,4,5,3,5,4,4,4,3,4,4,4,3,4,3,5,5,4,4,3,5,3,4,3,3,3

The sequence dependent setup time of each job processed on machine 1.
(Where rows denote jobs: 1 to 50 and columns denote jobs: 0 to 50.For example:The value of Sijk is in row j,column i+1.)
19,19,18,20,10,16,14,11,13,17,10,10,18,11,19,16,13,19,10,19,14,16,17,13,20,14,16,16,14,18,10,12,16,10,14,14,15,18,15,13,20,19,15,15,16,20,16,16,16,11
17,11,15,20,13,19,18,14,12,16,13,18,20,13,16,19,10,18,13,13,12,17,10,10,15,19,18,15,15,18,16,11,16,11,19,17,14,17,13,16,20,17,17,10,16,18,18,15,11,17
10,11,14,11,17,20,15,16,12,17,13,19,14,19,16,16,14,14,11,16,15,17,10,12,11,16,11,10,16,10,16,14,15,15,18,13,14,13,11,12,15,18,19,16,17,17,14,18,19,20
13,14,19,14,19,20,11,12,11,20,19,13,19,19,17,12,14,19,13,12,19,20,14,20,13,10,14,16,17,18,17,10,17,11,18,16,16,20,10,20,10,11,18,19,17,13,18,11,19,10
20,18,10,19,20,14,18,17,17,12,17,19,18,10,20,11,11,18,14,17,11,16,14,17,18,12,12,18,12,19,18,16,19,18,16,13,18,19,17,19,16,10,18,17,20,19,13,14,18,11
16,15,19,14,15,17,17,20,13,18,19,20,11,18,16,18,18,10,10,16,11,10,14,19,12,16,15,17,14,14,14,18,18,16,10,13,13,15,14,18,11,13,11,14,11,14,17,16,13,16
17,11,10,12,15,14,18,11,20,11,13,16,10,20,17,15,15,14,17,19,16,14,17,19,10,18,20,12,17,19,10,17,17,18,18,14,12,20,17,13,18,20,20,19,16,10,17,15,20,12
13,11,16,16,19,12,20,19,16,17,17,19,14,19,18,16,14,20,12,19,15,15,17,10,14,17,10,13,14,12,20,10,10,12,11,12,11,14,10,15,17,13,11,10,18,19,17,17,17,19
11,10,12,14,20,18,11,17,12,12,15,14,20,12,17,20,19,17,12,16,17,13,12,16,17,16,14,20,12,16,20,12,14,16,16,19,16,15,12,19,15,14,15,18,20,16,19,20,16,12
15,18,19,11,17,19,10,14,11,19,10,19,19,10,20,13,10,12,16,10,18,13,12,12,18,18,11,15,12,15,10,17,16,10,18,13,17,20,17,17,12,10,10,13,10,20,16,19,14,17
16,20,19,16,20,19,13,19,16,13,11,15,12,13,14,20,19,15,14,13,10,13,13,18,14,16,20,20,10,11,11,16,19,16,18,14,18,14,15,11,19,20,14,15,12,14,10,18,12,10
13,13,12,18,14,11,19,16,19,18,12,18,10,20,20,17,18,12,11,14,20,18,18,12,14,18,17,17,15,14,17,14,15,17,12,20,12,17,17,20,16,16,20,20,11,17,18,19,20,14
11,14,14,16,13,18,14,16,15,15,20,10,13,20,19,18,19,15,19,17,13,20,15,12,18,10,15,11,11,16,11,16,13,12,14,16,16,19,12,15,11,18,20,11,16,11,10,16,18,17
16,13,18,20,18,20,15,13,11,12,15,17,14,15,19,13,17,12,17,20,12,15,20,13,15,19,10,15,11,15,17,17,17,11,20,19,12,19,10,19,14,19,10,16,14,12,14,17,16,14
13,12,15,10,13,11,19,11,10,19,12,10,19,10,13,12,19,12,18,18,16,13,20,11,10,18,14,17,12,13,18,13,14,17,18,11,12,18,10,16,19,11,13,13,11,15,13,20,15,16
19,12,13,20,14,10,17,14,19,19,12,13,16,18,20,16,15,13,20,14,19,17,19,18,16,17,11,17,17,13,16,11,17,12,20,12,11,16,12,12,18,10,12,12,17,11,12,20,13,14
15,17,19,13,18,13,15,10,16,19,16,18,15,12,13,19,11,17,18,13,18,16,11,14,10,15,17,19,12,15,10,16,12,12,20,10,12,10,18,16,16,14,11,18,13,15,20,14,17,14
19,10,18,20,12,13,12,15,12,16,12,20,13,19,15,14,19,19,20,11,18,20,16,12,13,13,20,16,13,17,17,20,10,13,13,15,13,15,18,13,16,11,10,15,20,13,15,13,12,12
10,10,10,14,14,12,14,10,20,13,11,15,16,14,20,17,14,14,16,20,20,11,19,19,13,18,15,10,10,18,20,13,18,19,11,20,19,11,13,12,17,20,11,18,13,15,20,18,18,18
15,20,13,16,17,18,13,11,19,12,12,18,17,15,19,17,10,19,13,17,10,20,18,14,14,17,14,17,20,18,13,15,18,10,11,12,20,13,12,12,18,14,18,12,14,18,19,19,20,16
19,15,12,10,14,20,14,14,13,14,13,19,14,10,18,11,20,17,18,10,19,20,16,19,11,20,12,13,16,12,13,12,15,15,11,14,18,14,16,10,20,19,20,10,16,12,10,20,17,10
17,17,14,14,15,12,16,12,12,14,14,10,14,10,14,17,17,14,17,12,15,16,11,18,17,20,12,18,10,12,17,10,11,10,13,14,15,20,19,18,12,12,15,16,15,19,11,20,19,13
15,14,16,12,20,16,18,17,15,18,13,12,10,19,15,16,10,18,16,12,13,14,18,10,10,20,11,10,15,11,20,17,11,12,17,17,17,19,18,16,16,10,20,10,20,17,16,15,14,19
10,18,18,13,20,20,17,12,17,18,10,10,20,10,13,11,19,14,11,15,15,14,14,14,12,20,20,12,15,19,10,12,12,15,20,12,16,16,13,17,15,20,13,18,12,10,19,18,10,14
14,10,13,13,16,17,20,18,11,19,18,17,10,12,19,17,17,17,13,17,20,11,19,13,19,10,10,18,15,18,12,18,18,20,11,13,12,14,11,11,13,18,17,11,12,10,11,14,15,15
14,14,20,17,12,19,12,20,19,13,12,16,14,11,10,14,19,15,18,16,20,14,17,19,10,20,12,19,12,15,20,19,19,14,18,17,20,13,15,12,11,17,15,17,18,12,19,16,12,16
20,10,16,20,19,14,10,12,11,18,16,14,10,13,10,14,20,19,19,16,20,18,19,19,14,17,17,13,18,20,13,10,18,20,17,11,10,16,14,10,18,11,18,17,19,19,18,17,17,14
12,19,15,12,17,19,13,13,11,14,11,16,13,13,20,12,17,12,20,12,10,16,14,17,18,20,11,12,11,14,19,14,13,10,12,15,17,19,18,16,20,18,10,18,14,12,20,16,18,18
14,10,18,15,15,11,10,18,12,19,10,16,17,10,18,18,12,16,12,14,20,17,17,19,19,18,13,17,19,10,15,17,13,10,19,13,15,14,19,11,18,11,13,11,14,20,14,20,13,19
12,13,16,18,19,11,11,16,20,16,14,17,15,20,20,11,14,17,17,14,11,17,15,16,12,20,10,12,15,11,17,13,15,13,10,19,17,14,13,10,15,18,14,12,16,11,19,19,11,13
11,13,20,17,19,15,16,17,13,12,13,12,19,13,18,18,15,18,18,18,18,13,17,15,15,11,17,19,14,12,14,11,12,19,13,11,12,20,19,16,12,12,10,18,13,20,11,10,13,10
11,15,17,20,19,14,10,13,15,17,12,13,20,10,11,17,19,18,19,15,12,15,10,10,20,11,15,16,20,19,16,18,12,10,17,13,11,13,18,16,19,11,19,18,13,13,14,14,12,10
10,20,14,18,17,14,12,15,20,15,10,18,14,10,10,13,13,12,20,15,13,10,15,19,18,20,11,13,13,16,11,10,17,18,16,17,20,13,18,10,16,13,12,15,16,11,14,15,18,15
16,14,10,10,11,13,16,10,13,12,18,13,12,20,13,18,13,14,19,11,19,15,13,12,17,16,14,13,13,20,19,18,18,17,11,14,17,15,14,16,17,20,11,20,14,15,10,17,19,10
17,12,11,13,17,18,15,14,20,17,15,16,10,11,13,13,13,18,17,12,19,15,12,13,14,11,15,18,16,20,15,12,14,10,18,19,14,15,10,11,14,16,11,12,18,14,13,11,19,19
17,17,10,17,13,17,20,10,13,13,14,19,15,18,18,20,11,19,14,15,12,16,19,10,12,12,17,19,13,15,17,17,16,14,10,19,17,20,13,16,18,15,12,17,17,13,18,16,10,12
17,10,11,20,16,17,15,17,14,20,12,13,13,13,12,17,10,13,13,19,20,11,19,20,13,12,19,19,13,19,11,14,15,16,12,12,17,11,17,15,16,20,10,10,15,20,14,13,11,18
17,10,15,17,16,13,20,14,16,14,13,18,18,11,15,17,16,16,16,12,18,18,13,16,13,18,14,19,11,10,15,13,16,11,15,16,12,18,18,18,16,11,11,14,16,10,11,20,20,16
19,18,12,11,17,15,13,14,12,12,16,12,10,13,17,12,12,12,15,17,11,10,12,13,16,11,16,13,14,14,14,14,14,18,11,17,12,12,15,18,20,15,15,19,18,20,19,10,11,15
20,12,15,11,19,18,13,10,18,16,10,18,20,16,14,14,16,18,14,15,16,11,11,11,17,14,19,17,18,17,16,20,18,14,20,18,14,18,16,12,18,14,13,13,12,12,11,18,20,17
15,20,14,18,16,13,12,15,18,17,15,14,20,18,14,12,17,14,17,19,11,18,10,10,12,11,20,11,18,13,15,17,14,16,11,19,15,19,18,11,14,17,20,10,11,14,12,16,10,16
20,16,17,13,10,10,12,13,14,14,17,14,17,16,17,18,10,10,16,18,11,16,14,14,17,15,10,15,14,15,20,14,16,19,13,17,19,14,18,14,13,19,14,17,16,12,12,12,12,19
10,17,16,15,11,11,16,20,14,20,16,19,13,17,15,11,10,13,10,10,15,15,17,16,15,19,14,17,17,19,12,19,13,14,12,15,10,18,11,19,14,19,20,18,16,16,14,20,11,11
14,15,10,19,19,16,13,10,16,20,14,18,10,20,12,14,13,15,11,10,16,10,12,12,11,13,18,17,20,11,18,20,13,14,13,13,11,15,12,13,19,20,15,17,15,13,13,17,20,16
12,16,10,19,16,13,11,20,15,12,14,10,19,15,14,19,17,12,17,16,16,19,12,20,12,10,10,10,13,19,14,20,12,16,17,14,15,18,20,18,12,17,18,19,10,18,15,20,18,18
10,10,14,17,10,18,12,17,10,20,19,11,13,10,17,11,12,16,19,20,12,20,12,15,12,18,13,18,12,15,16,19,10,12,20,16,10,17,14,16,16,19,18,14,13,17,19,14,14,19
13,14,19,11,17,10,13,20,20,11,14,19,13,18,10,10,11,11,14,15,16,20,10,18,20,11,18,14,10,12,14,17,13,14,14,10,18,13,11,12,16,16,19,20,14,18,10,10,19,20
12,16,11,12,20,20,11,14,19,20,13,20,16,17,20,16,12,16,19,16,11,18,11,19,10,16,14,17,19,11,12,13,19,20,15,12,16,18,17,14,19,12,14,16,19,20,11,17,12,12
10,11,14,17,11,17,20,11,11,15,10,15,13,12,13,10,20,12,12,10,13,19,10,14,10,15,17,19,16,15,16,11,11,17,10,11,13,14,16,14,14,12,16,16,12,11,18,11,13,17
20,18,15,20,10,17,19,13,11,11,20,11,15,14,20,10,13,18,19,11,18,11,10,19,13,10,20,11,16,20,16,13,12,18,19,14,12,18,13,10,11,17,16,15,15,10,19,20,10,20
11,17,20,19,15,16,11,19,18,10,17,12,20,16,15,14,15,16,14,10,19,20,13,19,12,13,12,12,17,12,16,15,12,16,17,20,10,20,17,13,19,16,19,11,10,19,16,17,13,17

The sequence dependent setup time of each job processed on machine 2.
(Where rows denote jobs: 1 to 50 and columns denote jobs: 0 to 50.For example:The value of Sijk is in row j,column i+1.)
15,13,19,17,18,11,20,11,11,13,18,10,14,20,13,10,15,19,11,20,15,16,14,18,17,17,12,13,20,11,10,13,18,10,15,20,11,18,17,17,12,14,12,16,19,14,13,18,11,17
14,11,11,14,11,10,11,14,17,14,17,10,13,10,11,10,18,16,10,11,11,11,14,14,17,12,19,16,10,12,12,18,19,14,20,13,16,17,10,16,16,15,11,14,11,13,11,15,12,13
10,16,14,17,15,12,19,18,10,10,20,10,12,17,15,17,16,15,13,10,11,14,14,13,14,16,11,17,19,11,13,10,13,20,19,19,11,11,16,17,19,13,13,16,10,18,20,11,20,15
16,17,10,12,12,14,13,19,18,19,16,10,15,12,18,20,10,10,20,12,11,19,16,16,17,16,13,11,12,10,18,12,17,10,11,12,20,16,17,13,16,19,19,15,13,18,13,18,10,11
15,10,16,13,13,20,17,11,19,19,14,19,20,10,10,16,20,17,17,18,19,18,16,13,18,12,13,19,14,16,18,20,19,13,13,12,11,19,14,16,20,11,18,17,11,17,11,20,10,10
14,16,12,10,15,15,10,12,15,12,17,20,13,19,18,11,18,14,16,20,14,19,16,17,20,12,19,10,14,11,10,13,20,12,19,20,19,15,10,12,17,19,19,18,11,11,17,13,11,12
13,16,20,15,17,14,12,10,18,17,11,16,20,13,14,14,20,16,12,16,17,10,17,16,19,14,10,18,20,15,20,12,18,15,16,20,18,13,18,10,14,14,13,17,11,17,14,16,14,11
10,19,11,10,14,20,11,16,13,14,17,18,19,15,17,12,12,13,13,10,11,16,20,13,19,16,18,15,19,11,10,10,16,11,10,12,11,15,14,17,14,11,20,10,11,13,16,15,20,19
20,10,16,20,14,10,15,12,14,17,13,19,14,16,18,17,19,20,11,18,14,20,12,10,16,10,13,11,18,13,18,15,10,15,16,17,17,18,20,16,19,14,13,20,18,15,13,13,13,20
13,17,13,15,12,19,11,13,14,10,11,19,16,10,10,15,11,14,15,13,15,15,17,14,17,17,10,18,16,20,15,11,14,16,18,16,19,13,20,18,14,16,15,17,18,16,19,18,15,19
20,20,12,15,10,14,20,19,10,18,14,20,15,14,20,10,15,10,15,14,15,13,13,12,11,11,13,15,11,11,12,18,16,10,12,15,13,13,13,17,14,14,12,10,14,18,16,15,12,16
10,13,14,17,13,19,18,20,10,11,18,10,15,14,10,18,20,10,18,11,14,20,19,10,13,19,18,19,13,15,17,13,11,13,17,15,19,19,16,12,17,10,10,19,18,18,12,12,12,18
10,13,13,15,13,19,12,19,20,14,19,20,20,17,16,13,16,10,11,10,20,15,15,19,17,18,17,16,19,15,19,16,18,20,19,17,10,10,19,10,15,15,11,11,19,18,15,18,15,19
12,19,15,18,13,11,12,17,13,20,17,14,16,18,15,13,19,18,10,15,20,10,19,14,15,18,18,12,11,20,16,15,13,11,20,11,12,13,17,18,10,16,17,20,18,15,17,14,12,13
17,10,12,13,17,19,13,16,16,10,17,14,16,20,13,17,20,18,18,20,12,16,17,13,16,15,18,16,18,13,17,15,10,12,19,19,11,11,11,11,17,14,11,19,17,13,19,14,13,12
19,11,10,20,13,14,12,16,16,13,13,13,16,18,14,19,11,11,13,16,18,10,17,15,12,14,18,16,19,17,19,20,14,11,13,13,12,15,15,19,15,16,18,20,12,19,11,11,15,14
10,12,20,15,20,20,11,19,14,19,13,16,12,20,19,15,14,20,14,19,18,12,14,14,10,11,20,12,20,18,15,14,11,20,16,14,20,18,13,13,13,12,11,20,14,19,18,11,12,12
17,19,19,15,10,20,18,15,15,18,14,17,15,19,18,20,16,13,11,20,11,16,15,11,10,16,19,18,18,11,18,19,11,16,19,19,17,15,16,19,17,17,14,20,16,13,12,18,15,10
19,14,14,19,19,10,15,13,14,15,13,15,18,13,16,12,11,11,11,20,16,10,13,16,13,14,14,18,18,17,20,15,20,16,14,10,12,11,11,19,10,20,15,20,19,15,12,16,10,19
17,14,19,15,15,11,10,18,12,12,18,20,17,12,13,20,16,15,18,19,12,14,10,13,17,16,13,18,17,19,14,17,15,20,13,19,14,18,20,15,10,18,19,14,13,12,13,10,15,15
20,16,20,18,17,11,11,10,12,20,18,14,10,19,12,18,20,14,13,17,16,20,17,10,14,18,15,10,16,19,16,18,11,13,15,13,10,16,19,20,10,12,19,13,19,10,14,18,19,10
11,18,15,17,20,11,11,17,13,17,17,19,10,14,17,20,11,17,14,15,13,13,18,18,14,11,13,17,15,13,16,14,15,10,16,18,16,15,11,10,15,11,13,14,20,17,20,15,14,12
12,15,18,10,15,12,17,18,12,13,17,13,14,19,20,17,17,17,13,12,19,14,16,19,14,19,18,14,10,11,19,20,10,20,15,11,17,11,10,16,12,11,18,18,12,10,18,20,13,19
10,18,19,12,10,18,18,15,13,12,11,14,15,13,13,14,10,18,11,10,18,12,17,19,13,14,10,12,18,19,12,17,20,12,13,18,19,17,18,10,20,12,20,19,14,16,16,14,12,16
13,10,18,12,19,15,17,17,18,11,19,10,13,10,14,13,15,19,16,13,17,10,12,15,11,15,20,13,15,19,11,20,11,10,19,12,19,12,18,10,13,17,19,13,20,17,15,16,11,20
12,20,19,13,10,17,14,20,14,14,12,19,13,18,11,13,14,17,11,15,16,11,11,15,19,16,10,16,17,10,11,12,15,15,10,11,18,15,12,13,18,19,12,12,18,19,18,12,18,14
19,17,18,13,14,19,18,16,12,18,13,10,20,13,13,11,13,15,13,16,15,17,19,16,19,11,13,20,14,18,10,14,14,10,13,14,17,13,16,15,14,15,15,14,18,18,18,15,12,15
10,14,14,10,18,12,11,11,10,19,16,12,11,16,18,13,16,12,14,19,16,13,20,13,15,11,10,17,18,19,19,11,15,10,15,11,19,16,14,12,18,11,15,15,14,14,13,14,18,13
13,13,20,12,12,15,17,13,16,12,16,11,13,12,19,18,11,13,17,12,13,13,10,13,12,16,16,20,20,14,16,16,13,16,10,12,15,18,19,18,12,20,11,10,20,10,12,12,18,19
11,18,12,15,11,10,19,16,15,13,11,16,20,15,10,13,10,14,11,10,17,10,10,19,10,13,15,12,19,11,15,17,11,17,13,18,17,12,20,11,11,11,14,12,14,20,10,19,17,17
17,10,12,12,10,19,12,11,15,18,14,16,10,14,18,17,12,15,11,19,17,16,10,18,12,20,18,11,19,12,15,14,18,10,12,15,15,18,10,13,18,15,20,17,20,15,17,10,13,10
19,11,14,19,16,20,17,17,14,15,16,17,10,18,17,16,16,12,20,20,16,13,12,18,16,18,20,15,13,13,12,17,13,16,17,15,20,16,16,16,20,16,16,15,18,10,19,16,10,20
16,14,19,14,14,13,20,15,15,17,16,15,13,17,16,15,16,10,17,13,13,19,17,15,19,15,16,12,15,17,19,15,12,11,18,12,17,15,20,14,16,12,11,16,19,11,19,19,17,17
13,12,12,14,18,13,13,19,12,11,13,10,20,19,18,13,12,14,14,13,15,15,19,13,17,12,16,13,17,18,10,11,14,16,18,12,15,14,18,14,12,20,17,10,14,15,10,17,17,12
17,18,11,17,11,15,12,16,15,14,11,13,15,16,12,11,18,12,14,19,20,12,11,10,12,14,20,18,15,17,20,20,13,10,17,15,16,11,12,19,14,10,18,14,12,17,20,19,12,20
15,14,13,10,18,16,10,10,17,10,18,13,11,13,18,15,16,11,10,15,20,10,16,18,15,17,15,20,15,12,18,18,16,10,13,16,10,10,13,11,11,10,11,17,10,18,11,12,14,12
12,10,16,16,11,15,17,17,10,12,15,18,15,19,14,10,13,10,16,11,13,13,14,11,19,14,15,11,19,12,14,15,10,12,15,14,14,14,15,10,19,13,18,13,10,16,12,14,19,19
11,13,18,15,11,18,16,15,19,12,18,19,14,18,10,19,14,20,17,10,17,17,18,19,16,15,15,15,16,10,12,19,18,17,13,13,11,16,12,17,11,19,19,18,18,13,20,14,12,16
12,10,19,16,11,20,18,10,13,17,18,10,10,20,18,16,11,17,12,20,19,15,17,18,15,12,16,14,19,18,20,15,19,18,12,15,12,12,15,13,12,10,17,12,19,16,12,20,20,16
12,20,18,20,17,13,18,16,17,16,10,11,12,20,19,12,14,17,12,15,13,19,11,13,10,13,20,20,19,12,20,11,12,14,20,20,14,19,19,16,16,19,15,20,10,17,18,12,10,18
18,15,18,14,16,17,14,16,16,17,20,17,20,12,10,10,15,19,17,17,16,16,18,15,15,18,20,14,17,17,13,16,16,15,19,14,16,16,10,10,10,16,16,11,15,18,13,14,19,15
11,11,20,15,10,20,16,15,11,11,11,13,13,11,19,16,15,14,18,14,18,11,15,17,10,11,10,18,10,17,20,18,20,19,17,16,10,18,20,11,16,16,11,11,14,17,10,14,11,14
12,16,19,10,19,15,19,16,19,16,15,17,15,17,11,19,15,18,13,15,12,16,11,12,17,20,10,10,17,18,18,13,12,11,13,14,10,10,19,11,16,17,16,12,15,18,17,12,18,18
14,11,13,17,16,18,16,10,12,17,16,13,12,10,17,20,20,13,18,14,17,11,13,18,11,11,11,18,13,12,13,20,16,19,17,14,17,20,19,10,13,11,12,18,15,14,18,14,10,10
14,15,16,12,13,16,19,18,12,12,17,14,11,13,14,15,12,10,16,18,19,17,13,17,13,12,15,12,10,18,17,17,16,11,10,15,13,14,19,18,18,19,12,19,12,10,11,13,17,15
18,18,11,20,12,17,16,11,16,20,10,14,11,18,19,14,19,15,11,20,10,12,11,19,17,19,12,17,15,12,12,17,20,10,20,10,10,12,19,15,12,17,11,11,10,19,17,15,16,17
16,11,20,11,18,12,11,19,15,13,13,16,20,10,11,10,10,13,16,11,17,17,12,11,19,11,10,19,10,11,16,14,17,12,10,15,13,11,16,19,12,13,15,15,15,13,15,17,20,11
20,16,12,15,10,14,15,20,13,12,11,19,19,18,16,18,12,10,18,20,14,10,17,19,14,18,18,15,16,16,10,18,17,20,19,17,10,16,20,12,18,20,19,20,13,17,17,14,16,16
14,17,10,14,17,16,12,11,13,15,17,10,18,15,11,17,12,11,16,13,15,15,17,12,11,15,16,14,15,10,18,11,10,12,14,12,10,16,14,18,16,18,13,11,10,13,17,10,17,16
13,12,10,16,11,14,15,20,10,19,10,11,11,20,13,12,13,14,14,12,14,18,11,20,15,14,20,12,13,13,15,15,10,18,11,19,19,19,12,19,19,19,11,14,18,12,17,20,15,12
16,16,19,12,10,17,15,17,10,11,11,13,10,17,17,16,11,19,14,12,17,19,13,15,19,20,15,16,17,15,10,11,20,12,18,16,19,12,20,16,12,16,14,18,16,19,10,11,14,17

The sequence dependent setup time of each job processed on machine 3.
(Where rows denote jobs: 1 to 50 and columns denote jobs: 0 to 50.For example:The value of Sijk is in row j,column i+1.)
10,11,20,20,15,11,20,19,20,10,16,14,20,12,10,18,17,14,16,13,18,15,19,15,13,16,20,19,20,10,15,19,10,19,19,10,13,15,15,17,17,11,17,19,17,20,16,12,17,18
18,18,18,13,17,20,14,10,16,16,13,18,13,14,14,15,11,18,19,14,11,10,18,20,17,19,10,18,11,20,18,19,17,18,12,15,16,15,10,16,14,18,13,16,17,15,12,10,11,16
11,16,17,15,17,19,13,10,17,16,17,17,19,20,12,16,18,12,13,10,19,19,11,16,19,13,19,20,19,16,18,16,20,15,18,13,10,16,11,12,14,19,15,11,14,13,20,13,19,11
10,14,11,11,15,10,19,11,13,18,11,19,16,12,17,10,18,12,14,16,16,16,17,14,13,19,13,19,12,16,20,20,16,11,13,16,10,20,20,10,14,13,15,11,17,19,19,15,10,16
18,17,16,11,16,18,17,15,18,11,11,11,18,15,13,13,11,20,11,17,11,11,17,18,15,13,17,16,19,12,20,18,15,17,12,19,16,10,11,10,15,12,11,20,11,17,14,13,11,18
15,10,13,16,20,12,19,11,19,11,10,17,19,15,19,17,19,12,18,19,12,12,10,14,18,11,17,11,19,12,11,20,15,12,11,14,15,15,16,13,20,10,13,18,16,20,19,14,17,13
19,20,20,18,20,13,18,13,10,10,19,11,13,19,13,16,18,13,16,16,13,17,15,11,17,17,20,17,20,19,17,16,17,20,13,15,11,19,12,20,13,19,10,15,14,13,19,11,14,13
18,20,14,12,17,11,19,19,19,15,19,16,19,18,15,14,13,20,10,11,17,11,14,16,10,10,17,10,11,11,15,18,20,17,19,19,13,11,14,16,15,11,18,11,15,12,12,19,19,12
11,16,17,13,11,12,17,10,19,11,15,16,20,11,20,18,19,11,10,11,14,13,12,12,13,10,14,11,11,16,14,17,19,13,14,11,11,14,17,10,12,19,15,13,10,16,17,16,18,19
16,10,17,18,19,15,10,14,20,13,14,12,20,16,17,20,16,13,19,13,13,15,13,19,10,12,20,14,19,13,14,14,18,13,13,20,10,17,13,18,19,11,11,20,18,17,17,18,18,10
15,13,20,18,11,13,15,12,15,12,18,10,18,17,20,12,19,15,18,15,20,20,20,15,19,11,13,11,13,12,19,10,15,15,20,19,12,18,12,20,10,11,18,10,17,15,14,13,19,11
10,15,20,15,18,14,14,12,18,13,15,18,16,16,13,12,13,10,10,14,20,20,13,16,19,13,14,15,17,15,11,10,11,14,19,12,15,13,13,12,20,13,11,11,16,14,19,19,19,18
20,12,11,14,13,15,14,18,15,11,11,20,12,14,10,15,18,13,13,15,14,18,19,15,16,18,10,10,20,15,17,20,20,19,20,15,13,11,16,18,12,19,18,10,15,16,19,12,19,12
16,11,10,15,14,12,11,15,13,14,14,15,11,15,15,17,11,11,20,20,16,15,19,17,12,16,14,20,16,16,14,15,17,17,11,11,17,13,16,10,16,17,16,20,20,10,13,16,10,11
16,20,16,15,19,17,20,18,11,12,16,13,18,11,14,18,10,10,18,15,11,17,12,16,15,17,11,18,15,12,10,10,11,12,12,20,10,16,10,19,17,10,15,10,11,18,19,15,17,10
17,15,10,14,13,14,17,10,18,19,19,12,20,12,19,15,18,19,10,11,18,18,13,11,14,17,16,10,15,17,11,19,10,10,12,18,16,11,18,18,13,20,13,19,11,14,13,19,10,12
16,16,16,10,17,11,12,11,20,14,17,13,17,14,16,18,20,12,19,10,19,13,16,12,11,10,19,19,13,19,19,18,11,18,11,10,10,19,15,13,15,20,20,12,15,13,10,11,15,10
16,13,16,14,12,19,13,11,18,13,20,15,12,18,11,19,17,10,16,19,18,12,13,12,17,15,14,13,15,17,20,20,10,18,12,13,17,16,18,11,19,17,16,18,19,18,17,10,17,20
18,13,17,12,14,14,11,16,11,17,12,20,12,19,20,20,14,14,15,17,16,10,14,15,15,19,16,15,19,12,20,20,18,11,19,13,16,15,13,11,15,15,16,16,11,17,15,19,18,18
18,18,14,18,20,19,13,11,16,13,16,16,19,12,14,18,16,16,14,10,18,14,20,15,10,15,19,17,14,15,17,20,13,19,10,16,16,19,17,11,16,12,15,13,16,19,19,10,12,14
11,12,12,15,18,12,11,14,18,13,16,15,16,10,17,16,19,10,17,12,11,18,12,10,20,10,13,20,16,16,10,18,18,14,20,12,20,19,13,20,15,20,20,19,19,17,20,10,14,10
16,13,18,18,20,16,12,12,11,11,18,20,14,12,16,16,19,16,10,15,10,20,18,15,18,14,17,17,16,17,12,17,18,10,18,16,14,15,14,10,13,19,12,11,12,14,11,17,18,12
13,17,12,17,11,20,17,14,11,16,14,20,18,15,15,19,10,12,18,18,17,11,18,20,14,11,20,11,19,20,11,14,10,19,19,14,12,18,18,11,15,14,14,15,14,16,18,12,10,18
11,15,17,14,14,19,10,13,10,17,11,10,13,12,12,11,17,15,19,14,18,20,18,11,16,13,15,15,16,10,17,11,19,11,13,11,12,12,19,10,20,18,16,10,19,20,17,20,10,14
19,14,20,16,19,13,12,17,19,10,19,14,20,19,16,16,13,18,11,13,18,13,12,14,20,17,17,17,14,18,17,10,17,19,19,13,20,16,14,13,17,20,11,11,16,14,20,10,16,20
19,17,14,16,13,12,17,10,20,19,14,12,11,12,14,16,19,13,13,20,13,16,19,20,19,20,13,15,13,16,16,18,16,16,12,13,12,12,15,10,11,18,19,13,20,15,13,19,20,19
17,11,15,20,15,10,20,19,11,19,19,14,19,13,11,20,14,16,10,11,16,19,16,19,18,20,14,16,17,20,11,16,14,14,19,20,17,13,10,10,18,13,20,14,20,15,13,20,13,18
17,20,20,13,15,12,16,11,13,10,17,16,15,10,17,12,15,12,19,10,15,15,15,13,18,14,14,16,17,13,10,15,12,16,19,17,16,13,13,10,18,18,15,16,11,13,16,17,20,11
18,20,12,13,17,14,10,15,19,11,18,15,11,15,13,10,14,16,18,13,15,13,16,17,13,15,12,14,15,18,19,14,10,11,13,11,16,18,12,15,18,16,15,14,14,20,15,15,11,13
13,14,14,11,15,11,14,19,19,12,15,14,13,17,19,10,20,10,17,16,20,11,16,13,16,12,12,14,10,16,19,10,19,14,19,19,17,12,13,15,11,16,13,16,11,19,11,13,13,14
13,13,20,10,20,10,11,15,14,13,14,20,11,16,12,12,18,11,17,12,18,13,10,13,15,17,11,17,17,13,19,17,12,10,11,15,11,17,18,14,18,17,20,20,13,14,18,20,14,14
10,11,17,19,11,18,15,11,18,15,11,12,13,13,17,16,10,14,19,13,15,19,15,20,19,20,15,15,18,17,19,10,11,16,18,12,11,14,12,19,17,14,13,18,12,12,15,14,11,11
15,17,16,17,13,18,10,13,16,19,18,10,11,11,11,11,20,14,10,20,16,16,20,17,16,16,18,15,15,10,16,13,14,20,15,20,13,12,18,14,10,19,17,17,17,10,15,14,18,13
13,19,13,11,15,18,10,20,17,14,20,15,14,14,13,18,10,18,17,18,12,17,19,20,12,14,17,12,17,10,11,10,16,18,15,18,19,14,12,15,20,14,16,19,13,11,13,17,19,18
19,10,16,19,18,19,19,20,12,10,19,16,19,10,15,12,12,17,10,12,14,18,17,13,15,12,12,17,15,20,15,12,10,20,10,18,11,14,16,14,14,11,12,15,18,18,20,18,14,17
16,13,14,19,10,18,18,18,19,20,10,13,15,14,19,18,10,12,20,17,10,19,20,13,12,15,13,20,16,17,15,16,20,18,13,18,17,17,18,19,20,10,16,16,12,12,19,15,11,11
12,20,11,13,20,10,17,19,10,12,12,19,20,19,16,12,14,15,10,19,16,17,19,18,19,18,17,20,16,11,15,11,16,18,18,12,14,18,16,10,19,14,13,11,15,15,10,16,11,19
12,11,13,17,11,13,11,20,10,12,17,12,11,16,16,10,16,20,10,14,14,20,18,13,13,18,14,10,12,14,17,16,11,10,20,19,20,17,13,16,17,12,14,13,19,11,20,11,16,10
11,13,18,16,18,15,12,18,10,12,16,12,16,19,14,13,15,17,12,14,13,13,18,15,20,13,15,19,12,16,15,13,17,10,18,11,12,17,10,13,10,14,17,19,16,20,20,12,16,12
16,12,15,13,14,10,12,10,17,16,19,14,18,10,13,10,13,20,16,15,16,20,14,15,20,15,17,18,19,19,13,10,12,13,15,18,15,13,17,10,15,19,16,14,15,17,17,13,13,16
18,17,20,10,12,11,14,16,12,18,18,13,14,16,10,12,19,12,17,10,17,18,20,14,18,16,13,15,18,20,14,16,10,10,16,18,13,13,18,16,12,19,10,16,14,17,10,10,14,12
14,12,12,10,11,12,13,18,20,13,14,10,17,16,13,18,10,15,20,12,19,19,18,16,11,15,16,11,20,10,20,17,11,14,19,13,16,17,12,15,14,18,19,10,10,20,10,10,19,10
17,10,17,16,20,10,13,10,12,18,12,20,12,10,14,19,18,11,19,11,12,11,15,17,13,14,11,18,13,14,10,11,12,14,13,11,10,16,11,11,18,10,12,13,13,20,19,12,19,11
18,19,19,17,12,11,16,14,19,13,12,12,11,16,18,13,17,12,12,15,18,14,20,12,12,12,13,19,10,20,12,19,10,20,14,20,20,12,20,16,20,16,10,13,15,15,18,12,15,17
10,18,10,13,15,13,10,13,16,20,20,18,12,10,14,19,19,12,12,10,18,18,10,11,19,18,16,17,20,13,13,11,12,15,15,13,16,17,15,18,15,19,11,20,12,10,20,12,14,20
13,14,10,12,12,12,16,13,14,13,13,13,16,19,14,17,14,15,11,20,13,15,11,17,17,10,18,14,10,19,10,14,20,13,20,12,18,19,17,20,18,16,17,18,15,15,14,17,13,14
18,16,12,15,20,10,19,11,10,13,11,10,15,13,15,18,17,13,11,13,20,19,16,17,11,19,14,14,20,12,16,17,12,20,19,10,17,14,14,10,13,15,10,12,16,17,12,13,13,13
10,17,13,10,19,18,18,14,18,20,14,17,12,17,10,12,18,14,19,14,12,19,16,13,17,18,13,17,15,14,14,13,15,17,10,16,17,12,15,18,17,10,19,15,12,13,15,12,17,12
19,10,19,10,20,18,14,15,16,16,20,14,13,12,19,13,16,18,19,15,12,20,20,18,16,11,17,17,15,10,18,10,16,11,19,11,14,16,19,18,12,11,10,12,11,19,18,10,20,19
14,16,13,15,13,13,15,14,14,12,16,13,14,15,15,14,19,11,17,18,18,12,15,17,15,18,11,17,19,18,13,14,18,14,11,11,14,14,11,18,18,17,13,15,12,20,16,13,10,18
17,20,15,18,12,19,12,18,11,11,16,10,15,20,15,11,17,20,12,15,12,18,17,11,16,19,14,17,18,10,10,19,13,12,19,12,17,17,12,15,17,20,16,16,12,12,13,14,18,19

The sequence dependent setup time of each job processed on machine 4.
(Where rows denote jobs: 1 to 50 and columns denote jobs: 0 to 50.For example:The value of Sijk is in row j,column i+1.)
19,18,17,16,20,20,16,12,19,11,14,19,20,13,20,15,18,10,13,15,14,16,17,13,11,19,11,20,14,10,17,19,13,10,10,10,18,11,13,14,16,16,12,11,13,12,11,19,11,18
13,13,18,13,16,19,17,20,17,10,11,13,15,18,16,13,17,18,15,11,12,11,10,17,18,13,12,10,20,15,20,11,15,19,12,18,13,11,14,14,14,14,17,16,18,14,16,19,18,11
12,16,10,19,14,13,17,15,18,14,11,19,18,10,11,16,20,18,15,14,13,13,19,17,14,15,16,19,10,12,10,15,13,19,19,17,16,10,12,11,16,17,15,18,20,13,11,12,14,13
18,20,18,16,14,16,12,20,12,12,13,14,16,13,13,14,11,11,12,18,14,18,15,10,18,10,18,12,20,16,20,11,19,20,17,14,10,13,18,13,12,12,12,13,14,17,10,13,17,12
20,14,12,14,11,19,16,19,17,16,17,16,20,17,13,16,12,12,19,20,17,16,10,19,14,12,10,14,18,10,16,13,15,12,17,12,10,19,13,15,20,11,11,17,18,15,11,18,16,20
17,10,14,12,15,13,19,12,18,10,15,12,14,18,18,18,12,20,16,10,11,19,19,12,16,19,17,14,11,15,16,12,11,16,15,12,12,15,19,13,12,20,12,16,10,12,14,13,15,14
14,17,20,20,18,18,13,19,19,10,17,12,11,18,15,13,11,17,10,12,10,10,13,14,15,11,16,15,18,11,17,19,16,10,15,12,10,11,19,11,19,15,10,16,12,17,10,12,14,12
10,14,20,18,14,20,17,19,16,16,20,19,19,20,20,11,16,17,17,17,13,15,13,14,16,17,17,20,16,12,18,11,13,20,13,17,14,20,16,16,16,20,14,14,13,19,14,18,16,19
19,16,16,16,13,16,18,11,18,19,14,10,19,18,14,19,12,17,18,17,17,12,18,17,17,15,14,13,20,18,20,10,15,19,16,11,20,16,16,19,14,10,10,13,14,15,11,14,18,11
13,10,12,10,19,19,13,20,15,11,19,20,17,19,17,19,11,11,13,11,19,14,13,10,18,15,17,13,19,19,10,19,13,14,16,16,17,10,11,15,17,15,17,10,20,16,12,14,17,16
17,19,17,16,20,16,15,16,18,12,16,15,12,19,11,14,15,10,15,18,19,11,18,19,13,11,11,15,18,13,19,14,15,16,10,20,10,15,11,19,14,16,15,10,19,18,18,10,10,19
17,15,10,10,10,16,16,13,18,17,20,16,19,15,11,18,15,19,14,14,14,11,19,12,19,14,15,16,17,14,16,15,20,19,11,18,17,17,15,15,20,12,14,18,20,16,17,16,16,18
17,12,19,15,19,17,17,19,19,14,15,14,10,10,15,19,19,13,10,18,19,14,12,16,15,13,12,13,14,16,13,13,18,12,17,18,15,15,19,11,19,17,15,12,12,20,10,10,10,14
12,15,14,10,14,18,14,10,16,17,19,13,12,14,19,14,18,16,17,14,19,14,20,12,20,17,18,18,20,10,19,18,20,11,17,12,18,13,13,17,14,19,20,19,11,11,14,17,13,19
14,12,13,18,17,18,16,15,20,13,17,10,14,13,15,20,11,11,18,19,19,14,16,17,12,13,16,12,17,14,14,17,14,17,15,14,13,10,18,20,15,20,17,12,10,15,14,11,16,18
17,15,18,15,13,10,15,20,15,12,18,13,19,10,18,20,16,20,16,11,18,15,11,15,10,14,14,15,15,18,19,16,15,16,15,20,17,15,17,13,14,19,11,15,19,15,17,19,13,15
20,15,16,17,12,10,19,14,14,16,13,11,13,13,10,15,11,20,19,16,11,19,13,10,14,14,17,10,17,10,16,14,13,16,12,17,18,17,19,16,14,15,16,19,17,14,18,18,18,13
16,17,11,12,14,19,16,12,11,16,20,19,19,20,19,19,15,19,16,20,10,14,19,15,19,16,13,11,13,14,12,18,17,11,15,14,20,19,18,18,15,16,15,13,20,10,10,13,18,10
18,17,11,11,12,17,16,16,16,12,16,14,15,18,13,10,17,12,13,15,19,12,17,20,13,19,17,14,14,10,14,16,20,17,16,18,12,12,19,20,10,11,20,18,14,12,14,20,17,13
17,19,19,10,20,13,17,18,16,19,10,18,18,14,19,15,16,14,12,16,11,13,18,18,15,17,18,11,11,18,16,14,10,17,16,19,18,13,15,14,16,10,12,12,19,18,18,13,18,12
16,12,16,13,18,14,10,15,18,18,19,14,13,11,17,17,10,14,17,16,10,11,19,16,13,15,19,13,16,11,14,19,18,11,10,17,15,15,17,12,15,17,17,12,17,11,16,17,20,16
19,17,17,13,17,10,15,11,15,11,14,18,12,12,11,12,15,16,16,14,20,12,11,15,12,20,18,12,11,11,11,14,12,16,17,12,15,10,13,11,20,10,17,15,11,18,13,13,12,20
20,15,15,11,19,17,18,10,13,13,16,13,15,20,11,19,14,16,13,11,11,11,18,10,16,13,11,19,19,15,10,10,15,12,11,17,17,13,19,16,11,18,18,17,17,14,19,18,11,12
20,10,10,13,15,17,12,11,14,14,11,10,15,14,17,13,20,15,12,10,16,16,20,14,10,19,18,13,11,13,16,15,12,10,18,12,10,19,12,17,14,20,13,12,12,12,17,10,20,11
18,20,11,18,15,16,11,15,13,16,16,20,10,10,17,15,12,12,19,13,18,11,10,14,10,17,12,16,16,10,19,19,17,17,12,16,14,18,14,14,12,13,18,17,17,15,19,12,11,12
20,11,20,19,19,18,15,17,19,10,17,19,13,15,11,12,11,12,13,14,20,13,11,17,20,16,11,18,10,20,12,19,18,13,12,13,18,18,15,15,15,10,20,10,10,18,20,19,13,16
11,18,13,13,13,12,14,12,16,12,14,14,16,16,19,11,12,19,20,15,19,14,11,16,14,12,13,17,10,14,19,19,19,12,10,18,16,11,17,15,14,12,16,17,18,19,20,14,15,13
12,15,16,19,13,14,20,20,10,14,14,17,13,19,10,14,18,17,20,13,14,13,13,20,15,16,14,15,10,12,15,14,12,10,14,12,17,16,16,19,12,14,14,13,20,13,14,19,18,10
20,17,14,12,11,12,10,16,16,14,19,14,14,17,17,14,17,14,20,15,13,10,12,15,18,18,20,10,14,16,10,19,16,19,13,11,12,18,13,18,20,12,19,11,19,18,15,10,11,10
13,19,18,14,19,15,10,14,12,13,10,13,17,18,14,18,10,11,14,19,14,18,12,19,15,15,12,10,11,19,10,15,17,17,13,17,19,19,14,10,10,19,15,19,14,11,10,12,11,12
14,20,13,17,13,11,18,16,10,18,20,14,14,19,19,10,19,16,19,10,12,16,12,12,14,10,14,13,14,20,10,14,19,10,14,12,15,18,10,13,16,10,12,16,11,10,13,10,12,19
11,12,14,19,14,13,17,15,16,17,10,12,12,10,18,20,17,13,11,12,11,18,12,16,19,13,14,17,19,19,19,10,12,16,17,18,16,17,11,17,20,16,18,19,10,16,15,16,18,13
10,12,14,10,16,20,16,10,11,16,12,17,19,17,13,10,17,18,14,15,16,19,17,10,11,19,14,14,10,12,13,13,15,14,15,16,18,18,19,17,19,15,16,18,15,11,15,14,18,16
10,18,13,11,19,16,19,11,20,17,14,18,16,15,15,20,20,19,10,17,12,18,19,13,16,20,16,17,15,17,13,10,13,19,12,15,15,10,18,12,11,12,18,11,10,14,13,18,10,17
14,11,15,19,18,12,18,11,12,12,10,18,16,11,15,19,20,10,12,17,14,17,20,13,18,16,18,20,12,19,12,18,10,18,20,15,14,12,17,17,17,13,19,18,20,17,13,14,19,15
14,10,10,16,19,12,13,17,12,15,20,14,20,15,13,16,14,16,13,17,14,15,19,19,10,16,13,15,20,13,20,16,20,14,20,14,13,17,10,17,17,11,15,20,15,18,13,17,11,13
16,20,18,16,17,16,16,14,11,17,18,14,15,10,12,15,11,18,19,17,13,11,15,20,14,16,13,13,11,14,19,13,11,10,20,19,13,18,17,12,11,19,12,14,18,15,12,10,17,18
17,16,14,13,11,16,17,19,15,12,18,15,12,11,17,11,14,17,15,18,14,13,18,16,11,16,18,14,12,18,20,16,18,10,10,15,16,18,11,10,18,20,14,17,18,13,10,15,18,11
11,12,12,10,19,18,18,19,16,10,20,19,19,17,12,20,10,13,15,10,17,18,20,15,14,18,19,12,19,17,17,17,13,10,10,20,17,10,14,10,17,19,19,11,10,11,19,15,20,16
19,16,15,18,12,14,18,16,14,19,18,13,20,13,13,17,13,20,20,18,15,12,19,17,14,14,15,10,13,11,20,10,20,15,13,11,11,19,17,16,17,14,10,11,11,20,18,12,10,10
17,12,19,10,19,11,20,16,17,18,17,10,15,17,19,11,11,11,14,12,10,16,16,15,13,13,13,20,18,19,19,15,12,11,14,11,14,19,20,12,20,14,19,12,10,13,13,14,10,10
16,19,15,18,13,20,15,14,17,14,11,17,13,20,18,15,11,19,12,20,10,16,19,11,12,20,14,10,15,11,15,14,11,19,19,20,15,17,14,14,17,18,16,12,12,17,13,20,18,17
14,18,17,19,15,10,14,17,15,12,11,12,16,18,14,12,15,12,11,11,16,16,13,19,15,11,16,10,13,18,18,19,10,19,11,13,18,14,13,20,19,16,19,12,20,13,16,15,13,15
15,17,18,18,15,10,14,17,13,17,12,16,15,17,19,20,17,18,16,11,14,11,11,17,13,17,16,15,18,16,18,14,12,18,14,11,15,10,11,14,14,13,14,15,16,17,18,16,16,15
13,10,16,18,17,15,20,12,19,13,14,17,10,14,15,11,13,18,18,17,16,14,16,17,15,10,11,16,20,17,15,13,20,11,10,11,10,18,17,17,11,14,17,10,20,13,12,10,13,20
18,15,18,13,18,14,13,14,20,20,18,17,19,12,20,13,10,18,17,18,15,16,11,20,18,19,13,15,16,18,14,20,11,20,11,19,18,16,19,12,16,20,19,14,16,20,18,12,16,15
17,18,11,19,14,19,12,16,16,19,14,15,19,10,12,12,20,10,10,10,11,10,12,17,19,16,12,20,14,20,20,17,20,20,11,20,14,12,16,11,20,11,19,15,17,14,10,17,11,17
16,11,17,16,15,14,20,18,10,16,14,17,19,11,18,15,16,17,19,18,11,19,17,13,15,15,10,16,16,11,18,20,16,17,11,19,18,11,15,15,19,20,17,12,10,19,20,17,17,15
11,14,17,19,20,12,13,12,20,10,14,14,12,10,20,20,10,13,13,13,12,19,17,19,15,15,12,11,10,16,14,20,18,19,12,12,10,12,13,17,20,10,17,12,15,20,12,18,12,19
13,10,17,19,14,11,20,18,19,20,17,10,20,10,18,10,14,14,19,18,10,17,20,15,17,13,12,18,11,10,12,20,12,16,14,10,17,11,19,17,11,12,14,12,14,10,14,13,13,10
19,15,13,15,18,13,14,20,15,18,18,15,11,12,20,20,14,19,19,13,12,18,13,17,14,18,20,11,11,13,16,15,18,12,13,16,18,18,15,18,17,10,18,11,13,10,15,17,15,14

The sequence dependent setup time of each job processed on machine 5.
(Where rows denote jobs: 1 to 50 and columns denote jobs: 0 to 50.For example:The value of Sijk is in row j,column i+1.)
11,18,17,15,12,14,19,17,18,14,13,14,16,19,12,13,15,17,15,10,14,10,16,20,12,10,15,18,19,19,20,13,12,18,12,12,13,17,10,10,19,18,17,11,18,18,16,11,18,16
19,10,19,10,10,14,20,17,20,15,15,20,14,20,14,19,16,20,13,20,17,19,11,15,14,12,19,13,20,15,16,10,14,20,15,12,14,16,19,13,13,12,11,17,15,11,11,15,11,10
10,11,11,11,20,12,17,13,16,12,12,16,15,15,17,16,17,20,13,19,20,10,15,19,19,12,16,17,20,11,16,16,14,20,16,13,19,11,16,16,14,11,14,20,11,12,15,14,10,17
13,12,13,14,14,16,18,12,20,16,17,16,11,19,18,16,10,12,18,11,12,13,18,11,14,17,16,15,19,16,15,14,19,18,11,11,11,17,14,16,17,18,11,13,15,17,14,10,17,17
14,11,13,19,11,10,11,13,15,13,18,11,11,20,19,17,15,17,14,14,15,17,10,20,12,10,10,18,16,17,14,14,13,14,11,17,18,17,19,15,17,11,18,19,17,10,11,19,19,16
15,18,19,16,16,20,15,18,16,14,19,10,20,10,10,13,17,18,13,14,11,20,19,11,19,15,15,10,15,17,10,16,16,10,18,13,15,16,16,17,14,17,14,19,14,15,19,18,11,16
14,19,15,20,15,15,19,18,15,19,20,13,10,18,19,18,13,13,18,18,14,14,15,13,14,18,13,19,11,17,18,10,12,14,12,20,14,10,20,15,15,19,19,11,20,20,10,10,18,17
13,10,19,13,13,20,12,14,13,11,14,11,11,15,12,19,18,14,18,19,10,16,18,17,20,10,18,12,13,19,12,14,11,18,20,17,17,17,18,13,17,19,19,13,12,19,13,17,18,10
18,14,17,19,10,16,12,17,15,14,14,10,18,10,12,10,16,12,12,10,12,19,14,14,12,17,19,20,18,11,15,20,18,11,10,20,19,13,20,18,17,16,10,16,16,19,12,10,18,10
10,15,20,11,10,20,10,14,10,12,20,14,10,11,10,13,16,14,17,10,11,19,14,20,15,15,13,17,20,16,10,12,18,20,16,16,16,15,13,18,11,17,11,13,16,18,11,11,18,19
19,11,16,17,12,11,10,14,13,12,20,12,10,15,16,13,20,16,13,10,20,17,18,17,15,13,20,19,16,19,15,17,20,14,16,18,13,12,20,17,12,13,18,16,18,18,17,14,10,18
17,13,11,13,16,12,19,13,20,19,14,16,19,12,18,19,18,20,15,15,14,15,18,19,14,13,19,12,13,19,14,11,16,15,13,18,20,17,15,11,19,16,10,11,19,20,16,16,14,18
15,16,19,10,14,16,18,12,16,15,10,17,14,18,12,15,20,19,14,13,12,18,14,10,14,16,11,19,16,14,16,10,15,17,20,13,16,10,20,13,20,13,20,14,14,14,20,12,10,20
10,12,11,17,12,18,14,13,14,15,20,19,12,17,15,16,19,12,12,17,16,15,20,12,19,15,20,14,20,16,11,16,11,15,14,14,11,19,14,13,16,10,17,13,17,19,13,18,12,11
20,15,15,16,13,10,14,11,16,11,10,15,15,20,20,10,14,15,12,17,20,16,15,13,10,20,16,20,17,15,15,18,16,11,10,20,14,15,12,13,10,12,20,15,19,18,15,15,10,11
15,19,13,10,16,17,19,17,16,18,14,17,14,20,14,19,16,18,20,12,13,20,17,13,10,18,14,10,19,12,20,10,11,17,12,17,11,12,17,15,18,20,14,19,20,15,16,20,11,19
12,13,20,14,10,17,19,14,13,10,14,13,16,10,20,20,16,17,12,20,18,13,18,16,20,11,14,12,11,19,17,13,12,12,13,10,13,16,19,11,11,14,17,16,10,11,15,15,20,20
12,11,15,10,14,16,10,11,11,19,15,20,18,13,18,18,14,15,17,10,15,11,18,11,17,14,17,10,15,16,12,14,18,18,14,11,15,14,20,13,16,18,14,11,17,20,13,13,12,17
15,12,16,18,19,13,10,14,20,16,20,18,20,18,17,11,20,12,20,19,15,19,16,17,17,10,14,18,16,12,13,14,20,13,13,19,18,11,11,12,18,10,10,13,19,18,10,13,12,18
16,18,18,13,19,17,14,10,18,19,10,18,18,19,13,14,16,12,20,18,10,17,11,13,13,16,20,18,17,15,10,18,12,16,20,19,17,20,18,18,15,12,13,18,18,13,14,16,16,14
12,14,20,17,14,18,10,11,13,19,15,12,10,12,10,12,19,17,20,15,14,14,20,10,17,14,20,14,12,14,17,17,14,13,12,10,11,11,16,13,20,14,14,11,15,10,17,19,11,16
11,18,15,13,20,19,15,16,13,10,17,11,10,20,16,20,10,12,19,20,16,20,13,10,10,11,14,19,15,19,18,12,19,13,17,11,13,20,20,16,17,13,20,11,16,14,15,12,17,19
17,19,14,14,12,19,18,13,15,16,17,12,14,14,15,11,10,14,20,17,14,18,19,18,11,19,12,20,14,13,20,19,15,16,11,20,17,17,11,14,20,13,19,15,11,14,18,13,11,12
20,18,11,14,19,17,14,17,16,11,16,10,11,20,10,12,18,10,14,20,12,17,13,10,20,18,11,11,16,19,14,13,19,12,12,10,15,15,18,13,20,18,11,14,12,20,17,17,14,15
10,10,20,13,10,19,10,15,10,17,18,10,13,20,13,13,17,18,20,15,20,19,12,11,14,17,20,20,19,19,19,12,19,14,16,17,12,15,11,17,12,12,17,12,16,20,19,17,10,12
14,11,10,12,10,12,13,13,20,11,15,16,19,15,10,20,15,11,17,15,18,10,13,16,20,11,18,12,11,15,13,17,20,12,13,19,20,18,19,15,10,12,15,10,18,20,12,15,17,17
12,17,10,17,13,10,19,13,19,13,16,19,13,16,16,10,12,13,17,18,12,16,12,20,20,11,19,10,19,17,20,14,18,17,15,12,11,10,13,20,16,19,16,13,17,11,15,11,13,14
16,10,16,18,10,10,17,20,17,20,11,10,19,14,10,18,18,12,18,15,13,17,20,13,20,15,18,10,20,15,19,19,10,19,12,16,12,18,19,15,17,10,18,19,10,19,20,14,19,20
11,19,17,14,16,15,15,17,18,16,10,16,17,16,19,12,12,16,12,12,17,13,13,18,20,14,19,11,11,13,12,14,12,13,20,20,19,10,10,16,12,18,17,14,10,17,10,13,13,13
13,17,19,17,11,13,15,12,13,10,10,18,19,15,17,11,16,15,14,19,16,19,19,11,12,15,15,13,13,11,12,17,10,10,16,18,15,15,14,12,15,19,12,17,17,15,19,18,11,11
16,10,17,11,15,17,20,12,13,19,16,20,10,16,14,13,13,11,19,11,18,14,17,18,13,10,18,13,10,17,15,14,15,13,15,12,20,13,13,16,10,15,11,19,16,12,16,20,13,13
12,18,18,20,18,18,13,20,16,13,17,19,20,18,10,13,12,14,10,16,20,18,17,17,15,16,18,15,14,10,11,19,18,16,15,10,20,17,15,12,16,12,16,18,14,17,17,10,14,17
14,16,20,15,13,10,13,20,18,16,15,18,20,11,14,14,15,13,20,14,17,10,19,16,12,12,19,14,12,12,19,19,10,16,19,17,15,20,14,14,10,11,14,10,19,17,16,17,18,17
18,18,17,13,10,20,11,14,11,10,14,16,16,10,17,10,11,12,15,15,11,20,16,18,13,12,10,17,12,11,11,16,19,16,12,16,20,12,18,18,15,13,11,17,12,18,13,11,15,16
13,19,10,13,12,18,10,10,13,14,15,14,10,20,10,11,14,11,10,12,17,10,14,13,18,12,14,11,14,11,19,12,12,20,17,13,19,16,10,19,18,18,10,15,18,19,20,10,13,12
10,13,20,12,20,15,12,14,14,19,13,20,20,16,20,14,16,15,12,10,11,10,20,19,18,17,16,11,12,10,10,11,16,13,20,10,15,19,14,11,11,15,12,11,10,13,13,18,14,18
17,20,18,11,16,20,11,13,18,11,16,14,10,19,12,20,18,17,20,12,19,15,16,19,11,16,14,16,11,17,11,17,20,20,17,18,11,16,16,10,14,11,20,20,13,11,10,12,15,20
14,17,19,14,11,16,10,12,15,15,11,11,15,19,20,20,19,14,13,11,15,14,18,17,19,16,14,11,19,14,17,18,20,14,12,19,16,13,11,18,19,15,20,15,15,10,16,13,19,12
15,11,18,12,14,20,15,13,14,10,18,14,17,15,16,14,11,19,18,17,17,14,19,11,14,13,13,18,20,11,19,15,20,16,16,19,12,11,19,13,10,14,20,19,15,10,18,14,15,15
17,15,10,20,14,19,17,17,13,19,13,15,15,14,19,10,11,14,10,10,15,20,11,18,20,19,10,17,19,11,18,20,12,12,14,10,13,20,17,20,16,12,10,20,15,15,11,13,20,18
14,10,16,15,17,11,20,14,12,19,17,14,16,17,15,14,17,13,19,13,10,18,15,16,12,18,13,16,15,14,17,10,20,18,10,13,19,18,13,16,14,10,12,12,16,20,15,10,10,20
16,19,18,12,17,20,13,14,13,20,17,17,16,13,13,12,10,17,11,16,20,14,20,19,20,13,20,18,10,13,15,15,12,11,16,17,11,20,15,18,13,14,11,14,10,16,11,18,10,20
19,10,13,11,11,18,16,18,10,14,18,16,15,17,17,12,19,11,15,15,17,12,15,20,13,19,18,20,13,13,20,16,15,15,20,17,14,20,17,13,13,19,16,15,11,19,19,10,20,19
20,18,13,17,18,18,20,11,17,20,14,18,11,20,14,15,11,12,14,19,17,20,12,15,12,15,14,12,12,20,14,16,12,10,18,10,16,20,12,15,15,19,12,18,16,17,19,19,20,18
13,15,15,11,13,18,16,16,15,15,16,18,11,11,18,10,18,19,10,19,18,18,20,11,11,10,17,13,10,19,14,16,12,17,11,20,12,20,15,20,18,14,12,17,15,10,15,20,10,14
11,19,11,15,13,20,13,15,17,12,17,20,15,16,17,19,14,12,17,14,10,12,19,12,15,18,16,16,16,11,16,10,18,20,11,17,19,17,13,13,12,14,20,11,19,13,18,14,14,20
11,12,16,19,18,16,14,14,10,12,18,16,17,19,14,16,13,14,15,16,14,11,17,18,20,11,13,17,10,20,16,19,13,14,19,20,13,12,11,19,14,10,11,12,20,18,14,10,17,20
17,11,20,10,10,16,16,11,20,16,18,20,19,18,18,16,11,19,10,18,16,20,14,16,12,15,14,13,20,10,18,18,13,11,16,16,13,11,11,11,11,11,14,17,12,15,19,11,20,15
17,14,17,13,14,15,17,14,10,10,17,18,17,12,18,13,14,19,18,18,13,18,14,20,12,11,20,11,20,14,17,16,18,16,12,20,16,15,13,10,16,15,10,20,17,10,11,14,20,14
14,11,13,15,14,13,12,13,19,13,18,12,17,19,12,20,12,18,19,15,10,15,11,15,19,19,13,11,16,15,18,19,20,10,13,12,13,15,19,12,11,13,17,17,14,13,20,19,11,10
20,17,11,14,14,18,15,20,19,14,12,12,16,13,16,14,19,15,17,11,12,16,13,12,10,10,18,20,18,11,11,16,15,13,19,18,14,15,18,16,12,20,15,18,17,18,13,13,20,17

