The number of jobs:
20
The number of machines:
3
The number of vehicles:
3
The number of workers:
3

The processing time of each order processed on different machines:
(where rows denote machines: 1 to 3 and columns denote orders: 1 to 
20)
34,23,39,20,36,39,26,31,32,37,39,29,34,24,40,27,20,39,20,34
25,21,25,40,26,27,28,34,26,28,32,40,29,39,30,40,35,30,34,40
24,36,35,37,28,29,23,28,35,28,20,23,39,37,30,21,29,35,28,34

The coefficient of each worker on each machine:
(where rows denote workers: 1 to 3 and columns denote machines: 1 to 
3)
1,0.75,1.5
0.5,1,1.25
1,1.25,0.5

The unit processing cost of machines:

10,9,8

The unit idle cost of machines:

2,4,4

The distance between each location:
(where rows and columns denote locations: 0 to 20)
0,103,102,106,65,82,115,74,79,105,83,67,80,88,101,41,4,96,95,41,11
103,0,72,98,38,142,22,64,120,151,181,67,122,109,38,137,103,159,194,115,100
102,72,0,156,63,173,60,28,158,190,184,35,160,47,35,142,104,106,194,84,106
106,98,156,0,93,72,120,133,48,66,141,130,49,172,130,108,103,199,154,143,95
65,38,63,93,0,116,50,41,98,130,145,40,100,85,44,101,65,127,158,78,63
82,142,173,72,116,0,162,145,26,25,73,139,24,170,160,57,79,173,85,123,72
115,22,60,120,50,162,0,60,140,172,196,65,143,103,25,151,115,157,208,119,113
74,64,28,133,41,145,60,0,131,163,157,7,133,46,37,114,76,97,167,62,78
79,120,158,48,98,26,140,131,0,32,94,126,2,162,141,66,75,174,107,120,68
105,151,190,66,130,25,172,163,32,0,94,158,30,191,173,82,101,197,105,146,94
83,181,184,141,145,73,196,157,94,94,0,149,93,161,184,45,82,139,13,106,83
67,67,35,130,40,139,65,7,126,158,149,0,128,45,43,108,69,93,160,56,71
80,122,160,49,100,24,143,133,2,30,93,128,0,163,143,66,76,175,105,121,69
88,109,47,172,85,170,103,46,162,191,161,45,163,0,77,126,92,60,169,55,97
101,38,35,130,44,160,25,37,141,173,184,43,143,77,0,140,103,133,196,98,102
41,137,142,108,101,57,151,114,66,82,45,108,66,126,140,0,39,119,57,73,38
4,103,104,103,65,79,115,76,75,101,82,69,76,92,103,39,0,99,94,45,8
96,159,106,199,127,173,157,97,174,197,139,93,175,60,133,119,99,0,143,55,107
95,194,194,154,158,85,208,167,107,105,13,160,105,169,196,57,94,143,0,115,95
41,115,84,143,78,123,119,62,120,146,106,56,121,55,98,73,45,55,115,0,52
11,100,106,95,63,72,113,78,68,94,83,71,69,97,102,38,8,107,95,52,0

The weight of orders:
16,19,13,19,14,20,15,12,14,18,18,13,18,19,18,11,13,11,11,16

The unit tardiness penalty of orders:

9,6,7,8,9,7,9,9,7,7,10,9,6,7,7,6,9,8,10,6

The due date of orders:
388,430,431,303,439,482,239,232,508,246,381,454,570,632,195,304,340,516,488,372

the loading and unloading time of each order:
4,5,3,5,4,5,4,3,4,5,5,3,5,5,5,3,3,3,3,4

The sequence dependent setup time of each job processed on machine 1.
(Where rows denote jobs: 1 to 20 and columns denote jobs: 0 to 20.For example:The value of Sijk is in row j,column i+1.)
11,20,13,15,17,12,18,20,14,19,11,20,11,16,11,13,20,15,11,17
17,10,10,10,15,15,10,15,16,17,10,18,10,10,19,13,13,16,14,15
10,15,20,18,20,20,10,11,10,12,16,14,16,10,16,13,16,12,11,17
19,13,17,15,20,11,15,17,17,20,17,11,18,10,20,20,20,19,20,17
12,12,14,16,13,20,10,17,14,16,19,18,20,20,11,12,12,19,18,14
16,16,13,10,12,20,10,14,17,10,14,12,18,11,12,14,12,19,12,16
11,12,16,15,12,13,16,16,12,20,12,19,11,16,18,14,20,16,14,13
18,17,13,13,19,10,15,10,10,11,15,20,20,15,15,17,16,10,15,17
15,16,11,14,18,15,18,16,20,19,20,18,20,16,19,12,16,13,11,19
12,10,11,20,10,13,20,11,13,13,17,11,20,12,19,13,17,17,19,16
10,16,11,16,11,12,18,13,13,12,11,19,14,10,11,20,17,19,11,16
10,18,16,14,12,11,20,20,11,12,16,19,13,18,12,20,13,13,14,12
16,19,19,12,17,10,16,19,17,15,19,19,14,17,14,18,20,13,10,13
14,13,12,16,18,11,15,14,11,18,12,19,13,15,10,15,13,10,13,18
10,14,20,11,20,19,16,16,13,10,20,15,15,18,15,17,11,12,18,16
11,18,19,19,13,10,18,12,14,17,15,18,20,15,20,14,11,13,16,12
11,14,17,10,11,12,12,18,15,13,17,15,12,12,16,13,19,18,14,17
10,13,13,19,19,14,14,11,14,11,20,20,18,20,12,11,13,20,20,20
19,16,16,10,20,20,15,13,10,15,15,11,20,13,11,12,12,16,14,18
12,16,19,15,12,15,13,17,17,14,16,14,11,16,11,15,14,10,20,15
11,20,19,11,13,19,12,19,13,17,14,15,16,10,12,10,15,12,11,11

The sequence dependent setup time of each job processed on machine 2.
(Where rows denote jobs: 1 to 20 and columns denote jobs: 0 to 20.For example:The value of Sijk is in row j,column i+1.)
18,17,15,19,11,13,18,13,20,17,16,14,20,10,14,11,17,12,10,20
12,19,17,20,13,16,15,18,17,12,10,11,13,13,14,18,18,19,17,17
18,19,17,13,10,18,20,18,11,17,15,13,17,17,17,16,16,14,19,19
17,20,12,20,13,15,18,11,11,12,19,19,11,10,14,18,19,18,18,12
19,18,16,10,10,17,18,16,18,11,18,10,20,12,14,13,15,16,20,20
20,17,11,17,16,14,13,19,15,19,19,19,20,20,17,10,18,14,11,18
20,10,11,17,10,11,19,13,17,17,13,10,10,19,13,20,10,16,11,13
18,13,14,14,14,19,12,19,11,14,13,15,10,19,15,18,12,10,12,17
13,18,14,12,13,14,20,14,11,11,10,16,16,12,18,18,12,10,13,12
20,16,13,20,18,13,10,12,17,11,13,12,14,19,12,16,12,11,15,20
19,15,12,13,20,16,15,16,10,13,15,13,14,19,15,12,11,20,10,16
19,11,12,14,18,20,18,14,17,16,14,15,18,20,18,10,15,14,20,11
18,20,11,20,14,19,15,15,13,10,18,16,19,18,14,13,20,20,11,16
19,14,14,19,18,14,17,11,13,19,17,11,19,16,17,17,14,10,20,12
13,11,11,14,11,18,14,16,15,10,17,20,11,14,11,15,12,20,13,18
17,12,11,12,16,14,16,14,20,17,19,17,20,20,17,10,19,20,10,15
16,11,11,20,14,13,19,20,17,15,13,13,16,17,19,15,17,14,18,12
11,19,17,15,18,17,16,20,11,18,11,12,19,12,11,18,20,20,11,12
16,13,19,11,11,20,15,19,11,12,12,15,19,15,12,16,17,10,13,17
16,18,16,16,20,10,11,15,18,10,20,19,15,11,15,18,17,18,19,13
13,18,10,15,14,20,16,13,12,13,11,18,20,19,19,10,19,20,13,19

The sequence dependent setup time of each job processed on machine 3.
(Where rows denote jobs: 1 to 20 and columns denote jobs: 0 to 20.For example:The value of Sijk is in row j,column i+1.)
20,10,16,19,13,13,19,11,13,12,13,12,18,14,14,14,11,18,12,18
14,15,18,11,18,16,11,14,14,16,11,12,16,17,14,12,19,12,16,19
18,12,10,14,19,10,11,13,19,12,18,14,10,16,18,19,13,20,17,15
14,13,17,19,13,15,13,12,10,20,17,16,14,17,16,20,19,19,16,18
18,11,11,11,17,13,13,17,13,20,10,16,16,19,16,12,10,18,11,11
20,17,20,14,14,10,15,10,17,13,18,20,12,19,16,10,11,12,15,19
12,20,10,18,16,14,20,17,10,16,14,18,15,18,15,14,10,16,10,18
20,15,10,13,15,17,11,16,13,13,14,10,19,18,19,17,16,20,10,18
19,16,20,10,16,12,17,15,16,12,10,14,17,11,12,18,12,17,15,17
18,16,12,13,11,18,16,19,19,12,19,16,20,17,19,14,17,19,18,14
16,18,16,20,13,20,12,16,16,18,12,12,11,17,14,14,14,16,13,14
19,10,20,16,10,16,14,12,10,16,13,13,12,10,11,18,12,12,10,16
14,10,17,16,11,15,16,17,11,18,17,11,10,19,10,19,16,12,20,15
10,10,14,16,14,16,14,18,12,12,11,13,13,10,11,11,17,14,17,20
19,17,16,12,20,13,17,19,13,18,10,19,13,15,20,12,14,13,18,17
18,13,13,19,17,20,19,15,17,11,10,18,20,11,12,16,18,18,19,14
11,16,20,10,11,18,12,13,15,12,16,20,16,15,11,11,11,12,15,15
18,13,19,16,15,10,16,11,10,20,13,19,20,12,15,14,11,20,16,11
20,16,12,15,10,14,11,19,18,16,20,10,17,12,15,12,20,13,15,10
19,12,15,14,13,16,19,18,20,17,15,18,19,18,14,10,16,15,16,18
13,11,18,10,12,18,15,12,17,20,15,11,14,17,11,14,18,12,16,15

