The number of factories:
2
The number of jobs:
20
The number of machines:
5
The number of vehicles:
3
The number of workers:
2

The factory where machine i is located:
1,1,1,2,2

The vehicle which belong to factory 1:
1
The vehicle which belong to factory 2:
2,3

The processing time of each order processed on different machines:
(where rows denote orders: 1 to 20 and columns denote machines: 1 to 
5)
31,31,37,23,30,27,22,31,28,27,35,24,27,24,20,20,27,28,26,20
36,34,26,21,31,35,20,25,27,33,27,38,29,39,33,39,26,36,20,31
22,39,26,30,25,39,27,36,21,30,32,26,33,20,35,38,24,31,24,32
40,25,28,30,33,22,20,37,28,23,26,34,25,24,37,22,29,34,20,39
37,35,25,31,34,24,38,32,24,32,22,28,20,31,25,35,20,22,27,24

The coefficient of each worker on each machine:
(where rows denote workers: 1 to 2 and columns denote machines: 1 to 
5)
1.5,0.75,0.5,1,1.25
1.5,1,1,0.75,1

The unit processing cost of machines:

7,7,9,10,9

The unit idle cost of machines:

2,2,1,3,5

The distance between each location:
(where rows and columns denote locations from factory 1 to customers)
0,17,57,99,103,133,147,65,96,132,109,49,71,80,157,40,96,115,136,78,93
17,0,45,87,107,124,132,52,79,117,109,32,54,73,147,37,79,103,126,64,96
57,45,0,42,149,80,129,76,65,80,149,45,47,105,102,78,74,58,81,23,139
99,87,42,0,187,50,129,104,68,49,183,77,64,135,63,116,81,16,44,25,177
103,107,149,187,0,230,156,89,145,200,22,111,129,62,250,72,134,203,229,162,11
133,124,80,50,230,0,176,152,118,83,229,123,114,182,29,158,131,38,16,72,219
147,132,129,129,156,176,0,87,64,99,139,100,83,97,178,122,55,138,165,116,152
65,52,76,104,89,152,87,0,57,112,81,31,42,31,168,35,48,120,148,80,81
96,79,65,68,145,118,64,57,0,57,135,48,25,84,125,85,14,80,109,52,137
132,117,80,49,200,83,99,112,57,0,192,94,72,141,79,135,71,48,69,57,192
109,109,149,183,22,229,139,81,135,192,0,107,122,51,247,73,123,199,227,159,26
49,32,45,77,111,123,100,31,48,94,107,0,24,60,140,42,47,93,120,52,101
71,54,47,64,129,114,83,42,25,72,122,24,0,72,127,64,28,80,108,42,121
80,73,105,135,62,182,97,31,84,141,51,60,72,0,198,40,72,151,179,111,56
157,147,102,63,250,29,178,168,125,79,247,140,127,198,0,178,140,47,21,88,240
40,37,78,116,72,158,122,35,85,135,73,42,64,40,178,0,79,132,158,91,62
96,79,74,81,134,131,55,48,14,71,123,47,28,72,140,79,0,94,123,64,127
115,103,58,16,203,38,138,120,80,48,199,93,80,151,47,132,94,0,29,41,193
136,126,81,44,229,16,165,148,109,69,227,120,108,179,21,158,123,29,0,68,219
78,64,23,25,162,72,116,80,52,57,159,52,42,111,88,91,64,41,68,0,152
93,96,139,177,11,219,152,81,137,192,26,101,121,56,240,62,127,193,219,152,0
The distance between each location:
(where rows and columns denote locations from factory 2 to customers)
0,110,117,127,124,177,32,60,59,110,107,80,70,66,184,94,46,140,168,109,120
110,0,45,87,107,124,132,52,79,117,109,32,54,73,147,37,79,103,126,64,96
117,45,0,42,149,80,129,76,65,80,149,45,47,105,102,78,74,58,81,23,139
127,87,42,0,187,50,129,104,68,49,183,77,64,135,63,116,81,16,44,25,177
124,107,149,187,0,230,156,89,145,200,22,111,129,62,250,72,134,203,229,162,11
177,124,80,50,230,0,176,152,118,83,229,123,114,182,29,158,131,38,16,72,219
32,132,129,129,156,176,0,87,64,99,139,100,83,97,178,122,55,138,165,116,152
60,52,76,104,89,152,87,0,57,112,81,31,42,31,168,35,48,120,148,80,81
59,79,65,68,145,118,64,57,0,57,135,48,25,84,125,85,14,80,109,52,137
110,117,80,49,200,83,99,112,57,0,192,94,72,141,79,135,71,48,69,57,192
107,109,149,183,22,229,139,81,135,192,0,107,122,51,247,73,123,199,227,159,26
80,32,45,77,111,123,100,31,48,94,107,0,24,60,140,42,47,93,120,52,101
70,54,47,64,129,114,83,42,25,72,122,24,0,72,127,64,28,80,108,42,121
66,73,105,135,62,182,97,31,84,141,51,60,72,0,198,40,72,151,179,111,56
184,147,102,63,250,29,178,168,125,79,247,140,127,198,0,178,140,47,21,88,240
94,37,78,116,72,158,122,35,85,135,73,42,64,40,178,0,79,132,158,91,62
46,79,74,81,134,131,55,48,14,71,123,47,28,72,140,79,0,94,123,64,127
140,103,58,16,203,38,138,120,80,48,199,93,80,151,47,132,94,0,29,41,193
168,126,81,44,229,16,165,148,109,69,227,120,108,179,21,158,123,29,0,68,219
109,64,23,25,162,72,116,80,52,57,159,52,42,111,88,91,64,41,68,0,152
120,96,139,177,11,219,152,81,137,192,26,101,121,56,240,62,127,193,219,152,0

The weight of orders:
15,20,15,19,19,19,18,15,17,16,10,20,18,11,16,18,13,10,16,20

The unit tardiness penalty of orders:

7,7,8,9,10,8,9,7,9,8,8,6,7,7,8,7,7,7,8,10

The due date of orders:
553,622,336,217,435,798,466,217,600,448,393,333,654,310,570,413,457,375,613,348

the loading and unloading time of each order:
4,5,4,5,5,5,5,4,4,4,3,5,5,3,4,5,3,3,4,5

The sequence dependent setup time of each job processed on machine 1.
(Where rows denote jobs: 1 to 20 and columns denote jobs: 0 to 20.For example:The value of Sijk is in row j,column i+1.)
15,12,11,16,11,14,11,19,18,13,20,10,13,19,16,19,17,13,18,18
14,12,10,10,17,14,13,12,19,17,16,18,11,18,10,18,10,20,18,18
11,12,16,15,17,18,14,20,15,10,10,14,18,13,12,12,10,10,12,18
20,12,13,17,13,15,15,14,13,10,17,15,11,18,10,16,13,12,15,14
10,11,14,18,11,13,16,20,12,15,13,12,12,19,20,15,16,10,12,19
11,10,17,11,16,10,15,15,16,16,16,19,19,15,12,18,19,10,15,17
16,13,11,13,16,11,19,14,10,20,17,10,18,15,15,10,18,18,16,13
13,16,15,11,10,10,20,14,20,20,17,13,14,10,16,18,11,15,10,12
20,19,18,17,20,20,14,17,16,11,17,15,13,12,18,14,12,16,12,15
11,19,10,16,16,12,15,10,10,16,14,20,13,15,15,20,13,13,20,18
19,12,20,11,20,18,12,19,10,19,17,19,11,13,15,20,13,18,18,16
15,16,20,16,20,11,16,16,13,12,14,17,16,10,12,12,15,17,12,20
13,14,19,13,11,17,17,18,19,14,19,13,14,15,16,14,16,19,14,18
19,16,12,15,17,13,16,13,15,14,11,10,18,18,13,11,20,11,15,16
19,13,18,18,15,17,17,20,16,13,12,13,11,18,13,17,12,19,15,13
15,16,11,10,17,17,18,14,20,12,11,14,14,14,12,19,13,13,18,20
10,18,12,18,13,16,19,13,19,12,20,16,10,13,17,11,18,15,17,13
20,17,17,14,13,19,16,15,15,17,15,19,14,18,11,13,13,19,15,13
18,18,10,11,17,13,16,18,14,16,18,14,19,15,16,13,17,19,11,13
20,17,15,18,15,16,13,17,13,11,13,10,15,20,16,14,13,18,11,17
15,20,18,13,14,14,10,16,10,15,18,18,17,14,12,20,19,18,17,16

The sequence dependent setup time of each job processed on machine 2.
(Where rows denote jobs: 1 to 20 and columns denote jobs: 0 to 20.For example:The value of Sijk is in row j,column i+1.)
14,16,14,19,19,12,20,10,10,11,14,15,14,10,11,14,19,14,19,17
14,19,11,17,14,16,12,14,16,19,12,20,12,14,17,14,18,15,14,10
15,15,11,14,15,12,10,18,14,12,11,10,18,16,15,19,10,18,12,10
14,20,11,19,18,15,20,18,12,20,13,13,13,17,13,13,11,16,19,13
19,18,13,13,12,12,17,16,19,17,10,19,13,10,20,14,10,20,18,18
16,13,20,14,11,11,14,11,12,11,11,12,16,11,18,18,20,16,18,15
10,15,15,12,12,15,20,11,15,11,16,20,12,16,13,13,19,17,12,15
14,17,10,13,10,20,17,16,17,19,19,20,17,11,13,14,19,10,14,17
16,12,16,16,19,11,17,12,11,10,10,10,17,16,14,16,13,15,14,20
18,20,15,20,10,20,16,16,10,10,15,10,19,11,17,10,11,18,16,14
10,17,12,19,18,18,12,18,20,18,18,14,16,12,15,10,20,14,16,13
13,20,20,11,16,18,17,12,13,12,13,12,11,15,20,14,11,17,13,15
16,20,15,19,11,12,15,14,15,14,17,14,13,16,14,16,12,18,12,12
15,18,11,10,13,14,12,14,12,13,19,14,11,11,17,16,18,11,16,19
12,13,19,15,14,12,16,13,12,13,13,14,18,14,19,15,14,19,19,19
20,15,20,20,13,13,20,17,18,12,20,10,17,13,10,13,16,15,16,11
14,13,18,20,13,16,11,11,17,10,20,12,16,11,18,11,13,13,12,12
10,10,19,19,11,13,14,17,16,14,12,19,17,11,13,15,11,12,12,17
16,12,12,11,17,20,16,13,15,15,12,14,16,20,14,12,11,20,16,16
16,17,12,16,14,20,13,18,18,20,19,15,14,17,13,10,13,19,20,15
14,15,16,19,18,13,14,19,16,20,16,10,15,13,18,14,10,16,11,13

The sequence dependent setup time of each job processed on machine 3.
(Where rows denote jobs: 1 to 20 and columns denote jobs: 0 to 20.For example:The value of Sijk is in row j,column i+1.)
13,11,18,19,13,11,20,14,14,14,16,17,13,10,10,20,14,14,13,17
12,20,10,11,13,19,17,19,12,18,14,10,16,18,10,20,14,10,19,10
10,18,18,16,20,13,12,19,18,14,12,16,12,10,12,12,11,14,11,19
20,11,17,14,19,16,10,13,13,18,16,15,18,19,18,17,18,20,17,11
19,11,14,17,18,16,14,12,20,14,13,11,14,20,14,20,16,13,17,15
10,14,18,18,10,18,19,12,19,12,18,10,12,19,12,11,19,19,16,15
17,15,17,18,16,14,16,14,13,20,11,17,16,11,16,19,15,11,17,19
17,11,17,17,14,19,17,17,15,18,18,13,19,13,10,16,20,10,20,15
16,18,14,11,20,16,17,10,20,18,13,16,11,11,11,20,14,10,14,11
17,10,18,18,13,10,15,19,17,19,16,11,16,20,10,18,19,15,17,11
13,11,14,15,20,18,10,11,14,14,16,12,18,10,14,17,16,18,18,19
18,18,14,20,14,15,17,20,12,20,17,12,15,15,18,12,12,17,20,10
17,14,18,15,20,12,19,20,20,19,13,10,12,15,16,12,11,18,10,15
20,12,10,10,12,11,10,15,12,13,13,11,20,12,13,18,16,15,19,20
20,12,12,11,11,11,13,18,17,16,14,10,10,14,16,20,14,19,16,11
15,14,11,19,18,17,13,11,17,10,16,16,19,15,10,15,19,17,12,10
12,13,16,18,13,12,10,12,11,18,16,19,15,14,10,11,11,16,18,10
15,13,20,18,20,15,16,11,18,13,18,14,20,19,12,18,12,12,10,13
19,14,20,10,19,17,12,19,20,14,19,14,12,12,11,10,12,18,17,10
15,18,12,20,12,11,14,13,11,19,13,18,15,17,17,12,16,12,12,15
17,11,20,15,19,13,18,10,11,14,11,11,18,10,12,17,19,13,20,17

The sequence dependent setup time of each job processed on machine 4.
(Where rows denote jobs: 1 to 20 and columns denote jobs: 0 to 20.For example:The value of Sijk is in row j,column i+1.)
15,12,15,11,17,15,13,18,19,18,12,12,10,16,17,15,15,20,16,14
12,20,15,16,10,10,11,16,10,15,15,17,16,15,10,14,17,11,14,20
17,20,10,16,17,14,15,19,12,14,17,20,13,18,10,16,18,15,10,11
12,13,16,19,16,18,14,15,10,12,11,20,12,14,14,10,13,12,20,13
19,14,16,15,12,10,13,19,19,17,14,12,11,17,11,12,11,20,16,11
13,10,16,18,12,16,19,17,13,19,17,10,19,19,11,12,11,10,16,16
16,10,12,11,19,18,15,18,12,16,19,13,10,14,18,12,13,16,12,16
17,15,14,13,17,19,14,14,16,16,13,18,10,13,16,15,15,20,12,12
10,11,10,16,19,15,14,20,19,19,19,16,17,18,18,14,12,11,15,19
17,14,17,13,11,14,12,11,17,10,12,16,19,12,11,12,11,10,10,20
20,15,11,10,20,16,14,20,19,17,14,16,19,16,19,11,12,11,13,14
11,16,10,12,13,15,10,18,12,16,18,17,15,18,18,12,11,19,18,20
11,12,19,18,11,13,15,18,19,12,17,13,16,14,16,19,20,15,11,15
14,12,11,13,14,14,19,14,12,17,18,18,11,14,18,16,14,17,19,18
10,13,18,19,10,11,15,20,15,17,11,20,17,11,20,10,11,12,16,14
13,11,17,16,11,20,19,18,19,14,20,11,17,12,11,19,20,19,15,17
18,10,19,10,19,15,17,16,14,19,19,12,11,20,11,14,14,20,13,11
14,16,13,16,14,12,18,17,15,14,14,10,11,18,19,14,18,14,16,10
11,12,11,11,10,18,19,15,15,11,15,20,12,16,17,20,16,12,20,11
14,16,17,12,14,20,20,18,15,15,11,20,11,13,13,16,19,15,16,13
20,20,17,10,12,16,11,11,20,20,14,13,18,11,16,15,19,13,12,17

The sequence dependent setup time of each job processed on machine 5.
(Where rows denote jobs: 1 to 20 and columns denote jobs: 0 to 20.For example:The value of Sijk is in row j,column i+1.)
15,15,10,12,19,13,16,11,15,18,13,19,17,20,20,15,20,11,14,13
13,13,16,10,14,16,16,13,10,14,11,18,12,19,17,15,15,16,17,19
19,10,12,20,16,17,17,14,12,15,19,10,14,16,15,20,13,13,12,17
20,18,16,11,18,19,19,19,10,16,19,14,20,14,15,17,10,10,19,12
18,17,10,13,11,20,14,12,15,16,15,11,12,10,10,13,16,16,20,18
20,18,17,10,19,16,12,15,18,20,10,18,16,12,19,19,18,13,20,13
18,18,10,19,11,15,18,15,11,13,10,20,15,16,16,20,10,10,11,13
20,13,11,13,12,15,14,20,11,19,14,12,11,19,17,19,14,15,10,19
15,11,12,20,16,18,12,12,18,14,18,19,13,17,15,10,13,15,12,18
19,12,14,13,12,17,11,12,13,13,14,17,18,12,20,18,18,15,12,14
20,18,11,19,15,12,10,14,16,16,20,10,12,11,20,20,13,12,13,13
16,18,18,17,14,15,15,18,10,14,13,12,16,11,20,11,20,17,20,20
14,18,11,16,11,18,14,18,16,10,16,18,17,20,12,14,20,19,13,20
19,12,17,20,19,18,13,17,11,14,18,14,20,19,19,19,17,10,20,11
16,20,13,14,20,16,13,10,15,17,19,17,13,13,11,14,18,10,11,11
16,19,14,11,17,10,20,13,16,15,18,16,16,18,19,20,16,11,20,12
18,11,20,18,10,13,11,19,12,15,17,16,10,13,16,18,12,18,17,15
11,10,20,15,11,16,11,19,18,17,20,17,16,14,14,16,18,19,10,11
15,19,18,16,17,20,18,17,10,15,11,16,17,17,18,11,20,17,14,10
13,15,11,16,17,15,15,19,17,18,12,18,18,15,15,17,13,17,13,14
16,20,11,16,19,19,12,15,18,18,18,10,11,15,17,14,16,16,13,12

