The number of jobs:
50
The number of machines:
6
The number of vehicles:
4
The number of workers:
5

The processing time of each order processed on different machines:
(where rows denote machines: 1 to 6 and columns denote orders: 1 to 
50)
34,23,40,20,37,29,33,31,39,26,37,33,26,26,24,34,31,30,35,25,33,29,37,36,39,34,22,27,39,40,33,34,29,36,20,22,31,20,25,37,28,34,26,29,25,32,21,25,35,39
35,36,37,30,24,35,20,34,28,36,40,23,36,26,37,32,31,31,31,28,34,35,24,23,40,32,23,21,36,24,37,35,32,27,20,23,33,23,32,33,28,30,29,21,31,35,36,37,37,26
29,24,25,28,25,38,32,22,22,38,37,27,28,22,31,20,40,29,36,23,32,37,31,23,28,26,30,30,31,29,40,28,32,37,37,29,36,21,20,37,29,21,25,30,21,31,37,31,40,37
33,25,23,31,31,29,34,24,36,36,25,30,27,40,29,34,24,22,25,24,23,24,35,26,32,26,21,32,23,30,29,40,29,23,27,21,23,34,36,24,33,32,30,27,23,26,25,22,27,20
20,28,21,25,25,31,25,33,21,21,29,23,33,24,34,23,37,35,37,26,39,20,38,39,21,34,38,22,38,38,34,40,22,40,35,29,38,25,39,28,24,40,31,34,37,27,27,25,29,21
24,31,25,32,26,33,20,40,28,37,37,23,25,26,33,30,35,36,30,37,25,27,22,27,27,33,32,28,36,29,39,33,33,26,31,32,22,21,25,31,32,26,31,24,40,36,29,37,22,32

The coefficient of each worker on each machine:
(where rows denote workers: 1 to 5 and columns denote machines: 1 to 
6)
1.25,1,0.5,0.75,0.5,1.25
1.25,1.25,0.5,0.5,1.5,1
0.5,1,0.75,0.5,0.5,0.5
0.5,0.75,1,1,0.75,1.5
1.25,0.75,1,1.25,0.5,0.5

The unit processing cost of machines:

7,9,8,10,8,7

The unit idle cost of machines:

2,5,2,4,2,4

The distance between each location:
(where rows and columns denote locations: 0 to 50)
0,85,52,49,97,114,63,102,91,96,96,67,44,88,60,82,85,99,66,126,73,43,74,18,103,47,94,83,80,101,88,70,94,57,57,85,107,114,74,98,97,127,49,37,106,52,82,58,78,66,117
85,0,113,82,144,191,138,38,163,177,179,103,108,83,131,103,48,95,115,188,132,112,148,75,49,115,167,10,124,72,64,60,169,35,136,133,93,195,152,182,80,107,88,62,100,128,142,34,70,149,81
52,113,0,33,144,138,98,111,51,73,80,28,91,139,100,47,129,74,17,77,118,87,106,69,107,9,126,115,30,90,136,118,123,97,35,33,158,130,45,110,147,178,101,51,79,24,32,98,67,54,105
49,82,33,0,146,156,109,78,84,105,111,23,93,124,108,34,107,52,33,106,122,91,119,60,75,39,140,86,43,60,116,100,138,74,65,51,141,152,78,133,129,161,94,25,58,55,60,74,36,83,76
97,144,144,146,0,78,56,176,164,147,138,164,53,74,48,179,106,195,160,204,27,57,55,88,183,136,55,135,174,190,93,86,60,109,130,177,82,95,142,98,85,94,57,129,201,132,169,110,171,123,206
114,191,138,156,78,0,53,214,130,101,88,165,83,143,60,184,167,207,154,168,67,79,43,117,217,128,26,185,165,214,159,146,23,156,108,165,156,20,111,36,155,170,107,150,213,116,150,157,190,91,230
63,138,98,109,56,53,0,162,109,91,82,122,31,99,11,140,117,161,114,149,30,26,11,65,165,89,31,133,127,164,111,96,31,104,76,129,114,58,87,51,111,132,57,100,167,81,118,105,141,68,180
102,38,111,78,176,214,162,0,162,183,187,93,135,121,156,85,86,69,108,179,161,137,172,97,12,116,192,49,113,40,102,96,193,68,141,121,131,215,155,200,119,145,119,68,71,131,136,67,50,158,45
91,163,51,84,164,130,109,162,0,35,48,72,117,178,115,87,175,115,55,40,137,111,114,109,157,48,128,165,57,137,179,161,124,145,36,51,197,116,22,96,187,217,135,101,119,38,31,145,115,41,150
96,177,73,105,147,101,91,183,35,0,13,99,108,176,100,117,180,145,83,68,121,101,93,113,180,67,104,177,88,164,181,163,99,153,42,83,194,84,28,65,187,214,131,117,149,51,64,154,140,30,178
96,179,80,111,138,88,82,187,48,13,0,107,102,172,92,126,178,153,92,81,113,95,84,111,185,73,92,178,98,171,178,160,87,153,47,94,189,71,36,52,183,209,126,120,158,57,75,154,147,30,185
67,103,28,23,164,165,122,93,72,99,107,0,111,147,123,19,130,46,16,86,139,108,131,81,87,37,151,108,21,66,140,123,149,97,63,30,164,158,72,138,153,184,115,48,51,53,43,98,44,82,79
44,108,91,93,53,83,31,135,117,108,102,111,0,70,22,126,86,143,107,156,29,7,41,38,139,84,59,102,121,142,81,65,61,73,81,125,87,90,96,81,82,107,26,78,150,82,118,74,121,80,158
88,83,139,124,74,143,99,121,178,176,172,147,70,0,88,156,37,162,151,214,76,77,105,70,130,135,117,73,164,146,21,26,121,57,143,170,18,155,159,150,12,39,45,100,167,140,171,57,134,147,160
60,131,100,108,48,60,11,156,115,100,92,123,22,88,0,140,108,159,116,156,21,19,18,59,160,91,36,125,130,160,101,86,38,96,82,132,103,68,94,62,100,121,47,96,165,85,122,97,138,75,177
82,103,47,34,179,184,140,85,87,117,126,19,126,156,140,0,136,28,34,95,155,124,149,94,77,57,169,109,31,52,147,131,168,103,82,39,173,177,90,157,161,192,128,56,32,72,57,103,35,101,63
85,48,129,107,106,167,117,86,175,180,178,130,86,37,108,136,0,136,138,207,102,92,126,68,97,128,141,38,150,116,16,21,144,33,142,157,45,176,159,167,32,60,60,82,141,137,161,32,108,150,128
99,95,74,52,195,207,161,69,115,145,153,46,143,162,159,28,136,0,61,120,173,142,171,107,59,83,191,103,58,30,149,136,190,105,108,66,177,202,117,182,164,195,140,66,6,98,84,105,27,128,37
66,115,17,33,160,154,114,108,55,83,92,16,107,151,116,34,138,61,0,73,134,103,123,82,102,26,142,119,14,82,146,128,140,105,49,20,169,145,56,125,157,189,115,56,66,39,28,105,60,68,95
126,188,77,106,204,168,149,179,40,68,81,86,156,214,156,95,207,120,73,0,177,150,154,144,172,79,168,191,66,148,213,195,164,175,75,57,233,152,62,133,223,253,173,128,122,75,46,176,129,82,157
73,132,118,122,27,67,30,161,137,121,113,139,29,76,21,155,102,173,134,177,0,31,32,67,167,110,41,125,148,170,92,80,45,97,103,151,89,80,115,78,88,105,44,107,179,106,142,97,150,97,186
43,112,87,91,57,79,26,137,111,101,95,108,7,77,19,124,92,142,103,150,31,0,36,40,141,79,55,106,117,142,87,71,57,77,75,120,94,84,89,75,89,114,33,78,148,77,113,78,120,73,158
74,148,106,119,55,43,11,172,114,93,84,131,41,105,18,149,126,171,123,154,32,36,0,75,176,97,21,142,136,174,119,104,21,114,83,137,120,50,92,46,117,137,65,110,177,89,125,115,151,72,191
18,75,69,60,88,117,65,97,109,113,111,81,38,70,59,94,68,107,82,144,67,40,75,0,101,65,95,71,96,104,70,51,96,43,75,101,89,120,92,107,79,109,34,41,114,71,100,44,83,83,120
103,49,107,75,183,217,165,12,157,180,185,87,139,130,160,77,97,59,102,172,167,141,176,101,0,113,196,59,106,29,112,105,196,76,139,115,142,217,152,201,129,156,126,68,61,129,130,75,43,156,34
47,115,9,39,136,128,89,116,48,67,73,37,84,135,91,57,128,83,26,79,110,79,97,65,113,0,116,116,39,98,134,115,114,97,26,41,154,120,39,101,144,174,96,53,88,16,35,98,74,45,113
94,167,126,140,55,26,31,192,128,104,92,151,59,117,36,169,141,191,142,168,41,55,21,95,196,116,0,161,155,195,133,120,6,132,100,156,130,40,107,45,129,145,81,131,197,107,143,133,172,87,211
83,10,115,86,135,185,133,49,165,177,178,108,102,73,125,109,38,103,119,191,125,106,142,71,59,116,161,0,129,81,54,50,163,29,136,137,83,190,152,178,70,97,81,64,108,128,145,28,77,148,91
80,124,30,43,174,165,127,113,57,88,98,21,121,164,130,31,150,58,14,66,148,117,136,96,106,39,155,129,0,83,158,141,152,117,59,9,182,156,62,136,171,202,129,67,62,50,26,117,64,77,95
101,72,90,60,190,214,164,40,137,164,171,66,142,146,160,52,116,30,82,148,170,142,174,104,29,98,195,81,83,0,131,121,195,90,124,91,160,211,136,193,147,176,133,64,32,114,108,89,24,143,16
88,64,136,116,93,159,111,102,179,181,178,140,81,21,101,147,16,149,146,213,92,87,119,70,112,134,133,54,158,131,0,19,136,44,145,165,29,169,162,162,16,46,55,92,154,141,168,44,121,151,143
70,60,118,100,86,146,96,96,161,163,160,123,65,26,86,131,21,136,128,195,80,71,104,51,105,115,120,50,141,121,19,0,123,31,126,148,42,154,143,146,30,61,39,75,142,122,150,31,108,133,134
94,169,123,138,60,23,31,193,124,99,87,149,61,121,38,168,144,190,140,164,45,57,21,96,196,114,6,163,152,195,136,123,0,134,97,153,134,35,103,40,133,150,84,131,196,104,139,135,172,83,211
57,35,97,74,109,156,104,68,145,153,153,97,73,57,96,103,33,105,105,175,97,77,114,43,76,97,132,29,117,90,44,31,134,0,113,124,72,161,130,150,59,90,53,49,111,107,129,1,78,124,103
57,136,35,65,130,108,76,141,36,42,47,63,81,143,82,82,142,108,49,75,103,75,83,75,139,26,100,136,59,124,145,126,97,113,0,57,161,97,17,77,152,182,99,75,114,10,43,114,100,19,139
85,133,33,51,177,165,129,121,51,83,94,30,125,170,132,39,157,66,20,57,151,120,137,101,115,41,156,137,9,91,165,148,153,124,57,0,188,154,59,134,177,209,134,75,69,49,20,125,72,75,102
107,93,158,141,82,156,114,131,197,194,189,164,87,18,103,173,45,177,169,233,89,94,120,89,142,154,130,83,182,160,29,42,134,72,161,188,0,169,178,165,13,21,63,117,183,159,189,72,149,165,172
114,195,130,152,95,20,58,215,116,84,71,158,90,155,68,177,176,202,145,152,80,84,50,120,217,120,40,190,156,211,169,154,35,161,97,154,169,0,98,21,167,185,115,149,207,107,138,162,187,80,227
74,152,45,78,142,111,87,155,22,28,36,72,96,159,94,90,159,117,56,62,115,89,92,92,152,39,107,152,62,136,162,143,103,130,17,59,178,98,0,77,169,198,115,91,122,24,40,131,112,20,150
98,182,110,133,98,36,51,200,96,65,52,138,81,150,62,157,167,182,125,133,78,75,46,107,201,101,45,178,136,193,162,146,40,150,77,134,165,21,77,0,162,183,108,133,188,86,117,151,169,59,209
97,80,147,129,85,155,111,119,187,187,183,153,82,12,100,161,32,164,157,223,88,89,117,79,129,144,129,70,171,147,16,30,133,59,152,177,13,167,169,162,0,32,56,105,170,149,178,59,137,157,159
127,107,178,161,94,170,132,145,217,214,209,184,107,39,121,192,60,195,189,253,105,114,137,109,156,174,145,97,202,176,46,61,150,90,182,209,21,185,198,183,32,0,83,137,200,179,209,90,167,185,188
49,88,101,94,57,107,57,119,135,131,126,115,26,45,47,128,60,140,115,173,44,33,65,34,126,96,81,81,129,133,55,39,84,53,99,134,63,115,115,108,56,83,0,74,147,98,131,54,115,102,149
37,62,51,25,129,150,100,68,101,117,120,48,78,100,96,56,82,66,56,128,107,78,110,41,68,53,131,64,67,64,92,75,131,49,75,75,117,149,91,133,105,137,74,0,73,66,82,50,42,90,80
106,100,79,58,201,213,167,71,119,149,158,51,150,167,165,32,141,6,66,122,179,148,177,114,61,88,197,108,62,32,154,142,196,111,114,69,183,207,122,188,170,200,147,73,0,103,88,111,33,133,36
52,128,24,55,132,116,81,131,38,51,57,53,82,140,85,72,137,98,39,75,106,77,89,71,129,16,107,128,50,114,141,122,104,107,10,49,159,107,24,86,149,179,98,66,103,0,37,108,90,29,129
82,142,32,60,169,150,118,136,31,64,75,43,118,171,122,57,161,84,28,46,142,113,125,100,130,35,143,145,26,108,168,150,139,129,43,20,189,138,40,117,178,209,131,82,88,37,0,130,87,58,120
58,34,98,74,110,157,105,67,145,154,154,98,74,57,97,103,32,105,105,176,97,78,115,44,75,98,133,28,117,89,44,31,135,1,114,125,72,162,131,151,59,90,54,50,111,108,130,0,78,125,103
78,70,67,36,171,190,141,50,115,140,147,44,121,134,138,35,108,27,60,129,150,120,151,83,43,74,172,77,64,24,121,108,172,78,100,72,149,187,112,169,137,167,115,42,33,90,87,78,0,119,40
66,149,54,83,123,91,68,158,41,30,30,82,80,147,75,101,150,128,68,82,97,73,72,83,156,45,87,148,77,143,151,133,83,124,19,75,165,80,20,59,157,185,102,90,133,29,58,125,119,0,158
117,81,105,76,206,230,180,45,150,178,185,79,158,160,177,63,128,37,95,157,186,158,191,120,34,113,211,91,95,16,143,134,211,103,139,102,172,227,150,209,159,188,149,80,36,129,120,103,40,158,0

The weight of orders:
12,10,15,17,17,19,17,14,15,15,14,11,15,16,20,12,19,12,17,13,20,20,15,19,15,13,17,18,14,20,14,15,18,15,13,20,14,20,19,12,16,20,19,15,14,12,12,15,20,16

The unit tardiness penalty of orders:

10,8,8,7,7,8,7,8,6,8,10,8,10,6,7,6,9,10,8,6,9,8,9,10,7,6,10,7,6,9,6,10,9,7,10,8,9,10,8,10,6,6,9,6,9,8,7,10,8,9

The due date of orders:
555,221,549,760,493,531,471,254,472,610,217,246,478,276,234,560,407,250,620,406,118,576,540,342,446,585,397,502,334,481,278,455,148,293,852,320,879,122,512,503,873,323,364,442,498,718,344,615,324,451

the loading and unloading time of each order:
3,3,4,4,4,5,4,4,4,4,4,3,4,4,5,3,5,3,4,3,5,5,4,5,4,3,4,5,4,5,4,4,5,4,3,5,4,5,5,3,4,5,5,4,4,3,3,4,5,4

The sequence dependent setup time of each job processed on machine 1.
(Where rows denote jobs: 1 to 50 and columns denote jobs: 0 to 50.For example:The value of Sijk is in row j,column i+1.)
14,19,20,10,20,10,19,15,15,15,11,12,16,11,16,11,10,17,15,18,13,10,13,19,20,10,12,12,15,13,10,12,19,10,15,17,16,18,15,14,19,19,14,11,16,16,17,16,19,19
11,10,11,14,20,16,12,14,18,11,14,17,19,14,19,15,12,19,20,13,10,18,16,11,14,16,11,20,13,16,12,13,20,17,11,10,16,20,17,17,20,15,19,17,12,16,16,12,11,16
15,11,17,19,19,14,11,11,16,19,10,11,14,12,14,16,13,16,17,10,19,14,14,15,11,14,14,19,11,20,15,13,11,11,14,11,15,15,11,16,16,16,19,16,19,15,15,16,16,17
16,10,14,13,11,15,17,15,14,12,10,18,10,20,15,19,15,19,17,13,16,16,11,15,15,12,17,18,14,13,12,20,12,18,18,10,14,17,17,16,17,20,14,15,13,14,13,17,15,19
13,19,19,16,20,12,18,18,20,16,10,20,12,15,13,19,14,19,18,19,11,20,20,13,16,16,13,13,16,18,10,18,19,12,19,18,11,17,11,13,16,14,19,18,12,13,13,17,20,20
15,14,14,16,15,15,19,13,20,11,13,11,17,10,17,14,18,19,11,17,20,14,13,20,13,18,15,18,12,10,18,14,11,19,11,20,14,14,12,17,10,10,17,20,19,12,12,10,15,10
14,17,18,12,18,16,10,10,14,14,17,20,11,11,16,10,18,15,20,16,11,13,18,19,12,11,16,17,14,19,12,15,11,12,13,20,18,13,14,15,10,16,11,15,16,10,16,14,20,16
12,19,18,18,14,10,14,17,15,15,13,17,12,20,17,10,10,16,11,13,18,13,18,20,17,11,13,15,11,14,18,17,14,12,11,10,18,12,20,18,17,19,10,12,20,20,20,12,14,20
18,20,10,10,14,18,17,11,11,10,19,13,18,11,11,14,18,20,18,19,11,17,19,15,11,17,20,16,19,10,10,14,18,20,18,16,14,17,18,14,20,16,17,18,17,16,10,19,13,13
11,19,20,14,13,14,16,10,11,20,17,17,17,19,12,18,20,19,14,16,20,18,14,12,11,20,16,15,16,17,20,13,20,10,16,10,15,19,19,12,19,11,14,13,12,11,12,13,11,14
10,18,19,14,13,13,18,19,19,19,10,15,10,20,10,15,10,20,16,17,16,14,16,11,11,17,16,17,10,11,17,14,14,12,13,19,13,12,17,16,15,20,19,20,12,15,14,18,15,15
15,11,16,14,12,18,14,10,16,16,11,14,13,12,11,10,20,19,18,18,14,11,20,15,12,15,12,13,16,15,17,16,17,13,15,14,18,20,19,15,10,17,19,13,18,15,17,13,17,17
12,14,17,13,16,15,10,19,17,19,14,11,17,15,17,19,15,10,18,12,14,13,16,17,20,11,11,10,15,13,15,20,14,17,13,15,14,20,15,20,13,16,17,15,14,13,11,17,20,11
13,11,14,11,11,19,11,20,18,14,14,16,12,20,15,11,13,10,16,19,13,10,13,17,14,19,10,17,14,10,14,17,12,18,11,19,10,19,20,11,14,19,19,13,15,11,20,13,18,20
15,20,12,12,18,20,12,13,20,13,12,14,11,11,20,15,17,20,16,16,12,18,15,13,16,16,19,12,14,17,17,18,20,16,19,17,17,15,15,19,18,17,12,14,10,19,12,20,11,12
11,13,19,15,20,15,19,18,16,16,17,17,18,20,12,10,17,15,17,11,11,10,11,17,13,14,14,19,13,15,18,10,20,15,14,15,17,16,20,20,17,18,12,12,12,19,15,14,18,19
19,12,20,17,18,16,15,13,19,19,10,11,15,13,11,10,17,11,11,12,18,11,17,11,10,14,12,12,18,10,18,17,20,16,12,19,20,20,19,10,15,17,11,10,13,19,13,15,17,17
10,11,12,14,15,19,16,15,14,19,13,10,11,20,12,10,10,17,17,19,18,10,15,18,14,20,14,17,16,19,19,20,16,13,13,13,16,19,16,10,13,17,17,14,11,12,17,18,19,18
16,18,15,14,11,16,18,14,11,20,13,11,15,10,14,17,20,10,18,20,14,10,13,13,18,10,20,10,20,17,19,15,17,12,11,10,12,11,11,13,17,10,19,10,20,12,13,11,10,19
12,17,19,20,13,18,10,20,18,12,12,10,17,19,13,17,12,14,13,15,20,14,11,18,19,12,16,17,15,10,13,12,12,14,16,15,19,15,18,16,20,13,14,13,13,12,14,10,13,15
17,19,20,19,11,14,13,20,16,16,13,12,10,20,19,19,17,14,11,10,19,15,15,19,14,15,11,20,17,10,17,11,18,12,10,13,15,20,17,12,16,14,12,19,19,12,17,14,19,15
14,19,11,14,13,16,10,19,12,16,12,13,11,14,17,19,11,19,20,11,15,19,10,16,20,17,18,13,14,13,12,19,14,10,14,18,12,10,14,13,17,11,11,15,19,16,16,10,10,13
10,20,15,10,14,16,20,18,17,19,12,12,17,16,20,19,15,19,13,12,13,11,14,15,10,20,17,13,10,13,20,20,17,15,11,10,15,20,17,13,12,10,19,13,13,10,20,17,13,18
10,18,16,19,11,11,16,14,16,10,11,11,16,20,11,16,13,11,11,16,19,15,11,15,11,13,12,12,16,20,14,11,15,13,15,17,14,19,12,20,12,20,19,10,20,19,17,10,19,15
17,14,11,14,15,12,16,15,20,14,11,16,16,14,10,17,12,20,14,17,10,13,16,13,14,19,15,13,16,17,16,18,10,18,14,10,12,16,18,14,11,17,20,11,11,12,16,13,12,10
11,15,10,11,20,17,17,19,11,19,19,10,18,16,16,17,10,12,16,14,13,20,20,14,16,19,15,20,20,15,10,12,16,17,11,15,17,19,15,19,18,12,18,17,15,14,20,10,16,20
11,10,20,14,20,10,14,15,11,18,15,15,11,19,12,11,20,17,18,19,16,12,16,16,20,10,20,16,19,20,17,15,16,17,16,10,10,19,15,18,15,12,19,19,10,12,15,19,11,17
14,17,19,20,13,13,18,12,20,18,17,12,14,15,13,11,10,14,17,18,19,17,17,12,17,20,17,10,13,18,12,14,19,14,11,18,17,10,13,16,15,17,13,15,11,18,10,19,10,17
11,18,17,10,10,15,14,11,13,17,11,12,19,15,17,10,16,19,18,17,11,20,12,10,13,12,19,10,13,16,19,11,17,16,12,20,20,14,13,16,17,18,18,12,19,10,11,13,11,18
18,13,13,12,14,17,11,20,17,19,20,19,15,10,16,11,12,11,12,18,18,14,10,20,17,18,14,16,20,19,18,18,17,15,18,18,12,12,11,18,19,12,10,11,12,20,10,11,20,14
16,19,15,15,17,11,11,20,14,20,13,19,12,10,12,11,19,18,16,14,13,20,18,14,14,13,19,14,17,18,15,10,20,16,19,14,13,18,15,20,11,10,16,17,15,14,12,10,18,14
12,14,12,18,12,10,13,19,14,16,16,17,11,18,15,20,19,16,17,14,18,18,16,12,16,12,17,13,11,18,20,11,20,16,11,12,16,10,18,18,14,14,17,11,10,12,10,13,15,12
12,10,14,17,15,18,10,11,14,19,17,18,20,19,10,19,16,18,11,13,18,14,18,12,15,15,19,14,20,16,18,19,12,18,16,20,16,16,15,16,12,14,14,17,16,15,10,18,18,13
19,11,14,17,13,11,10,10,15,12,12,19,13,18,15,18,15,17,19,18,17,16,14,13,18,13,11,10,16,20,17,18,16,16,19,19,12,17,17,14,10,13,20,15,19,18,19,14,14,15
13,15,20,15,14,13,15,20,16,18,12,15,11,13,12,20,14,19,20,15,10,10,15,17,15,14,18,13,20,13,14,14,16,11,11,14,16,18,12,17,10,16,19,10,18,12,13,10,16,12
17,12,19,11,10,13,20,19,15,14,15,12,18,15,18,19,11,18,11,14,18,17,20,13,12,11,17,13,20,15,15,14,10,10,14,18,11,18,20,13,19,19,10,10,20,17,10,15,17,20
10,13,18,19,13,11,14,12,20,17,15,10,12,14,15,17,15,11,17,18,13,14,12,13,20,12,13,17,19,13,13,18,20,12,18,18,15,10,19,19,19,16,10,19,10,12,16,19,11,20
10,10,19,20,19,15,13,16,12,13,12,15,17,14,19,17,15,13,15,15,16,16,17,11,13,11,10,10,16,13,19,18,15,18,17,16,18,20,10,20,18,13,19,15,13,16,12,17,10,18
11,19,20,20,17,17,12,14,16,15,16,18,20,14,10,20,15,16,19,17,12,16,20,13,12,13,17,14,17,16,13,11,18,11,19,14,11,13,19,17,16,19,17,18,11,11,18,15,11,16
13,16,15,19,18,20,11,13,16,12,14,15,12,11,14,18,15,19,14,12,19,11,15,10,19,15,19,12,18,16,10,12,20,18,12,13,17,18,16,17,15,12,12,15,20,17,14,12,18,17
19,15,12,13,18,14,12,18,13,16,13,18,11,19,14,11,19,14,16,17,11,15,11,14,17,15,19,15,19,12,19,20,19,12,20,18,11,19,13,17,17,15,19,11,17,11,18,10,15,17
13,14,10,19,16,16,20,10,15,14,11,10,17,15,16,18,19,17,15,20,10,11,20,13,11,10,19,20,20,20,17,10,20,13,19,18,17,16,10,20,19,20,11,18,11,18,11,10,14,12
13,10,19,18,19,13,19,15,14,20,11,12,11,15,18,16,19,19,18,17,13,20,17,17,13,11,11,12,15,11,14,11,17,17,13,15,11,12,16,19,11,12,15,18,13,18,11,19,14,10
13,17,12,15,18,18,13,18,16,14,11,10,18,17,10,12,17,10,18,14,16,13,19,12,12,13,20,13,12,16,16,15,12,13,20,10,18,16,11,11,15,15,11,20,14,10,18,14,19,18
17,17,16,16,20,19,12,12,13,18,16,14,12,12,15,16,19,11,13,14,10,15,19,15,11,18,19,20,11,16,10,17,17,11,18,14,10,12,11,14,11,10,18,13,14,18,15,14,18,10
20,13,20,13,11,17,15,20,17,12,19,10,16,11,19,15,11,12,18,12,16,19,18,15,17,10,10,15,11,13,16,10,13,15,14,12,10,12,13,18,13,19,18,11,11,14,13,19,13,16
11,10,12,17,16,12,13,16,15,18,14,16,12,13,13,19,19,12,14,17,10,19,14,15,14,15,19,14,13,12,20,20,15,17,12,11,10,18,12,12,16,12,18,17,15,15,10,16,10,20
18,11,12,12,18,13,14,15,15,15,20,14,13,17,16,12,12,18,16,10,18,17,18,18,16,16,12,16,16,13,15,17,12,13,11,18,15,14,20,15,20,15,11,18,10,10,20,19,15,12
15,14,13,16,19,17,17,10,16,20,15,20,20,18,12,19,15,15,16,12,16,14,17,13,17,19,16,13,20,15,10,17,15,12,16,10,17,14,19,10,15,20,15,17,13,12,10,14,20,18
20,12,18,15,15,19,10,20,11,15,11,13,13,17,14,13,19,20,15,11,11,13,11,19,12,19,10,19,11,14,16,17,10,16,18,12,17,13,12,18,13,13,18,18,20,20,10,17,14,20
15,10,11,17,19,15,12,14,16,20,19,12,19,18,19,16,16,19,10,17,12,12,17,16,17,12,10,17,14,17,12,10,11,15,18,18,14,19,14,18,14,16,16,10,15,14,10,17,19,13

The sequence dependent setup time of each job processed on machine 2.
(Where rows denote jobs: 1 to 50 and columns denote jobs: 0 to 50.For example:The value of Sijk is in row j,column i+1.)
15,13,19,17,11,20,14,15,13,11,18,20,15,20,16,19,10,19,20,20,18,13,14,16,12,17,17,10,19,15,16,10,16,15,12,10,10,12,11,20,17,17,11,14,19,19,19,10,11,11
13,19,12,10,15,19,16,10,19,17,16,11,18,17,13,19,12,19,18,15,20,10,14,17,11,13,17,18,19,13,12,14,20,11,19,13,11,19,12,19,10,17,18,13,19,16,11,11,15,19
17,19,20,18,11,20,12,11,19,17,20,19,17,13,10,10,16,20,15,20,18,17,14,16,19,15,10,19,10,16,10,16,20,20,17,19,12,11,18,12,16,16,10,15,15,19,10,17,12,13
17,19,15,10,12,20,15,13,13,19,12,13,12,12,17,13,10,11,18,17,15,19,12,10,12,15,17,10,17,16,11,16,17,20,15,18,10,10,15,20,15,20,20,15,20,19,12,13,14,11
18,14,20,20,15,19,13,17,19,20,10,20,19,14,10,11,18,18,13,18,12,13,12,12,14,18,14,17,18,20,20,16,14,20,18,20,19,12,11,16,17,11,17,19,20,15,12,18,11,15
15,15,18,20,12,12,20,19,11,20,18,20,17,12,12,11,13,13,13,20,11,20,12,20,18,20,16,16,20,19,17,13,13,13,10,12,11,20,13,18,20,12,17,20,20,11,12,18,15,17
11,19,18,12,10,18,18,17,18,19,18,17,11,19,10,17,14,12,18,11,14,11,17,11,14,18,18,19,17,11,16,19,18,10,15,12,18,18,15,14,17,20,13,17,14,17,20,16,10,18
16,13,15,14,10,13,11,19,14,12,17,20,19,10,17,13,10,11,17,14,15,12,13,15,11,11,12,15,20,12,11,16,20,16,18,13,19,13,14,13,11,12,11,10,13,18,16,12,16,10
12,15,16,17,15,12,14,18,12,12,16,18,13,17,16,11,13,14,15,14,14,10,19,16,13,18,18,19,17,11,19,17,12,14,10,16,20,19,11,13,13,16,14,13,19,10,11,15,10,16
18,10,18,12,17,11,13,16,10,14,16,17,14,20,20,14,16,19,14,19,17,13,17,20,10,10,17,16,18,17,15,14,11,20,10,12,13,20,18,12,12,18,16,18,19,20,14,20,18,15
16,17,14,10,16,19,15,11,17,17,15,13,13,16,14,12,11,13,13,14,11,10,14,10,12,18,11,20,16,12,14,15,17,13,20,11,19,11,10,15,18,16,17,11,17,13,13,18,17,18
16,12,10,12,10,10,10,18,12,12,18,11,19,10,15,18,14,11,16,19,13,14,10,18,10,11,19,10,17,11,20,20,17,15,14,10,12,14,12,12,20,20,16,17,17,15,19,16,12,11
13,15,19,17,16,20,15,17,17,11,20,17,18,16,16,10,18,18,20,10,13,10,18,15,19,16,14,20,13,19,20,15,19,14,11,13,11,17,19,15,19,16,13,18,20,10,14,10,10,12
20,18,17,15,14,12,17,13,17,10,18,20,15,11,11,18,11,10,17,19,10,16,15,15,19,14,16,13,18,18,17,14,15,11,19,14,12,20,20,13,17,18,15,16,20,17,14,19,13,14
11,20,15,15,16,20,14,20,20,17,17,15,19,16,10,16,20,16,16,12,16,13,14,20,12,18,19,17,18,17,12,16,15,17,15,20,19,16,13,17,19,20,14,16,16,17,10,20,16,10
19,18,11,10,14,14,10,16,19,17,12,19,11,10,13,10,11,15,13,12,14,20,19,10,17,19,15,12,12,15,17,12,20,19,14,14,17,16,20,14,13,11,12,17,13,16,20,17,17,14
13,11,11,16,15,10,13,17,18,17,13,20,20,13,10,13,20,11,17,18,17,19,20,10,10,17,20,17,11,17,16,16,10,19,13,14,12,18,20,17,13,16,17,18,11,20,13,19,11,17
13,19,14,15,18,10,13,13,17,18,15,16,10,20,10,15,18,12,18,14,18,10,19,13,16,15,10,20,15,12,20,16,16,12,20,15,18,15,15,14,20,18,20,20,18,10,13,20,19,11
10,16,14,20,18,19,13,19,12,10,14,13,12,19,11,12,13,10,18,20,15,11,19,16,19,16,11,12,15,20,17,15,13,19,20,10,16,19,12,16,16,10,11,18,12,12,20,14,15,10
17,11,14,18,10,15,11,13,19,13,19,10,16,15,17,17,12,18,13,19,10,15,15,13,16,14,15,14,17,14,13,19,14,11,17,16,16,14,16,15,20,18,19,16,10,10,18,12,19,11
20,18,15,13,14,11,20,10,19,11,16,14,11,19,17,20,19,11,20,20,14,15,14,19,14,17,10,14,14,18,16,18,14,20,20,15,20,10,14,12,15,20,11,13,16,20,10,12,18,14
16,18,17,14,16,10,15,13,20,10,11,16,12,12,20,10,16,19,18,11,13,18,11,10,13,11,19,18,16,12,14,11,20,20,13,18,16,13,11,11,11,20,10,16,20,19,18,11,12,15
18,18,12,17,10,15,15,10,15,12,20,20,11,13,20,19,12,19,19,14,13,15,14,15,13,19,11,20,15,18,13,16,10,11,20,18,15,19,10,20,18,20,14,16,20,15,19,12,17,16
11,17,10,16,11,20,13,19,19,20,20,19,16,15,14,20,20,15,19,14,20,16,15,17,19,15,15,12,18,20,11,12,19,18,16,12,14,18,18,10,10,13,15,12,16,19,20,20,13,10
13,13,11,16,17,15,16,20,16,18,16,18,17,10,10,17,17,16,11,17,11,17,15,15,10,15,20,12,14,18,17,11,10,20,20,10,18,13,11,15,11,20,15,17,16,16,10,14,18,15
10,11,20,10,16,10,10,14,16,20,14,15,19,16,19,17,20,14,18,16,14,13,18,12,10,16,20,17,19,20,10,11,17,12,17,14,16,19,18,15,18,11,16,10,12,20,20,14,13,12
13,17,14,14,15,11,11,19,17,13,19,15,11,19,14,19,18,19,16,19,17,12,10,19,18,17,18,17,19,20,17,14,16,14,16,14,16,12,20,11,18,18,10,16,12,20,15,20,11,15
18,15,20,13,10,11,10,16,11,10,17,15,15,12,14,12,11,16,16,19,11,14,11,17,16,13,14,20,16,13,12,17,17,15,12,19,11,10,11,11,11,12,18,19,11,12,10,19,17,17
11,14,20,18,19,10,13,13,10,20,10,18,19,15,19,20,13,14,18,15,15,11,12,11,19,20,15,15,19,11,10,17,10,20,17,13,14,14,15,11,17,15,20,14,12,15,10,10,11,10
14,13,13,10,17,20,10,20,16,15,11,10,18,16,20,16,16,12,13,15,13,18,15,11,19,14,10,16,13,18,14,10,15,15,14,20,16,17,11,11,14,20,17,10,16,18,15,11,11,17
11,14,15,17,20,20,14,16,13,17,10,20,15,12,16,18,17,12,14,14,10,19,18,13,15,15,10,11,14,12,19,10,15,12,20,18,10,11,12,15,11,18,17,14,20,16,11,19,14,11
13,16,20,13,15,19,20,17,14,12,19,16,14,13,12,20,10,10,16,18,14,20,16,17,17,16,14,17,11,13,15,10,11,10,17,19,19,17,19,16,19,16,13,16,12,19,13,19,18,18
15,10,11,15,17,15,20,20,12,12,17,16,14,19,20,20,12,10,19,20,16,10,18,11,19,18,10,17,20,18,10,16,15,13,17,18,10,19,10,11,15,18,11,18,12,13,12,19,14,16
16,15,13,11,15,12,19,19,16,18,14,16,19,16,10,20,12,18,12,17,15,14,13,19,14,20,10,16,10,14,11,14,15,19,11,14,11,10,15,13,19,17,19,19,14,10,16,14,18,16
18,11,15,18,15,16,13,14,15,17,18,15,16,11,10,16,13,12,15,13,11,12,14,13,13,17,12,18,10,20,20,13,18,14,17,18,20,15,12,19,13,12,12,11,16,18,14,13,10,12
11,15,10,12,18,15,18,11,14,11,19,12,18,11,19,15,12,10,12,19,12,10,15,16,17,18,11,20,11,17,12,16,12,12,20,13,17,13,16,19,13,18,18,15,16,15,14,15,12,19
16,16,10,12,11,11,14,13,10,11,10,12,16,18,10,13,13,16,10,12,16,10,20,14,10,17,11,19,12,13,15,17,15,12,15,16,19,14,20,20,18,15,12,15,17,10,20,11,13,20
13,20,11,19,15,19,11,12,15,17,16,14,12,17,14,15,18,18,19,15,20,10,17,15,13,17,10,15,14,16,16,16,15,14,19,11,13,14,17,18,17,16,11,15,17,18,15,20,19,14
12,19,17,17,18,10,19,17,11,11,14,20,20,12,13,19,15,20,15,16,11,11,15,18,10,10,16,18,16,16,17,19,15,18,18,12,12,13,17,12,10,15,12,10,15,14,19,14,11,16
19,15,17,15,19,12,17,12,13,17,11,13,15,18,20,13,14,16,10,15,10,15,18,10,12,19,10,11,17,15,19,19,20,15,17,11,16,11,20,17,19,15,12,14,16,20,13,18,15,11
13,18,18,17,19,17,10,18,20,17,20,11,16,10,10,16,15,19,14,12,15,13,14,15,15,13,16,19,19,16,19,19,15,19,10,11,20,16,10,20,12,14,16,12,18,10,15,14,10,12
11,20,12,15,16,13,18,19,20,14,20,13,19,20,15,17,20,14,20,15,11,15,14,14,14,13,18,10,13,10,18,10,16,19,11,20,18,13,20,18,14,19,15,11,10,17,17,16,14,16
13,14,11,10,12,17,19,13,10,20,20,19,13,19,12,12,11,14,20,16,17,19,12,16,19,18,20,15,11,16,11,16,11,16,16,15,12,17,17,20,11,18,10,18,13,17,19,18,19,13
14,13,13,16,10,16,15,17,17,19,19,17,10,12,14,19,15,13,12,16,12,11,12,19,20,13,19,13,13,10,20,15,10,15,10,15,15,13,15,11,20,10,14,14,17,13,12,10,13,11
16,11,19,14,17,17,10,16,18,14,10,10,18,11,11,19,16,20,15,20,12,14,19,15,19,10,15,16,15,12,19,15,11,16,18,10,16,20,12,10,10,11,13,10,13,10,10,14,10,18
13,17,11,14,17,11,14,19,14,17,10,17,15,17,18,10,16,20,18,10,19,16,13,10,16,13,15,19,17,17,18,16,15,17,12,11,13,18,17,11,13,17,19,17,16,19,14,18,13,20
16,11,20,10,13,10,15,11,10,14,14,16,18,20,14,20,13,14,10,18,15,18,13,16,18,15,15,11,20,18,10,16,16,13,11,20,16,11,20,19,11,16,11,20,18,15,20,10,16,19
19,16,15,11,15,15,10,19,19,18,19,17,17,14,17,13,16,14,12,16,12,13,15,20,18,16,17,16,11,16,12,15,18,16,18,17,14,20,10,13,13,13,12,17,10,12,20,14,13,16
12,13,20,15,12,16,16,20,20,10,14,13,19,20,13,18,17,15,14,14,20,10,16,12,15,20,16,10,20,18,14,11,10,14,19,12,16,12,14,15,18,20,19,19,15,11,12,10,14,16
16,20,11,11,16,19,20,18,10,18,10,13,17,13,14,11,10,18,14,11,20,14,12,12,15,17,18,10,13,15,20,15,13,15,11,10,14,19,13,16,15,13,19,18,19,10,16,11,20,15
16,13,17,17,18,14,17,12,10,18,15,19,19,15,13,19,14,12,13,20,13,10,16,10,10,11,10,16,17,11,20,11,20,11,10,14,13,11,10,18,14,15,13,18,11,11,18,14,16,12

The sequence dependent setup time of each job processed on machine 3.
(Where rows denote jobs: 1 to 50 and columns denote jobs: 0 to 50.For example:The value of Sijk is in row j,column i+1.)
11,10,17,19,11,10,12,20,18,18,15,15,11,15,14,11,17,19,15,16,11,15,10,20,20,19,12,11,10,20,10,16,14,11,20,17,19,19,19,12,11,19,19,13,17,19,19,19,17,16
17,18,14,10,12,14,18,19,13,10,10,19,16,19,10,10,14,17,17,13,13,12,15,10,20,17,17,18,16,15,12,17,10,12,18,14,20,17,18,11,13,20,19,15,18,19,16,18,12,14
10,13,16,13,20,15,20,19,10,11,19,20,11,14,11,16,12,18,11,20,20,18,19,13,11,15,11,12,18,10,18,13,15,11,14,17,17,20,10,19,14,19,10,20,16,20,18,20,15,20
11,19,14,11,11,14,13,19,16,16,16,15,19,18,12,14,17,11,14,16,20,15,10,16,14,20,13,19,13,12,18,10,12,18,16,11,18,20,10,13,18,16,19,20,16,13,12,14,10,19
18,18,11,20,10,16,13,18,13,20,10,18,15,16,13,13,16,10,15,20,11,15,16,18,14,10,17,11,13,15,15,18,16,12,13,18,18,12,10,11,11,14,19,13,13,17,12,16,16,20
15,12,17,19,17,18,13,20,13,16,19,16,20,15,20,10,14,17,13,18,14,15,15,12,13,20,17,15,12,19,15,15,20,20,19,12,19,19,12,17,17,10,12,19,19,19,16,19,18,18
13,13,18,14,15,17,15,13,16,20,10,19,12,20,20,17,13,10,14,11,12,14,20,13,17,15,15,13,20,15,11,16,12,14,18,14,16,19,19,13,17,13,18,14,11,14,15,20,14,20
19,12,11,12,15,20,14,16,14,20,17,11,17,18,13,19,15,20,12,19,14,17,14,11,11,16,11,16,16,10,13,19,15,13,18,10,15,20,15,18,13,15,15,12,15,16,19,12,19,15
17,17,20,16,11,16,16,17,14,20,15,12,17,20,18,15,17,13,17,11,12,12,12,19,15,20,16,19,12,16,15,14,16,20,20,11,15,13,16,13,16,19,15,12,12,14,12,10,11,14
15,10,13,17,10,16,15,10,16,17,17,16,14,20,13,13,15,12,16,11,20,13,20,10,16,15,18,11,20,20,11,16,18,11,10,15,10,16,20,19,17,16,19,10,12,12,20,18,13,11
17,12,18,14,14,10,14,19,18,14,18,11,12,20,10,16,15,14,19,18,11,12,16,13,11,13,18,18,14,20,13,13,12,11,11,17,15,15,13,18,20,15,10,10,12,18,15,19,11,13
11,20,11,12,17,18,18,11,10,12,15,18,17,13,18,14,16,10,18,20,13,14,16,12,13,13,14,14,17,14,17,15,15,15,14,20,18,12,14,13,20,12,12,17,11,18,14,18,19,14
13,18,17,13,17,10,20,17,15,18,20,19,18,18,20,20,20,12,10,18,13,18,15,12,14,11,16,11,16,16,13,14,18,15,18,15,12,15,12,13,19,18,15,20,17,13,13,17,15,15
11,19,10,10,10,10,20,14,11,15,12,20,18,12,13,19,19,15,14,16,12,13,15,16,11,13,15,15,18,18,19,13,15,10,12,18,14,14,17,20,10,14,14,20,13,17,17,11,13,18
14,14,14,14,19,11,17,15,12,14,11,17,10,17,16,16,16,16,17,14,11,17,15,14,12,19,12,17,15,10,14,13,20,15,18,17,19,19,17,10,15,20,14,10,11,14,14,18,12,18
17,19,19,18,12,15,15,18,20,12,19,13,16,15,14,10,11,10,17,12,20,19,11,11,10,19,20,19,18,14,20,14,20,17,13,19,19,13,20,20,14,14,16,19,10,12,17,17,12,13
11,15,13,13,18,18,12,13,17,15,15,19,14,18,19,18,10,15,10,11,16,17,11,12,18,17,11,18,15,10,14,19,13,15,10,18,17,18,16,13,10,18,12,18,16,18,14,19,15,17
20,16,12,20,14,10,18,14,15,10,14,13,17,15,12,18,17,11,16,15,15,14,11,20,16,16,20,19,16,12,19,13,19,18,20,18,11,16,20,13,12,16,20,20,20,16,16,12,19,14
17,18,19,16,14,18,11,13,16,15,10,16,17,15,10,20,10,15,13,20,11,15,17,15,13,11,12,14,11,19,10,18,11,13,16,14,18,18,12,11,16,19,10,20,18,17,12,11,16,19
18,11,14,20,20,10,16,16,13,15,10,18,13,13,19,16,12,10,13,20,12,20,18,16,18,19,11,16,12,16,11,12,13,11,20,18,12,14,18,13,12,13,14,19,18,11,16,20,14,13
10,20,18,18,16,19,11,14,14,16,11,15,10,16,14,18,20,16,14,13,10,13,14,12,14,19,17,10,20,15,14,17,10,16,16,12,17,17,13,10,11,10,17,10,18,18,10,10,15,15
10,18,18,17,10,20,19,15,14,13,17,14,19,20,14,15,20,20,19,10,18,16,18,13,16,16,15,20,16,18,16,19,12,19,14,13,19,18,20,19,13,15,13,18,20,19,11,12,14,10
13,12,20,15,19,14,16,11,12,11,20,19,13,20,13,16,19,10,17,19,15,18,18,10,10,12,16,14,15,11,12,11,17,18,19,18,18,19,19,19,15,19,10,11,14,12,11,17,18,12
12,18,16,15,10,20,18,10,19,11,15,18,19,19,16,14,14,20,11,14,16,16,14,18,13,16,18,14,16,15,16,19,17,10,13,13,12,11,11,16,13,20,10,10,10,13,14,14,16,17
17,14,11,13,12,20,16,14,17,20,16,18,14,20,16,19,10,14,20,15,12,19,16,19,11,18,15,17,16,14,18,10,17,13,17,19,15,11,19,13,17,12,17,20,17,17,20,14,15,16
10,10,14,15,19,12,12,20,13,19,11,18,17,13,20,15,11,15,10,15,20,19,10,20,19,16,19,12,19,18,15,10,18,18,16,16,11,13,10,19,11,15,12,20,10,10,10,10,13,10
18,12,15,17,13,16,19,12,16,11,17,20,12,10,13,18,10,15,18,15,14,12,20,14,20,17,12,17,10,10,14,20,12,13,19,10,17,13,19,10,13,12,19,10,17,15,19,17,18,18
12,11,18,12,16,15,13,10,20,18,17,10,12,16,15,14,16,11,10,15,16,11,16,16,12,15,18,16,18,16,19,13,16,13,15,12,11,10,12,15,12,14,10,18,15,11,20,19,13,15
18,20,10,13,18,16,17,17,15,19,20,20,15,13,16,10,18,19,15,14,15,12,10,20,12,12,19,19,20,12,15,15,19,16,13,20,15,19,15,20,10,16,13,15,18,15,20,15,16,16
15,19,10,14,10,10,14,15,19,12,18,16,12,18,13,18,11,15,17,16,11,11,19,16,15,20,14,11,19,15,19,15,11,20,17,17,16,16,19,19,19,16,13,11,20,13,14,11,10,10
19,16,18,10,20,19,19,10,14,16,16,16,15,15,14,14,20,12,20,20,15,11,18,20,20,16,19,12,15,16,19,20,19,19,12,15,19,20,14,18,11,10,10,17,11,16,16,15,15,16
12,18,15,14,20,20,19,10,14,13,17,13,18,20,17,10,14,17,10,10,12,20,10,17,10,12,15,15,15,15,10,15,16,10,16,12,10,19,17,11,15,15,19,13,12,10,17,13,12,18
18,20,19,16,14,10,11,13,13,19,18,20,14,16,18,18,17,15,15,13,11,17,10,10,12,11,10,15,13,19,15,20,20,14,13,10,16,12,13,10,18,14,20,19,20,14,10,20,13,17
16,16,19,17,10,14,14,18,14,19,12,17,20,10,13,11,13,14,20,18,20,12,19,19,13,19,19,20,13,18,10,16,14,19,20,12,11,12,10,19,15,10,13,16,20,18,20,16,16,15
19,18,15,13,15,15,18,14,14,18,10,12,20,11,17,10,20,14,15,19,13,10,19,10,18,13,12,19,15,12,16,14,15,16,14,18,19,12,14,19,13,11,17,17,16,20,12,12,17,13
17,15,15,16,10,13,10,20,17,10,18,12,13,18,19,10,13,17,11,15,10,12,15,12,16,13,11,18,15,11,16,19,20,12,14,12,11,11,16,18,14,20,17,20,14,15,10,15,18,20
10,14,18,18,13,20,15,16,12,11,17,10,14,10,17,12,20,19,12,19,14,10,10,11,19,17,15,20,10,20,17,17,10,20,12,12,19,20,16,16,17,19,15,19,19,11,13,12,11,14
16,10,14,15,14,19,10,17,10,11,14,18,16,19,12,19,14,15,20,18,14,18,14,10,19,17,16,18,20,12,20,12,14,14,11,10,15,14,19,20,16,19,10,14,11,13,16,16,17,16
14,13,15,10,18,19,18,18,10,18,19,10,16,13,15,16,10,15,16,20,20,16,17,15,15,19,15,10,19,20,20,17,14,12,10,16,10,16,12,14,17,20,15,11,15,10,12,12,15,11
20,14,12,20,15,15,10,12,11,15,19,10,10,15,12,12,16,13,20,20,14,15,17,18,13,15,10,15,16,17,10,17,18,18,20,14,16,18,17,10,17,19,12,15,14,17,18,10,14,17
18,19,18,11,17,12,20,16,10,16,13,11,18,11,20,16,15,15,20,12,14,18,17,14,16,14,16,16,19,18,11,16,11,16,11,16,16,20,19,13,15,17,12,18,12,10,11,11,19,12
16,14,17,13,20,20,20,10,17,14,19,20,11,18,12,16,13,19,13,16,13,18,18,18,18,16,13,13,10,10,11,18,12,18,14,20,16,14,20,15,18,20,13,13,17,14,12,12,17,17
17,13,14,20,18,14,13,11,11,19,13,20,20,19,13,15,17,13,15,16,19,19,18,14,12,19,18,13,17,18,19,18,14,13,12,14,16,10,10,13,20,20,17,17,10,19,10,16,14,14
19,14,14,20,10,12,14,20,11,12,14,19,19,12,17,20,15,16,17,15,14,15,17,15,20,17,11,19,14,12,12,11,17,15,15,15,10,12,12,15,15,11,13,15,16,14,15,17,20,11
11,16,14,16,15,20,17,11,11,19,14,11,12,11,13,12,12,19,20,17,13,14,16,12,19,12,17,15,13,20,10,17,17,11,17,18,13,18,12,18,10,12,11,12,18,15,10,11,19,19
15,15,20,17,12,14,13,11,14,13,15,18,10,10,10,13,14,12,11,15,17,17,12,15,15,10,15,17,12,17,11,16,14,11,19,20,18,19,14,20,14,20,18,16,16,15,20,13,16,15
14,13,10,17,16,10,19,10,11,20,10,19,19,11,11,15,12,14,18,20,14,17,14,12,13,10,16,18,15,17,15,15,10,14,10,10,11,11,17,15,15,19,13,18,16,19,14,15,20,19
14,10,14,18,20,18,12,17,15,10,20,17,15,13,14,11,13,12,20,12,17,19,14,11,16,16,20,16,18,16,13,20,11,16,14,13,19,16,18,16,20,17,19,14,10,17,15,13,20,14
19,18,13,11,16,14,16,10,10,20,19,13,11,12,14,11,18,15,12,19,11,20,12,18,19,12,11,14,16,17,18,17,10,11,13,11,14,17,19,14,19,19,13,11,13,10,19,16,12,19
15,11,19,15,11,14,12,14,15,10,20,11,11,19,11,16,16,14,19,16,20,17,19,18,13,15,11,20,12,19,13,10,17,16,20,16,15,13,12,11,18,16,15,20,12,19,12,10,20,15
16,11,13,16,16,13,18,12,15,11,14,20,16,17,19,12,15,20,14,17,15,19,15,11,19,20,20,14,15,12,19,17,18,12,17,20,13,12,13,10,16,13,13,19,12,15,20,17,17,17

The sequence dependent setup time of each job processed on machine 4.
(Where rows denote jobs: 1 to 50 and columns denote jobs: 0 to 50.For example:The value of Sijk is in row j,column i+1.)
15,20,11,18,15,12,18,20,10,19,19,16,15,12,16,14,16,18,16,14,15,19,10,12,17,15,11,10,10,13,14,19,13,14,19,10,14,10,20,19,20,14,19,19,14,14,19,20,15,10
13,15,12,18,16,20,15,11,20,19,14,18,15,15,18,17,11,19,19,17,11,15,11,18,11,12,11,15,15,11,16,14,14,14,19,15,18,18,14,13,16,20,11,18,12,20,17,14,13,14
19,17,16,17,15,16,17,14,19,11,15,10,17,13,15,16,11,18,16,16,11,10,19,16,12,20,19,18,18,19,16,11,11,20,15,11,20,10,17,18,12,14,16,20,19,10,16,18,14,19
18,14,17,16,20,16,18,14,13,18,12,14,16,15,17,11,19,15,11,12,15,20,13,15,14,13,16,20,19,18,17,13,16,17,20,18,12,15,19,15,19,11,14,10,14,20,15,14,18,10
13,18,15,12,20,19,18,12,19,19,10,10,20,13,12,10,11,19,14,12,12,18,17,13,18,13,17,17,11,13,16,20,13,19,18,18,17,16,10,16,13,12,10,16,20,20,18,17,13,11
19,19,10,18,20,12,12,13,10,19,16,13,10,11,12,12,16,17,15,13,15,20,14,12,15,10,17,16,13,20,18,12,12,19,11,13,10,12,12,13,12,11,10,17,20,18,20,10,13,19
12,15,15,13,19,11,11,10,19,15,16,16,11,16,11,19,16,15,16,17,13,18,13,15,10,15,10,11,12,18,10,16,16,19,15,11,12,11,16,19,20,20,10,13,20,16,15,15,20,15
17,10,13,11,15,13,16,18,11,10,16,10,20,17,20,16,16,14,18,15,15,12,14,19,15,10,15,16,14,11,12,18,15,12,19,12,11,18,16,19,16,16,20,10,19,16,18,19,16,16
12,19,14,15,13,10,13,15,20,13,11,14,20,14,19,10,12,18,16,10,17,15,15,14,15,19,11,20,10,19,13,19,20,10,19,20,11,15,13,10,19,16,14,20,13,13,11,13,12,13
12,13,18,15,17,19,20,20,12,15,11,13,10,14,18,18,18,15,11,18,15,11,11,20,13,12,15,20,20,18,13,15,12,15,13,15,11,16,19,12,14,18,18,10,15,11,20,14,10,14
15,11,16,19,18,12,17,13,12,15,20,11,14,19,12,13,10,11,13,13,13,19,11,11,10,20,17,14,18,19,18,19,13,20,14,17,12,19,12,15,12,12,10,18,13,17,17,15,17,17
10,13,11,11,12,20,18,17,10,18,20,13,16,19,10,13,20,20,11,16,20,16,11,19,16,13,19,17,19,14,11,14,15,15,12,17,15,18,19,12,10,10,20,12,13,18,14,16,16,11
16,18,11,11,20,10,17,14,18,10,15,14,13,14,14,11,11,16,12,18,19,20,18,18,10,19,16,16,15,18,13,19,17,18,17,11,14,18,19,20,10,13,15,18,16,10,20,19,12,17
14,16,16,14,17,19,19,11,12,14,19,13,17,15,13,13,10,16,14,15,17,14,16,12,12,19,15,16,19,16,19,16,13,13,14,12,15,13,18,16,16,10,18,19,19,12,18,18,15,13
20,15,15,17,15,16,10,16,19,16,10,12,18,11,13,14,11,14,13,17,17,19,14,18,12,17,14,19,17,11,17,13,15,17,20,16,11,15,11,14,11,18,14,13,13,15,10,13,12,17
10,17,20,13,13,18,17,16,19,10,17,11,18,10,12,15,12,15,18,10,18,11,10,19,19,15,16,16,19,13,17,11,11,13,17,12,20,14,19,14,13,13,16,13,10,17,15,18,14,13
19,17,16,11,19,15,16,10,12,10,13,16,12,14,17,19,13,19,13,18,12,19,17,12,20,16,11,12,10,13,14,12,15,18,17,15,19,14,10,17,10,16,12,18,19,20,14,11,18,19
13,12,13,11,15,15,16,13,12,14,15,13,12,16,19,11,19,15,10,11,16,14,16,14,19,20,15,16,20,10,16,12,17,17,18,16,16,20,17,20,13,16,13,17,10,12,11,17,15,17
16,12,10,14,15,11,17,12,19,15,13,11,13,16,12,13,10,19,12,11,14,16,15,11,10,12,14,10,18,17,16,17,12,17,16,19,14,20,19,18,20,10,12,11,16,14,17,16,12,14
10,20,12,11,16,16,14,11,13,14,11,17,17,15,19,18,14,16,10,16,11,12,15,15,10,20,15,20,10,13,13,16,17,18,12,11,11,20,13,14,17,19,10,10,14,16,14,13,13,18
19,13,18,12,16,10,17,20,13,15,12,20,16,11,11,14,16,17,10,16,19,15,19,19,12,10,20,10,10,18,18,10,10,19,11,15,12,15,12,14,17,14,16,11,11,12,10,19,16,17
11,14,12,10,17,14,15,19,12,15,10,11,13,19,10,13,18,20,15,13,13,13,14,16,19,12,20,11,12,13,10,14,20,20,19,13,13,15,10,13,18,17,14,20,18,16,13,16,20,12
18,18,18,18,19,17,18,10,19,20,20,12,19,15,13,12,19,15,14,19,15,20,17,16,20,10,10,20,15,19,10,15,18,17,15,12,15,13,11,10,12,19,12,13,18,10,12,10,16,14
10,19,11,13,20,12,12,12,16,12,20,17,15,19,20,14,14,16,20,14,14,12,20,10,14,16,10,12,14,14,10,10,13,11,10,18,10,12,20,13,18,11,18,20,17,10,18,10,14,17
15,16,15,16,10,16,19,10,20,14,18,14,14,13,15,18,15,11,20,16,11,12,14,18,15,17,19,13,20,17,20,19,10,19,11,16,20,12,16,12,15,12,20,18,13,19,13,11,10,12
17,10,17,10,20,11,16,11,10,17,15,18,10,12,11,15,11,17,19,11,14,18,18,17,13,11,20,14,14,11,19,16,19,14,11,13,11,19,18,19,13,10,19,12,17,11,17,17,14,13
14,15,16,16,14,17,12,10,16,13,13,17,20,12,12,12,20,12,15,15,19,17,13,13,14,11,18,12,11,18,11,14,13,13,10,17,14,15,10,12,16,16,15,13,13,16,16,12,16,19
15,11,15,19,18,12,16,15,15,10,18,10,19,12,14,18,18,15,16,10,19,18,17,13,20,11,19,17,16,16,10,14,11,16,20,10,11,13,11,10,12,12,18,20,12,12,20,10,12,10
10,19,10,14,20,12,11,20,15,19,12,14,18,14,20,10,19,16,17,10,19,17,11,15,12,14,12,18,16,11,10,14,10,15,11,14,11,20,17,11,14,11,13,15,11,12,17,15,19,13
20,19,14,10,15,16,14,15,20,17,20,19,12,20,12,15,11,13,15,16,17,13,16,17,17,12,10,20,17,15,11,20,19,13,18,13,18,10,19,11,17,14,17,11,20,14,13,18,15,17
16,11,10,15,12,20,15,13,18,18,19,17,13,11,20,19,12,18,18,13,20,10,13,14,10,18,14,17,20,12,11,13,12,16,16,12,16,10,14,11,10,16,13,19,19,19,10,15,16,13
14,11,15,10,18,15,15,10,13,14,13,11,10,12,17,20,11,11,14,18,11,16,10,13,14,15,10,17,10,12,12,17,16,17,16,14,20,15,10,11,19,17,15,12,15,17,14,19,12,13
18,13,20,20,20,18,15,11,20,12,20,14,11,14,13,12,16,14,13,18,10,16,16,12,19,14,17,13,13,17,14,19,15,10,13,15,13,14,20,16,14,15,10,16,10,14,16,16,16,10
11,19,10,15,16,14,19,11,12,11,12,20,16,12,12,11,14,16,13,19,10,15,16,19,15,17,11,18,19,10,19,14,15,19,20,15,17,15,10,16,17,20,12,12,18,13,20,11,10,20
19,12,17,13,15,10,13,17,15,10,16,10,11,17,18,19,14,19,15,14,13,18,14,11,19,17,18,14,10,13,19,15,19,20,18,18,15,12,10,10,17,19,20,14,13,17,20,12,20,13
13,12,19,12,10,10,10,15,18,11,17,13,17,10,15,18,12,19,11,16,20,15,11,10,14,18,17,19,18,20,18,10,10,15,20,17,11,16,17,17,17,19,11,14,17,17,11,13,16,16
18,17,17,17,15,16,15,18,11,12,17,16,20,18,20,18,19,20,16,12,14,16,11,14,14,11,16,16,19,14,11,16,15,18,13,10,12,17,10,13,12,19,18,14,12,13,14,17,20,18
20,18,16,11,12,17,14,18,11,10,16,17,13,20,10,20,12,11,15,19,12,16,16,16,19,15,18,20,13,14,20,13,17,14,19,14,17,17,14,13,20,15,19,15,20,12,16,18,19,14
15,11,11,15,19,20,14,17,18,10,16,14,20,11,10,13,11,15,13,11,12,18,11,20,13,20,14,17,12,20,12,19,11,12,10,15,17,19,18,14,11,14,10,17,11,20,20,12,18,19
10,16,12,12,19,17,20,10,18,10,16,20,20,17,12,18,19,16,11,15,16,14,11,17,19,20,17,16,11,10,18,15,16,12,15,19,16,14,20,18,12,16,17,11,17,19,15,11,11,13
14,14,19,16,13,15,17,16,11,18,11,17,18,14,18,14,19,20,12,15,12,20,10,15,11,18,17,12,20,15,14,12,10,15,15,11,13,13,16,11,13,16,20,14,20,16,10,17,20,18
15,16,16,19,20,14,11,20,13,16,20,14,12,14,16,17,20,10,13,18,12,19,10,16,18,14,18,16,18,10,17,14,13,15,12,10,16,15,16,17,12,12,15,19,17,20,15,14,18,18
18,20,20,19,17,16,20,13,10,13,11,12,17,15,14,13,15,15,18,20,18,18,12,13,11,10,20,10,14,14,15,18,17,20,10,16,17,19,13,19,20,18,12,20,11,10,18,14,18,18
15,11,15,18,11,11,10,12,15,18,16,13,10,11,15,16,14,16,10,15,17,13,15,16,17,11,10,17,18,15,16,16,10,10,15,12,15,10,18,20,11,14,10,13,19,20,17,10,18,13
20,16,16,20,15,14,16,16,10,18,15,16,15,20,15,12,12,10,10,13,16,14,12,20,11,19,12,13,11,14,10,18,13,19,16,19,15,15,19,19,16,17,13,15,10,10,19,14,14,14
12,18,15,11,16,11,19,17,13,13,14,16,19,12,12,13,15,12,19,13,16,13,11,19,13,17,14,10,14,11,16,17,17,17,18,17,14,12,14,20,12,14,16,19,17,17,19,16,19,13
15,16,14,19,12,18,13,10,19,13,16,16,14,20,11,16,15,20,19,17,14,18,14,11,18,17,15,12,10,20,19,18,18,16,13,13,20,19,17,19,15,12,15,12,18,15,19,16,17,15
19,19,19,16,18,12,11,12,17,18,20,19,17,10,15,17,10,14,11,12,13,16,15,10,16,11,19,12,15,10,19,12,16,13,13,17,19,11,14,16,19,10,17,16,12,16,18,17,19,15
12,15,15,10,19,16,15,13,14,17,15,16,15,11,13,10,20,19,20,19,12,16,11,19,17,12,16,13,16,16,18,18,13,14,14,15,11,20,16,10,18,15,20,11,16,16,20,14,11,17
19,13,19,20,20,11,15,18,16,20,19,18,19,15,15,15,19,17,17,10,16,14,17,17,11,12,12,15,10,15,15,11,10,19,18,20,14,16,10,14,20,19,20,19,13,15,18,18,20,10
12,16,19,14,19,16,10,20,19,11,13,12,16,13,19,20,20,10,19,10,12,19,18,11,18,16,15,11,14,18,12,19,13,18,20,15,18,10,12,16,15,15,14,13,19,15,11,20,20,11

The sequence dependent setup time of each job processed on machine 5.
(Where rows denote jobs: 1 to 50 and columns denote jobs: 0 to 50.For example:The value of Sijk is in row j,column i+1.)
17,15,14,17,19,19,17,19,15,16,17,17,14,12,17,10,16,14,20,18,19,15,11,17,17,18,11,14,11,17,17,16,12,17,18,19,19,14,16,20,11,14,18,10,20,15,18,11,17,20
12,16,20,11,16,10,20,18,13,10,15,17,12,17,17,19,12,14,17,15,12,12,10,17,20,19,11,12,12,11,18,18,18,14,17,14,15,13,11,18,15,17,16,14,19,17,14,19,13,14
18,10,17,10,16,15,10,20,13,13,11,17,17,16,10,20,10,11,19,10,10,14,16,11,18,14,18,18,14,16,17,18,10,19,16,13,19,14,15,19,17,18,12,18,11,15,17,11,18,15
15,12,12,20,17,15,14,20,10,18,11,15,11,20,12,14,17,15,16,19,12,10,10,11,19,12,18,16,15,16,10,11,10,18,20,14,12,20,17,15,18,18,10,10,11,18,11,11,19,18
13,12,15,17,18,11,19,16,11,11,17,19,19,18,17,19,11,17,13,15,10,10,18,16,16,16,11,11,13,19,18,15,17,12,20,14,19,16,18,13,10,16,15,14,16,20,12,18,15,11
12,10,12,12,18,17,14,16,17,16,20,10,10,18,18,13,12,15,18,16,10,11,13,20,12,17,15,14,15,15,11,11,10,12,18,11,15,19,20,10,10,13,17,15,17,13,10,20,17,14
17,14,13,14,12,11,10,19,13,14,16,12,13,13,11,15,15,20,10,11,12,18,19,12,20,17,13,13,10,14,13,14,18,20,10,17,10,12,19,12,19,15,13,13,15,18,11,13,11,14
10,13,11,14,19,15,16,17,20,13,15,10,14,13,20,17,13,10,11,20,14,11,15,17,12,12,16,18,17,17,10,13,16,19,16,11,10,17,19,10,20,16,12,17,20,11,19,14,20,17
15,20,10,12,15,17,19,15,10,18,16,16,17,15,13,10,20,20,14,17,18,13,16,19,12,15,16,18,19,19,14,20,17,20,18,12,12,12,20,14,17,11,15,12,18,19,16,18,11,20
17,12,16,14,16,17,10,12,13,16,10,11,19,10,18,12,19,16,14,13,10,20,11,14,14,20,14,20,14,10,19,11,10,20,14,14,11,15,20,10,20,15,12,17,17,14,10,18,13,12
15,20,15,19,20,16,19,17,10,16,11,18,14,17,18,12,14,12,20,20,16,13,19,20,15,19,11,13,18,19,13,17,20,12,20,11,15,19,11,18,12,19,16,11,10,20,11,14,20,20
10,20,15,13,10,16,14,18,18,19,20,12,11,19,19,14,19,13,17,15,15,19,16,12,14,18,14,16,12,20,13,14,10,10,19,11,19,10,17,19,13,16,15,16,16,11,15,12,14,10
13,12,10,20,12,12,10,20,19,13,13,20,15,14,15,19,12,19,12,18,17,17,17,19,10,16,12,17,15,15,14,11,19,16,13,13,15,18,18,10,19,20,15,19,12,14,19,10,11,11
17,12,15,14,14,10,13,11,10,11,19,14,20,11,18,11,19,13,13,18,15,20,15,14,10,17,13,18,19,15,11,12,20,11,17,19,14,12,13,15,16,20,13,13,10,17,12,17,20,10
10,20,14,13,19,14,11,11,16,10,11,11,15,15,10,17,16,11,10,14,16,16,13,11,17,10,10,14,19,12,16,18,11,18,16,13,14,14,17,12,18,11,16,13,16,16,12,18,12,16
16,19,12,13,16,11,18,15,20,14,16,11,15,12,20,13,17,16,11,16,14,18,12,13,11,14,11,13,10,12,19,13,11,16,16,17,14,11,17,11,11,16,19,19,11,13,10,20,14,18
10,10,12,14,11,15,19,11,20,15,18,12,18,15,13,12,10,19,16,10,13,16,13,18,16,10,20,10,15,16,19,12,15,10,16,16,18,16,17,14,17,13,17,18,18,10,10,14,13,13
11,13,18,15,16,12,11,15,11,10,20,10,10,12,13,19,20,20,15,17,20,19,20,13,10,17,19,16,17,13,20,11,20,18,15,12,14,17,12,16,15,16,10,15,11,15,13,20,16,18
13,17,15,11,13,15,16,20,18,20,11,16,14,15,12,16,10,11,19,16,12,17,14,12,20,13,12,16,20,15,19,16,15,19,12,13,18,17,13,11,19,14,17,12,20,10,13,15,10,16
15,13,10,11,16,20,11,13,13,18,15,20,19,18,18,15,20,12,18,20,16,14,20,15,11,11,19,13,19,15,15,19,16,16,14,10,16,19,20,15,15,18,15,16,14,10,13,11,12,20
19,17,19,17,14,17,13,13,13,13,10,12,20,16,16,17,18,12,17,17,13,20,14,17,17,17,20,20,12,17,18,17,13,15,13,19,17,17,13,12,12,11,18,10,11,19,10,20,11,16
13,13,10,19,11,10,15,16,15,10,10,10,11,15,15,13,12,10,11,14,20,15,12,18,14,18,15,12,16,13,11,17,16,16,15,15,12,19,18,10,20,18,13,19,12,13,11,18,11,19
14,18,18,10,10,13,12,13,14,11,12,14,18,17,20,14,13,15,12,18,19,20,16,18,17,20,10,19,14,10,12,20,15,10,16,18,10,20,14,12,15,14,14,13,13,10,17,14,18,14
16,15,12,13,12,14,10,12,13,17,14,10,17,17,16,15,16,15,15,14,18,16,10,19,16,20,11,16,17,19,18,18,12,18,12,11,15,11,10,15,18,11,18,10,20,18,13,18,19,19
16,17,11,11,10,18,17,12,10,16,11,13,11,10,19,16,18,20,16,16,15,17,20,11,19,18,17,20,14,15,18,11,19,17,10,15,11,18,15,17,11,15,13,17,10,10,17,20,17,11
20,15,19,19,10,10,20,16,10,12,19,12,20,18,10,11,16,12,15,20,19,12,18,11,11,16,13,13,13,15,11,18,12,11,11,15,14,11,19,17,17,13,10,14,11,11,17,15,17,13
17,11,14,19,20,12,20,20,18,18,19,12,19,20,20,12,17,10,14,10,15,19,14,16,19,19,15,16,11,16,15,15,15,14,16,14,13,13,10,18,11,13,17,20,17,15,14,20,16,19
20,11,17,11,15,12,14,14,14,20,15,13,16,19,18,17,13,14,15,10,15,10,18,20,14,14,19,17,14,15,18,12,13,20,15,12,10,16,19,12,19,16,19,18,14,17,10,19,15,16
16,15,17,14,20,16,14,16,15,19,12,12,16,15,18,17,12,14,10,12,18,20,18,11,19,12,20,17,16,19,15,14,19,14,17,10,16,19,14,11,18,19,11,15,20,11,19,10,15,11
15,15,12,13,18,15,13,20,11,10,17,11,20,19,18,10,18,12,16,10,11,20,17,18,20,14,14,12,12,10,19,20,18,17,20,16,19,19,15,10,14,16,11,18,12,12,10,16,17,16
10,17,16,12,15,15,16,12,15,17,18,20,11,17,18,16,10,20,10,19,10,17,10,19,11,13,12,13,14,17,11,15,16,10,10,14,10,18,17,15,16,13,17,17,20,18,20,11,15,15
16,10,18,20,11,11,11,18,16,12,10,12,10,10,18,13,12,18,20,19,18,18,11,10,14,15,18,15,15,17,18,18,17,12,17,20,15,10,16,19,12,17,17,20,18,11,20,20,10,14
11,19,10,19,17,14,14,10,18,13,14,20,14,11,11,17,20,15,14,15,14,19,20,15,15,12,15,17,10,12,11,19,18,19,10,17,14,11,14,17,19,15,12,15,10,11,13,18,13,18
19,16,19,13,19,13,11,15,18,18,10,17,14,11,10,14,12,14,11,10,16,20,14,12,16,16,16,18,11,19,20,19,13,16,20,10,12,15,10,15,17,10,10,18,20,14,20,18,11,16
20,12,16,10,19,19,15,10,14,12,17,16,19,13,13,12,19,20,19,10,14,12,13,10,11,15,19,11,20,16,14,16,11,18,16,18,11,20,10,12,14,15,15,10,20,18,13,13,10,17
16,10,14,17,16,19,16,11,11,18,10,13,10,12,12,16,15,11,11,20,14,14,11,18,15,12,12,17,19,11,15,18,14,20,13,12,14,14,11,10,12,15,16,10,10,12,20,12,12,20
11,11,11,20,18,17,18,15,14,14,10,15,13,11,13,14,13,11,16,16,20,19,16,11,12,12,16,14,14,18,18,14,19,10,15,17,17,19,17,15,19,14,18,15,15,19,10,13,15,16
14,16,15,10,11,14,14,16,13,18,20,20,12,15,14,18,12,19,11,19,20,13,19,16,14,20,18,18,17,11,11,16,17,14,13,16,12,12,19,16,12,11,12,12,18,14,11,15,10,17
19,15,11,20,13,19,15,15,16,15,18,13,18,18,11,14,10,18,10,13,20,12,12,17,19,12,20,18,17,18,15,11,10,15,17,12,16,14,14,18,13,14,15,13,18,12,14,14,20,13
15,20,12,20,18,20,19,16,19,19,12,12,19,18,16,12,17,16,10,13,18,16,17,18,12,11,20,10,19,12,16,15,13,18,12,10,19,19,20,18,17,15,10,18,17,16,15,20,15,19
14,18,12,12,17,16,10,12,15,20,13,20,12,18,19,19,10,19,17,19,15,16,13,20,15,11,16,13,19,12,12,17,15,19,20,11,15,10,11,13,17,14,12,16,17,14,14,13,20,13
20,15,20,12,10,18,16,15,14,20,19,16,20,10,18,17,17,13,17,10,17,18,20,18,18,17,19,16,11,20,17,11,16,20,10,16,15,20,18,13,19,11,17,16,13,20,20,13,10,18
10,19,15,10,18,13,18,15,18,15,14,12,18,18,18,13,12,18,17,17,15,12,16,16,11,11,20,18,14,13,14,15,14,10,12,16,10,19,20,14,11,14,10,10,19,14,10,11,19,12
19,17,10,18,19,15,10,11,15,17,14,17,19,15,15,18,14,13,17,10,15,15,20,19,15,14,19,11,11,14,12,18,15,11,18,17,17,16,18,11,13,20,13,19,12,12,17,12,18,17
13,12,14,14,15,16,12,20,15,13,14,10,15,18,20,10,16,10,18,11,12,12,20,18,19,16,20,16,12,11,19,13,11,19,14,18,12,10,17,17,19,11,16,18,17,19,20,12,17,20
16,17,12,17,19,13,17,14,18,19,19,11,18,19,15,15,20,14,20,15,16,20,11,20,16,13,15,12,11,14,16,12,18,14,14,14,12,17,17,11,10,11,12,14,16,13,18,14,20,20
10,12,16,17,15,11,12,12,20,15,10,20,12,16,15,12,10,12,10,12,14,20,12,16,14,19,17,10,18,19,17,11,14,10,14,18,18,18,14,16,16,15,14,12,15,12,14,12,10,14
17,20,15,15,13,15,20,19,12,16,14,20,12,15,11,13,13,16,10,13,16,19,16,15,14,15,14,15,11,12,10,17,15,13,14,10,16,14,11,12,10,11,14,17,12,14,20,19,12,19
13,17,11,18,13,20,17,14,15,18,15,14,11,20,14,15,15,15,11,16,17,19,17,13,14,18,16,18,14,14,11,14,20,12,14,17,13,12,18,12,13,17,11,20,17,16,15,15,16,20
14,18,15,12,14,11,15,11,17,15,10,17,11,19,16,13,17,13,10,12,19,18,15,16,13,12,14,12,10,11,10,16,16,12,13,19,17,12,13,12,20,10,13,12,19,20,17,13,12,16
19,19,17,14,12,18,16,18,15,18,13,11,10,11,13,12,18,17,12,20,12,15,13,15,18,14,17,13,12,17,11,16,12,11,11,18,15,18,13,14,16,17,19,11,13,14,12,15,20,14

The sequence dependent setup time of each job processed on machine 6.
(Where rows denote jobs: 1 to 50 and columns denote jobs: 0 to 50.For example:The value of Sijk is in row j,column i+1.)
18,13,19,11,19,14,15,11,15,19,18,16,11,15,17,10,16,15,14,16,10,20,18,17,19,18,12,18,14,14,19,10,13,18,19,20,19,13,12,19,16,19,20,19,16,20,11,10,15,10
16,20,15,10,11,19,14,17,13,15,10,15,19,12,12,10,14,10,16,19,12,11,15,10,10,18,13,14,11,19,18,16,17,10,14,15,11,14,17,18,10,10,19,11,11,19,14,17,16,20
15,18,16,17,12,17,11,14,19,13,14,16,14,10,20,20,18,14,13,18,20,15,11,15,17,14,20,17,18,19,14,17,13,15,15,19,18,18,20,10,12,13,13,11,11,19,14,15,18,16
14,16,16,18,12,16,10,19,15,11,11,15,17,12,16,14,17,16,19,13,14,15,17,15,13,17,16,18,10,10,14,17,17,13,15,17,18,14,14,16,17,12,17,19,12,12,10,14,14,13
13,11,10,18,10,12,18,20,10,10,20,17,10,11,20,18,17,18,16,19,14,10,13,11,17,13,15,11,10,18,17,15,15,11,15,18,19,16,16,10,19,18,11,19,20,11,16,13,12,11
12,19,14,14,20,17,11,13,20,12,12,17,18,16,19,16,17,13,13,14,20,10,18,12,17,18,14,17,13,20,15,12,16,18,14,10,18,17,16,14,17,14,15,11,20,18,13,13,19,19
12,13,13,10,18,11,13,16,20,20,15,18,20,17,12,16,14,17,18,16,16,14,12,20,17,20,14,15,11,11,14,12,17,19,15,15,14,19,13,10,13,15,10,18,16,15,14,19,11,10
12,20,10,10,15,14,19,16,10,17,10,16,20,11,20,10,20,13,13,18,11,20,20,13,13,15,15,10,19,17,18,18,16,19,19,11,10,19,19,19,16,18,19,10,13,15,12,13,14,19
12,14,20,15,13,18,10,16,11,14,15,13,16,12,10,16,11,14,11,14,19,20,17,17,19,20,17,10,15,16,12,19,18,17,14,11,14,18,11,17,16,16,10,14,13,15,16,16,14,10
13,20,20,20,15,19,16,18,11,14,10,13,17,20,18,20,15,14,19,14,20,15,11,19,16,11,15,17,18,11,19,16,15,17,16,10,19,13,18,10,10,11,13,15,16,15,17,20,10,17
15,18,14,20,11,10,19,18,17,15,15,17,12,16,19,18,11,11,15,11,20,11,20,10,14,19,14,12,15,15,19,17,12,11,19,11,13,16,18,12,20,19,11,10,14,14,17,18,10,13
17,14,19,19,12,11,14,18,13,18,16,13,11,11,11,16,19,10,12,13,18,19,17,18,16,12,20,10,14,17,16,11,15,20,17,12,19,15,19,14,18,13,19,13,19,12,11,12,20,17
16,14,10,20,11,16,11,16,13,18,19,12,19,18,16,13,13,13,12,12,14,18,10,12,14,19,19,18,20,10,10,19,13,16,10,20,16,17,18,17,18,10,16,14,13,14,10,10,12,20
20,11,20,11,14,18,12,20,10,16,20,16,11,13,19,12,15,13,14,14,12,11,19,17,14,20,16,12,12,14,14,10,13,15,12,17,14,17,20,14,17,14,20,19,15,17,14,11,15,18
14,18,16,18,15,19,15,11,10,14,20,14,17,16,12,20,18,15,20,15,10,16,13,10,12,15,15,16,13,16,20,20,20,16,19,15,20,19,20,15,18,18,16,12,10,20,18,16,14,13
20,10,20,13,10,19,16,12,14,18,16,10,15,11,15,14,11,18,14,13,15,17,19,19,19,12,16,11,10,17,16,13,14,10,13,17,12,11,16,14,11,18,13,13,13,14,16,12,13,11
12,20,18,19,13,15,14,16,20,11,20,20,18,12,10,15,19,15,13,15,19,17,17,12,16,11,14,17,17,15,18,10,14,19,10,19,14,18,14,17,17,13,11,11,18,13,13,16,12,17
13,10,16,15,13,17,16,17,16,14,16,18,18,18,19,10,14,11,18,12,11,12,16,12,11,10,13,13,18,13,13,13,17,14,12,20,10,18,11,12,20,19,11,10,15,20,10,11,10,13
14,16,17,14,15,10,18,19,14,14,15,18,11,20,17,12,18,13,15,18,13,12,13,13,10,20,15,18,16,16,14,16,15,17,12,11,18,12,20,19,11,13,11,20,14,15,10,12,17,12
20,11,14,13,18,17,14,18,13,16,10,13,16,12,18,15,19,14,17,20,16,12,17,20,15,19,15,11,18,11,10,15,18,19,15,12,16,14,15,10,15,17,14,10,20,11,14,14,20,18
11,19,18,13,20,18,13,19,14,20,14,13,12,18,18,16,14,19,10,11,18,17,10,13,11,18,18,15,10,17,12,16,14,14,12,20,15,17,13,14,15,16,13,14,10,18,17,13,19,18
15,11,15,15,12,13,16,12,13,12,16,15,17,12,16,12,16,11,12,12,10,14,14,11,10,13,13,18,10,18,15,17,19,11,11,12,10,13,12,11,10,12,18,10,16,10,20,18,10,17
19,10,13,16,12,13,10,12,20,19,14,18,16,18,14,14,11,17,18,13,10,10,20,15,16,16,20,16,15,12,17,12,16,16,13,15,10,12,12,20,15,15,10,17,10,17,14,11,20,20
18,12,16,13,16,17,16,18,13,18,16,10,15,19,11,19,11,20,14,19,19,14,14,12,13,13,11,18,14,19,18,18,11,14,16,20,18,10,19,20,15,17,20,11,13,15,20,18,19,11
14,15,17,14,16,10,12,10,19,15,14,16,15,17,10,14,12,12,10,20,12,11,17,13,12,17,14,16,20,16,11,18,18,18,18,18,14,20,13,10,16,15,10,14,14,16,12,15,16,18
13,15,16,16,18,20,20,11,16,18,16,17,19,15,17,19,13,19,11,18,14,19,19,19,12,15,10,11,10,14,18,12,19,13,14,18,15,17,12,18,17,11,15,12,11,15,15,15,11,20
20,12,18,14,19,10,12,12,11,12,15,14,17,18,20,15,17,20,14,17,15,16,13,17,18,13,14,15,17,17,14,11,19,11,15,15,17,15,20,15,18,16,20,13,15,20,16,18,10,19
13,13,15,17,13,20,11,15,15,14,20,20,13,13,19,14,10,18,16,15,16,11,14,20,10,20,20,14,16,14,17,11,15,11,14,12,15,19,16,19,13,20,10,20,16,16,20,14,13,19
10,15,14,17,17,16,18,17,13,15,18,12,13,20,15,11,20,16,16,20,20,20,11,14,18,17,17,19,16,13,14,18,20,16,18,14,20,15,14,16,14,13,19,15,15,18,10,18,11,18
18,11,17,18,10,16,12,20,10,18,18,17,10,18,12,16,13,14,19,13,14,10,12,11,16,14,10,18,18,19,12,15,14,18,16,14,19,20,18,13,17,10,13,15,13,16,12,15,14,18
11,12,18,15,12,16,19,20,19,19,20,10,10,19,15,17,16,18,14,20,11,11,18,18,18,13,15,19,16,17,15,18,11,18,17,17,18,16,13,19,10,14,15,19,17,19,16,12,18,20
19,18,16,14,14,20,15,13,13,18,10,11,20,12,14,16,18,19,10,19,13,10,19,15,13,20,11,15,18,13,10,10,10,11,12,19,15,14,10,16,15,17,11,13,11,15,16,20,19,17
14,18,13,20,19,13,15,19,10,12,13,11,14,12,10,14,11,20,11,10,19,10,10,18,13,16,16,13,15,19,14,19,17,15,18,19,15,13,19,12,13,16,20,10,20,15,15,11,16,19
20,15,18,19,14,17,19,18,17,19,11,15,14,12,17,18,17,13,18,11,15,18,17,11,18,18,15,15,17,12,14,14,18,16,12,12,12,16,20,13,15,13,13,12,10,16,10,15,18,19
20,10,13,10,15,13,20,10,15,13,12,16,18,18,20,20,11,19,11,10,12,18,14,20,13,15,19,18,19,15,11,18,18,12,20,15,10,15,10,14,14,17,16,19,14,19,20,20,10,15
16,16,16,11,14,10,19,16,19,10,16,17,18,15,14,10,13,10,16,18,17,10,17,20,19,16,12,10,16,13,12,19,11,13,14,10,10,19,12,12,11,17,16,10,20,11,19,11,15,15
14,16,11,18,18,13,18,15,18,11,14,15,19,12,19,19,19,18,20,10,20,16,10,13,15,19,11,15,10,10,14,18,18,12,18,12,11,10,15,16,16,15,19,16,11,14,18,14,15,15
10,11,10,16,11,11,18,12,18,18,11,20,20,14,20,13,18,20,12,16,12,11,15,11,15,11,10,19,18,13,18,17,10,20,13,20,19,11,20,19,14,19,14,11,19,10,19,18,16,16
15,12,11,19,10,15,18,16,14,10,19,15,12,11,13,11,10,18,14,14,15,10,19,19,19,19,12,20,10,18,18,13,12,13,11,18,15,20,19,13,20,10,19,20,20,17,19,13,12,14
11,19,10,13,12,16,12,20,16,15,16,12,12,14,11,14,14,20,14,19,18,18,12,15,18,14,13,14,11,16,17,10,20,12,10,16,17,20,10,11,12,13,14,13,13,16,10,17,14,10
10,19,20,18,16,15,16,14,20,14,15,11,12,14,12,16,17,12,11,17,14,19,12,16,10,16,19,13,20,15,11,20,18,13,17,14,13,19,19,18,10,12,19,12,17,12,17,17,17,10
19,14,19,11,20,11,16,18,11,15,16,13,17,13,18,13,14,11,19,14,10,18,10,12,19,14,15,14,11,16,19,19,14,18,19,17,14,17,14,11,15,11,14,11,15,18,14,10,17,20
19,15,17,13,18,14,11,10,16,20,15,12,11,18,15,11,12,18,10,16,13,13,19,11,20,18,16,18,18,18,19,19,11,18,10,19,13,18,12,20,14,18,13,14,17,20,19,16,19,14
12,20,15,10,12,17,13,13,17,18,16,17,13,10,19,18,11,20,12,14,14,20,10,14,11,10,12,17,20,15,11,18,17,17,15,19,13,14,16,19,17,13,19,15,11,10,19,17,13,19
12,14,18,12,12,16,16,18,14,20,12,13,20,20,17,16,13,18,14,11,18,11,17,11,14,18,20,15,11,16,11,14,18,11,18,18,17,19,12,18,20,20,19,16,14,11,15,20,17,16
10,19,11,11,11,18,20,10,15,16,16,19,10,10,13,10,19,19,20,14,17,12,16,19,12,14,15,20,13,19,10,19,17,13,18,18,18,10,18,20,13,19,11,19,17,18,17,16,10,19
19,10,20,19,19,17,18,15,15,14,18,19,15,13,20,10,14,12,14,11,17,12,15,14,13,11,12,10,10,11,20,16,12,16,12,19,17,16,13,14,20,17,14,13,15,11,13,19,15,11
19,10,20,11,12,18,17,19,11,13,12,18,20,13,19,17,13,18,12,17,16,10,11,17,19,18,16,11,18,10,15,10,13,18,20,18,10,11,16,13,12,20,16,15,16,12,20,15,20,17
13,10,14,18,16,14,15,10,18,17,20,20,12,18,11,17,12,17,14,14,10,12,12,20,14,17,14,12,18,19,12,18,14,19,19,15,12,18,13,11,19,18,15,20,17,20,20,18,14,12
10,14,15,14,13,10,20,17,16,12,20,17,13,15,16,15,20,20,20,11,11,14,18,17,13,12,16,14,13,12,17,15,17,15,16,14,15,18,10,11,14,17,14,20,14,11,13,16,17,16
19,13,15,19,15,18,10,14,15,16,15,18,12,10,20,14,16,10,15,18,14,19,19,16,13,19,15,15,13,11,11,16,12,14,15,14,19,18,10,10,18,10,14,18,11,16,20,13,20,10

