The number of jobs:
20
The number of machines:
5
The number of vehicles:
4
The number of workers:
3

The processing time of each order processed on different machines:
(where rows denote machines: 1 to 5 and columns denote orders: 1 to 
20)
39,27,23,21,37,29,31,39,38,32,27,40,21,38,37,32,20,29,34,32
31,34,34,34,35,27,40,39,21,30,40,24,40,32,28,20,35,28,24,36
30,26,36,20,38,34,40,35,35,40,24,23,22,21,37,31,39,26,37,26
24,33,34,29,32,40,38,24,40,22,24,26,39,40,40,32,32,32,30,25
20,29,31,32,37,31,26,24,30,20,25,21,38,33,29,23,31,24,31,29

The coefficient of each worker on each machine:
(where rows denote workers: 1 to 3 and columns denote machines: 1 to 
5)
1,1.25,0.75,1,0.75
0.75,1.5,1.5,1,1.25
1,0.75,1.5,1.25,1.25

The unit processing cost of machines:

8,6,6,9,9

The unit idle cost of machines:

4,4,1,3,2

The distance between each location:
(where rows and columns denote locations: 0 to 20)
0,57,39,127,98,99,94,88,48,112,58,92,141,62,91,91,67,45,86,70,55
57,0,59,105,153,151,143,53,98,163,20,142,102,65,51,74,120,62,114,127,96
39,59,0,90,125,130,87,61,47,145,72,126,159,24,108,119,99,5,125,92,39
127,105,90,0,214,220,151,53,129,236,124,216,194,66,151,179,189,85,209,180,113
98,153,125,214,0,16,96,184,87,31,147,27,210,148,170,150,33,129,86,35,105
99,151,130,220,16,0,110,186,96,17,144,13,201,154,164,140,32,135,73,45,114
94,143,87,151,96,110,0,144,46,127,150,115,235,98,185,183,94,87,153,67,48
88,53,61,53,184,186,144,0,108,200,72,179,143,45,98,127,154,59,163,152,97
48,98,47,129,87,96,46,108,0,113,104,96,189,66,139,138,69,49,117,52,18
112,163,145,236,31,17,127,200,113,0,153,21,204,169,171,145,46,150,73,62,131
58,20,72,124,147,144,150,72,104,153,0,133,87,81,36,55,114,75,99,125,105
92,142,126,216,27,13,115,179,96,21,133,0,188,150,152,128,27,130,60,48,113
141,102,159,194,210,201,235,143,189,204,87,188,0,166,51,60,178,162,132,198,192
62,65,24,66,148,154,98,45,66,169,81,150,166,0,116,133,123,19,148,115,53
91,51,108,151,170,164,185,98,139,171,36,152,51,116,0,38,138,111,106,153,141
91,74,119,179,150,140,183,127,138,145,55,128,60,133,38,0,119,124,74,140,145
67,120,99,189,33,32,94,154,69,46,114,27,178,123,138,119,0,104,63,28,87
45,62,5,85,129,135,87,59,49,150,75,130,162,19,111,124,104,0,131,96,39
86,114,125,209,86,73,153,163,117,73,99,60,132,148,106,74,63,131,0,91,131
70,127,92,180,35,45,67,152,52,62,125,48,198,115,153,140,28,96,91,0,70
55,96,39,113,105,114,48,97,18,131,105,113,192,53,141,145,87,39,131,70,0

The weight of orders:
12,16,19,10,10,19,17,20,17,16,10,12,15,15,11,13,16,18,19,16

The unit tardiness penalty of orders:

8,6,8,6,8,6,10,8,10,9,8,9,7,10,6,10,7,9,6,8

The due date of orders:
265,357,406,160,382,239,323,225,525,224,232,434,318,321,334,391,326,213,502,170

the loading and unloading time of each order:
3,4,5,3,3,5,4,5,4,4,3,3,4,4,3,3,4,5,5,4

The sequence dependent setup time of each job processed on machine 1.
(Where rows denote jobs: 1 to 20 and columns denote jobs: 0 to 20.For example:The value of Sijk is in row j,column i+1.)
14,14,20,15,18,20,15,18,15,16,19,13,15,19,10,16,18,14,13,20
13,15,12,20,16,13,20,15,10,20,15,11,10,15,16,12,17,17,15,20
18,13,10,10,20,20,18,20,15,17,10,15,11,18,12,15,12,15,14,15
16,13,16,16,10,11,10,19,14,19,14,12,13,16,12,14,19,20,19,12
13,12,11,17,17,12,10,13,17,18,13,20,11,19,11,14,20,12,20,20
13,19,20,10,11,13,15,13,14,16,12,19,18,13,18,19,11,15,17,17
11,16,10,15,15,10,13,16,11,15,15,12,19,20,17,13,12,20,10,20
14,14,17,17,16,13,20,12,12,10,20,15,11,19,19,20,19,16,16,18
10,15,20,20,18,14,14,19,10,14,10,16,17,20,17,17,16,17,17,11
19,17,17,17,17,12,16,10,11,14,16,18,12,13,17,17,18,10,10,12
11,18,15,17,16,10,13,18,18,10,18,13,10,19,20,10,11,19,11,13
15,17,18,15,11,13,13,15,11,18,17,14,20,11,16,14,20,15,14,19
11,18,14,19,16,16,13,12,14,15,16,17,10,11,10,10,13,19,17,17
17,11,13,18,12,16,15,12,15,17,13,19,11,15,18,19,12,19,20,15
16,15,15,11,13,10,13,19,12,14,13,20,13,17,13,14,11,20,16,16
10,19,10,12,18,17,12,15,18,18,12,12,18,19,18,19,11,18,19,20
20,15,17,18,13,11,12,12,11,19,12,18,20,16,11,11,12,19,17,20
16,13,15,12,10,17,15,10,11,18,18,14,14,16,13,18,10,17,13,17
13,16,20,19,17,18,11,15,18,15,18,10,10,10,17,14,18,10,13,13
16,12,18,16,16,10,18,11,10,11,16,13,13,19,16,12,14,13,14,20
16,17,20,20,10,14,16,12,16,13,13,13,19,20,19,14,18,16,17,12

The sequence dependent setup time of each job processed on machine 2.
(Where rows denote jobs: 1 to 20 and columns denote jobs: 0 to 20.For example:The value of Sijk is in row j,column i+1.)
18,13,16,13,18,14,16,14,18,14,12,11,17,14,13,16,14,12,11,18
11,11,10,16,15,17,19,16,18,19,18,10,12,17,13,14,17,13,19,12
17,10,16,19,20,19,14,15,18,17,12,17,17,18,15,18,11,16,20,18
11,20,17,10,17,19,17,11,14,19,15,17,19,14,12,18,19,12,17,15
16,10,16,13,12,12,18,19,14,18,13,19,20,11,14,18,11,16,14,14
19,16,19,12,19,19,10,16,18,18,19,10,19,19,12,11,20,20,19,10
10,10,11,17,12,16,12,17,16,10,14,12,10,14,16,18,19,14,16,11
12,19,11,10,10,11,13,10,14,17,12,18,19,11,16,16,12,19,14,13
20,20,18,11,18,19,12,13,12,14,20,19,20,13,18,17,16,17,16,18
18,18,20,14,11,17,19,20,13,17,19,12,13,14,18,19,13,11,19,14
20,18,11,17,14,18,11,17,11,15,19,13,18,15,11,11,19,11,14,10
17,13,20,10,11,17,10,20,10,19,10,11,20,14,18,20,16,12,10,20
13,14,20,14,19,20,11,10,17,10,20,10,15,11,13,19,12,12,10,17
16,15,13,11,20,15,10,11,16,16,19,17,19,18,13,14,11,19,10,20
12,15,11,16,13,15,13,12,12,11,18,13,10,19,20,15,13,18,11,15
14,13,15,16,16,13,18,16,19,10,16,18,14,13,20,20,15,18,10,16
18,19,15,16,18,13,10,15,15,10,16,19,20,16,15,20,20,11,11,18
17,15,20,18,14,18,13,14,15,12,12,19,17,10,14,11,16,18,11,17
12,10,16,20,10,19,15,16,12,20,13,16,16,12,19,20,18,14,19,16
19,13,14,12,14,20,17,18,11,15,19,18,14,20,18,10,17,10,18,20
16,17,14,11,13,12,12,12,16,19,20,13,14,14,20,13,15,12,11,10

The sequence dependent setup time of each job processed on machine 3.
(Where rows denote jobs: 1 to 20 and columns denote jobs: 0 to 20.For example:The value of Sijk is in row j,column i+1.)
13,13,15,10,13,18,19,11,19,11,17,13,10,11,14,11,15,11,14,19
11,17,10,14,14,13,15,13,14,15,20,15,19,10,20,11,19,17,12,11
15,16,20,12,13,11,14,16,14,20,14,11,10,19,10,12,13,10,20,15
14,17,19,10,14,17,20,15,20,17,17,18,12,16,16,20,18,17,11,20
13,16,13,14,15,15,18,13,11,20,20,11,16,17,14,20,16,11,10,12
20,13,17,20,19,19,11,11,20,19,10,17,16,14,18,18,16,15,20,12
17,19,11,10,10,18,20,19,17,17,20,12,13,13,16,14,10,14,20,18
20,13,12,12,20,10,10,19,20,20,19,11,13,17,17,16,20,10,11,14
18,17,13,20,18,18,14,20,13,17,20,17,17,18,11,17,10,20,14,13
10,17,12,17,13,10,15,10,18,14,20,10,13,13,13,17,11,17,14,10
11,17,20,19,11,12,15,18,19,14,12,10,20,19,16,10,14,12,13,12
13,20,14,17,11,15,15,12,11,15,20,12,14,13,11,13,10,20,13,15
15,13,13,10,13,20,20,10,12,17,19,17,12,16,13,11,12,10,12,10
13,12,11,12,17,16,18,14,17,17,16,18,20,19,12,15,19,13,11,15
19,13,12,11,17,19,10,20,19,15,11,20,13,19,19,16,10,12,16,20
13,18,17,14,15,11,18,10,17,17,15,14,11,15,14,14,16,15,13,14
17,12,16,14,15,11,13,16,10,10,15,19,12,19,13,14,14,11,10,19
10,14,15,12,19,12,10,19,12,11,11,15,19,10,15,17,11,18,13,13
19,13,17,20,11,18,16,20,17,19,11,13,17,10,10,17,20,15,20,11
11,10,15,11,20,15,16,13,19,15,13,16,17,19,12,14,13,20,16,14
12,17,11,16,13,10,16,20,15,19,12,19,16,14,14,16,20,10,12,14

The sequence dependent setup time of each job processed on machine 4.
(Where rows denote jobs: 1 to 20 and columns denote jobs: 0 to 20.For example:The value of Sijk is in row j,column i+1.)
11,17,11,13,15,14,18,14,16,13,12,11,10,19,18,13,14,15,17,19
13,17,20,19,16,12,12,11,16,15,18,19,12,20,11,20,11,18,14,20
15,20,11,18,20,18,17,16,12,14,14,19,18,17,10,18,12,15,11,11
16,19,17,14,19,20,18,11,18,19,15,10,16,17,20,12,11,11,14,18
10,16,17,11,17,18,19,13,19,10,18,19,11,13,19,12,19,16,11,14
10,20,17,16,17,16,17,14,16,20,15,10,20,18,14,20,18,17,17,10
14,11,20,20,20,11,17,20,18,10,19,10,12,11,17,11,20,17,20,13
17,20,12,16,11,19,12,14,18,18,20,19,20,20,13,14,15,14,19,11
11,10,13,15,11,20,10,20,14,10,14,16,10,14,14,18,17,16,17,19
10,18,15,16,13,11,16,16,11,17,17,18,19,18,11,14,12,16,14,20
10,14,14,12,14,13,14,16,18,12,13,11,10,11,13,15,13,19,11,18
13,10,15,15,12,18,15,12,11,19,16,13,17,15,13,10,17,15,18,13
18,20,14,19,20,16,15,16,18,19,16,14,11,14,11,19,17,17,10,13
18,10,12,10,11,10,11,20,17,16,14,11,13,14,16,10,18,11,18,13
20,12,19,18,15,19,17,11,16,20,14,11,12,19,20,12,14,12,18,12
14,19,16,10,19,12,15,18,15,17,15,10,20,15,19,12,11,16,14,15
16,14,11,13,12,20,12,17,16,20,18,19,17,11,16,11,16,20,11,19
18,14,14,16,16,11,20,13,16,11,15,19,18,19,14,11,19,13,16,13
19,19,17,20,18,12,15,11,10,12,10,12,18,12,17,20,11,18,18,19
14,15,16,12,14,12,12,15,14,15,13,15,13,19,17,12,12,18,12,17
14,12,15,16,20,15,19,19,12,18,12,18,18,19,18,10,10,17,10,18

The sequence dependent setup time of each job processed on machine 5.
(Where rows denote jobs: 1 to 20 and columns denote jobs: 0 to 20.For example:The value of Sijk is in row j,column i+1.)
20,14,15,11,20,16,12,20,15,12,17,14,20,12,15,17,16,13,13,18
11,12,11,11,15,19,15,19,14,12,18,18,20,12,16,14,19,11,15,10
10,13,11,15,17,19,17,12,13,15,20,20,16,16,11,12,16,19,10,17
19,14,11,11,17,14,16,17,14,12,16,15,19,16,20,16,13,18,12,18
14,13,19,15,14,13,12,11,10,20,12,11,19,12,16,11,20,19,11,19
12,13,19,11,10,12,13,20,11,19,12,16,17,18,10,15,12,20,14,11
17,19,10,15,12,17,17,14,17,19,11,11,12,12,11,12,14,19,10,16
20,17,10,14,19,13,14,15,18,17,20,17,15,13,14,18,11,14,10,11
19,19,15,18,11,14,14,10,17,17,11,16,17,15,16,20,20,13,17,13
14,13,12,16,19,10,15,18,12,10,10,18,13,17,17,20,19,12,13,20
14,10,16,13,14,12,19,19,19,14,14,11,18,16,14,16,12,19,13,12
15,10,19,14,14,14,20,15,16,19,11,19,10,20,11,12,11,20,11,11
14,15,11,15,11,13,14,19,19,20,17,12,15,17,14,14,13,20,15,15
14,17,10,17,15,10,20,13,20,19,19,18,18,17,16,11,17,12,10,19
10,10,11,12,20,16,12,10,11,14,18,10,18,19,17,13,18,18,15,15
14,20,11,19,10,13,13,16,13,15,13,11,11,15,17,16,19,19,10,18
19,13,18,20,18,17,11,16,19,19,20,16,20,13,11,18,15,12,18,10
14,20,14,12,14,17,11,15,18,16,16,17,14,11,12,12,10,10,16,11
11,17,19,14,14,20,19,13,19,15,18,11,10,16,19,10,18,12,10,18
18,11,20,11,14,15,18,17,19,15,12,10,13,17,16,14,11,13,11,19
10,18,13,12,15,20,15,20,13,14,19,11,18,17,15,20,10,20,16,15

