The number of jobs:
50
The number of machines:
5
The number of vehicles:
4
The number of workers:
4

The processing time of each order processed on different machines:
(where rows denote machines: 1 to 5 and columns denote orders: 1 to 
50)
26,21,22,37,26,37,39,37,25,32,21,29,39,27,29,20,26,29,30,36,34,24,24,26,28,33,29,26,26,37,32,31,29,34,38,33,27,24,38,30,40,40,31,20,20,26,28,23,23,32
20,22,26,23,23,40,22,26,40,33,22,28,25,38,26,20,20,34,39,32,23,40,38,39,31,35,25,28,22,39,36,40,38,37,37,22,38,37,35,36,38,35,31,39,25,36,22,32,37,24
32,32,22,36,36,35,25,27,39,32,28,21,34,28,36,21,34,38,37,31,27,34,32,35,24,37,29,20,21,27,22,21,38,22,21,25,25,35,27,21,26,20,38,25,23,38,23,39,33,37
30,24,23,27,27,21,29,30,38,36,25,32,37,31,30,24,38,23,21,35,29,28,40,21,31,32,38,26,33,29,39,31,34,37,37,21,29,34,35,20,27,29,30,27,28,34,20,38,23,22
27,27,32,26,25,20,28,23,22,39,33,39,29,27,29,40,24,29,28,30,40,21,36,22,39,22,31,38,25,32,21,22,25,40,29,27,31,37,28,31,27,40,23,39,20,37,33,23,23,37

The coefficient of each worker on each machine:
(where rows denote workers: 1 to 4 and columns denote machines: 1 to 
5)
0.5,1,1.25,0.5,1.5
1.5,1.25,0.75,0.5,1.5
1,1.25,0.5,1.25,1.5
1.5,1.5,0.5,0.75,1

The unit processing cost of machines:

9,8,7,9,6

The unit idle cost of machines:

1,1,3,1,1

The distance between each location:
(where rows and columns denote locations: 0 to 50)
0,48,107,102,111,62,111,83,60,102,88,87,134,38,50,47,36,93,77,132,69,84,82,65,34,50,81,99,39,104,61,29,70,112,108,87,59,61,49,84,106,111,75,91,75,102,68,81,26,114,40
48,0,64,127,132,104,158,129,87,134,40,119,142,68,58,95,68,131,124,84,103,132,71,92,76,98,115,93,58,124,93,32,110,124,155,111,91,37,76,125,153,108,94,133,123,65,103,117,73,135,74
107,64,0,190,193,167,210,190,122,198,39,151,141,132,120,154,132,195,177,50,141,190,70,125,139,156,149,144,97,142,157,96,152,131,214,136,155,90,113,167,213,158,156,196,176,20,142,181,129,196,138
102,127,190,0,16,60,137,80,153,20,156,169,231,64,70,87,66,38,118,192,153,97,183,157,72,93,163,72,140,196,41,96,144,209,105,178,44,102,145,150,96,70,34,51,116,192,149,36,104,17,61
111,132,193,16,0,75,153,96,165,35,157,183,243,73,73,101,75,54,134,190,166,113,191,170,83,108,177,64,150,209,53,102,158,221,121,191,55,103,156,164,112,59,38,67,131,196,163,52,116,3,71
62,104,167,60,75,0,83,30,98,50,142,111,177,41,66,28,40,35,59,185,95,43,141,103,28,34,105,102,93,140,29,74,85,155,60,122,29,98,92,90,55,108,56,30,57,163,92,25,51,76,34
111,158,210,137,153,83,0,57,96,121,197,82,155,116,142,69,114,101,34,242,79,40,157,96,96,63,79,184,114,115,112,137,64,136,38,103,111,167,101,53,48,190,139,88,35,199,76,101,85,154,110
83,129,190,80,96,30,57,0,103,64,168,106,178,71,96,37,69,44,44,212,94,18,154,106,55,37,101,131,105,138,59,101,80,156,30,122,59,127,100,80,25,136,85,31,42,184,90,44,64,97,64
60,87,122,153,165,98,96,103,0,147,121,32,79,95,110,71,92,133,69,162,19,93,61,5,81,67,28,158,29,44,112,86,33,56,114,27,110,115,12,47,118,171,132,126,69,107,21,123,49,167,94
102,134,198,20,35,50,121,64,147,0,166,161,226,67,80,78,68,20,105,204,145,82,184,152,69,83,154,91,138,189,42,102,134,204,87,172,44,114,140,139,77,90,48,33,103,198,141,24,99,35,63
88,40,39,156,157,142,197,168,121,166,0,152,161,103,86,134,103,166,163,45,138,172,86,125,114,138,149,105,92,151,126,68,147,146,195,141,125,54,110,162,192,119,122,169,162,52,139,152,113,160,110
87,119,151,169,183,111,82,106,32,161,152,0,74,118,136,83,114,144,65,194,18,92,86,28,101,77,6,185,61,33,130,115,27,54,109,21,128,145,43,30,116,197,154,134,66,135,21,137,69,185,115
134,142,141,231,243,177,155,178,79,226,161,74,0,171,182,149,168,211,138,191,84,166,75,74,160,145,79,229,95,41,190,154,99,22,183,56,188,178,87,104,189,242,209,203,139,121,88,202,128,245,171
38,68,132,64,73,41,116,71,95,67,103,118,171,0,26,48,3,63,86,145,100,80,119,100,20,54,111,70,77,139,25,36,96,149,100,122,23,57,85,106,95,80,37,66,84,131,97,49,48,75,7
50,58,120,70,73,66,142,96,110,80,86,136,182,26,0,73,28,81,111,125,118,106,122,115,46,80,130,49,87,154,42,30,117,161,126,137,41,34,99,128,120,61,36,87,109,123,116,68,69,76,33
47,95,154,87,101,28,69,37,71,78,134,83,149,48,73,0,45,62,38,178,67,38,118,75,27,7,76,117,69,111,50,69,57,127,61,94,49,98,66,64,59,125,76,55,36,147,63,54,27,103,42
36,68,132,66,75,40,114,69,92,68,103,114,168,3,28,45,0,63,83,145,97,78,117,97,17,51,108,73,75,136,26,36,92,146,98,119,24,58,82,103,94,83,40,65,81,130,94,50,45,78,6
93,131,195,38,54,35,101,44,133,20,166,144,211,63,81,62,63,0,86,206,129,62,174,137,59,67,137,102,127,173,39,99,117,189,67,156,41,116,127,120,58,103,55,13,84,193,125,14,86,54,57
77,124,177,118,134,59,34,44,69,105,163,65,138,86,111,38,83,86,0,208,55,28,128,70,65,31,59,155,82,98,86,103,39,117,46,82,85,134,71,36,51,163,113,74,2,166,51,82,51,135,80
132,84,50,192,190,185,242,212,162,204,45,194,191,145,125,178,145,206,208,0,181,216,118,166,157,182,191,131,135,189,167,111,190,180,239,180,165,91,152,205,236,143,158,210,207,70,182,193,157,193,152
69,103,141,153,166,95,79,94,19,145,138,18,84,100,118,67,97,129,55,181,0,82,80,17,83,62,12,167,46,45,113,98,16,62,101,28,111,128,29,28,106,178,136,120,56,126,4,121,51,168,98
84,132,190,97,113,43,40,18,93,82,172,92,166,80,106,38,78,62,28,216,82,0,149,95,62,34,87,145,100,125,73,106,67,144,24,109,72,135,92,64,25,151,99,49,26,182,78,61,62,114,73
82,71,70,183,191,141,157,154,61,184,86,86,75,119,122,118,117,174,128,118,80,149,0,62,116,117,86,163,49,72,143,92,95,62,171,68,141,109,57,108,174,178,154,171,128,51,83,162,91,194,122
65,92,125,157,170,103,96,106,5,152,125,28,74,100,115,75,97,137,70,166,17,95,62,0,86,71,25,164,34,39,117,91,33,52,116,22,115,121,17,46,120,176,137,129,71,109,21,128,54,172,99
34,76,139,72,83,28,96,55,81,69,114,101,160,20,46,27,17,59,65,157,83,62,116,86,0,34,95,90,69,125,30,46,77,137,83,108,28,73,73,87,79,99,53,58,64,135,80,47,33,86,15
50,98,156,93,108,34,63,37,67,83,138,77,145,54,80,7,51,67,31,182,62,34,117,71,34,0,71,124,68,107,57,74,51,123,58,89,56,104,64,57,58,133,83,59,29,148,58,59,28,109,49
81,115,149,163,177,105,79,101,28,154,149,6,79,111,130,76,108,137,59,191,12,87,86,25,95,71,0,179,57,38,124,110,21,58,105,24,122,140,39,26,110,190,147,128,61,134,14,130,63,179,109
99,93,144,72,64,102,184,131,158,91,105,185,229,70,49,117,73,102,155,131,167,145,163,164,90,124,179,0,134,202,73,74,165,208,161,186,73,56,147,176,154,14,47,112,153,153,165,92,117,67,75
39,58,97,140,150,93,114,105,29,138,92,61,95,77,87,69,75,127,82,135,46,100,49,34,69,68,57,134,0,69,98,60,56,74,124,54,96,88,18,71,125,148,114,122,82,85,47,115,42,152,79
104,124,142,196,209,140,115,138,44,189,151,33,41,139,154,111,136,173,98,189,45,125,72,39,125,107,38,202,69,0,156,129,59,22,143,18,153,156,55,63,149,215,176,165,99,123,49,165,93,211,138
61,93,157,41,53,29,112,59,112,42,126,130,190,25,42,50,26,39,86,167,113,73,143,117,30,57,124,73,98,156,0,61,106,168,89,138,2,77,103,114,82,78,27,45,84,156,110,26,63,55,21
29,32,96,96,102,74,137,101,86,102,68,115,154,36,30,69,36,99,103,111,98,106,92,91,46,74,110,74,60,129,61,0,99,134,129,113,59,32,74,113,125,88,64,101,102,96,96,85,54,104,42
70,110,152,144,158,85,64,80,33,134,147,27,99,96,117,57,92,117,39,190,16,67,95,33,77,51,21,165,56,59,106,99,0,77,85,43,104,131,40,15,91,175,130,108,41,139,12,110,48,160,92
112,124,131,209,221,155,136,156,56,204,146,54,22,149,161,127,146,189,117,180,62,144,62,52,137,123,58,208,74,22,168,134,77,0,163,35,166,158,64,84,168,221,187,181,118,112,66,180,105,223,149
108,155,214,105,121,60,38,30,114,87,195,109,183,100,126,61,98,67,46,239,101,24,171,116,83,58,105,161,124,143,89,129,85,163,0,128,88,156,115,80,10,165,114,54,45,206,97,71,85,121,93
87,111,136,178,191,122,103,122,27,172,141,21,56,122,137,94,119,156,82,180,28,109,68,22,108,89,24,186,54,18,138,113,43,35,128,0,136,141,39,50,133,198,159,148,84,118,32,147,75,193,121
59,91,155,44,55,29,111,59,110,44,125,128,188,23,41,49,24,41,85,165,111,72,141,115,28,56,122,73,96,153,2,59,104,166,88,136,0,75,101,112,82,79,28,46,83,154,108,27,61,57,18
61,37,90,102,103,98,167,127,115,114,54,145,178,57,34,98,58,116,134,91,128,135,109,121,73,104,140,56,88,156,77,32,131,158,156,141,75,0,103,144,152,71,68,121,133,97,127,103,86,106,64
49,76,113,145,156,92,101,100,12,140,110,43,87,85,99,66,82,127,71,152,29,92,57,17,73,64,39,147,18,55,103,74,40,64,115,39,101,103,0,55,118,160,122,121,71,99,30,117,42,158,85
84,125,167,150,164,90,53,80,47,139,162,30,104,106,128,64,103,120,36,205,28,64,108,46,87,57,26,176,71,63,114,113,15,84,80,50,112,144,55,0,86,186,139,110,38,153,26,115,60,166,102
106,153,213,96,112,55,48,25,118,77,192,116,189,95,120,59,94,58,51,236,106,25,174,120,79,58,110,154,125,149,82,125,91,168,10,133,82,152,118,86,0,158,107,45,50,206,102,63,85,112,88
111,108,158,70,59,108,190,136,171,90,119,197,242,80,61,125,83,103,163,143,178,151,178,176,99,133,190,14,148,215,78,88,175,221,165,198,79,71,160,186,158,0,52,115,161,167,176,95,128,62,84
75,94,156,34,38,56,139,85,132,48,122,154,209,37,36,76,40,55,113,158,136,99,154,137,53,83,147,47,114,176,27,64,130,187,114,159,28,68,122,139,107,52,0,65,111,159,133,45,85,41,38
91,133,196,51,67,30,88,31,126,33,169,134,203,66,87,55,65,13,74,210,120,49,171,129,58,59,128,112,122,165,45,101,108,181,54,148,46,121,121,110,45,115,65,0,72,193,116,20,80,67,59
75,123,176,116,131,57,35,42,69,103,162,66,139,84,109,36,81,84,2,207,56,26,128,71,64,29,61,153,82,99,84,102,41,118,45,84,83,133,71,38,50,161,111,72,0,166,52,80,50,133,78
102,65,20,192,196,163,199,184,107,198,52,135,121,131,123,147,130,193,166,70,126,182,51,109,135,148,134,153,85,123,156,96,139,112,206,118,154,97,99,153,206,167,159,193,166,0,128,180,121,199,136
68,103,142,149,163,92,76,90,21,141,139,21,88,97,116,63,94,125,51,182,4,78,83,21,80,58,14,165,47,49,110,96,12,66,97,32,108,127,30,26,102,176,133,116,52,128,0,117,49,165,95
81,117,181,36,52,25,101,44,123,24,152,137,202,49,68,54,50,14,82,193,121,61,162,128,47,59,130,92,115,165,26,85,110,180,71,147,27,103,117,115,63,95,45,20,80,180,117,0,75,53,44
26,73,129,104,116,51,85,64,49,99,113,69,128,48,69,27,45,86,51,157,51,62,91,54,33,28,63,117,42,93,63,54,48,105,85,75,61,86,42,60,85,128,85,80,50,121,49,75,0,118,46
114,135,196,17,3,76,154,97,167,35,160,185,245,75,76,103,78,54,135,193,168,114,194,172,86,109,179,67,152,211,55,104,160,223,121,193,57,106,158,166,112,62,41,67,133,199,165,53,118,0,74
40,74,138,61,71,34,110,64,94,63,110,115,171,7,33,42,6,57,80,152,98,73,122,99,15,49,109,75,79,138,21,42,92,149,93,121,18,64,85,102,88,84,38,59,78,136,95,44,46,74,0

The weight of orders:
15,13,12,10,12,14,12,17,18,16,18,16,15,19,15,13,11,10,18,12,13,15,17,19,15,18,18,18,19,19,12,16,16,15,16,15,19,19,13,15,14,18,10,18,14,17,17,12,12,18

The unit tardiness penalty of orders:

7,6,10,10,8,6,7,10,6,7,9,8,9,7,9,7,7,9,9,7,9,8,9,9,7,10,7,7,6,9,6,7,6,10,10,10,6,8,6,8,8,6,7,9,8,9,10,8,8,6

The due date of orders:
795,888,734,1019,637,209,635,139,571,361,236,644,864,228,691,294,414,376,450,647,611,283,931,203,462,714,764,173,237,498,415,423,978,631,796,174,163,606,653,658,262,696,717,231,818,175,258,686,244,557

the loading and unloading time of each order:
4,3,3,3,3,4,3,4,5,4,5,4,4,5,4,3,3,3,5,3,3,4,4,5,4,5,5,5,5,5,3,4,4,4,4,4,5,5,3,4,4,5,3,5,4,4,4,3,3,5

The sequence dependent setup time of each job processed on machine 1.
(Where rows denote jobs: 1 to 50 and columns denote jobs: 0 to 50.For example:The value of Sijk is in row j,column i+1.)
15,19,14,18,15,13,20,18,12,15,20,11,19,17,14,13,10,10,16,11,14,11,17,10,19,18,11,12,12,12,14,19,16,16,16,19,17,19,17,12,19,19,10,19,19,16,19,14,14,14
20,19,11,12,13,20,12,17,14,20,14,11,12,20,13,16,14,19,15,16,11,10,10,18,19,13,16,18,16,15,13,13,19,11,10,16,19,13,19,20,12,19,18,18,20,13,10,16,20,19
15,11,11,16,19,19,11,18,18,19,10,20,15,10,12,11,19,10,17,12,11,13,13,12,19,20,16,19,10,10,19,10,17,18,16,12,14,10,13,14,20,17,20,12,15,20,13,20,16,15
18,10,11,14,13,17,17,13,15,17,17,19,12,17,11,18,18,18,12,14,15,10,16,11,10,20,12,12,18,10,11,16,10,17,18,15,20,15,14,15,13,18,12,10,10,17,17,10,12,12
18,19,14,10,18,15,19,12,20,15,13,16,17,15,16,20,15,14,13,19,14,15,12,18,19,18,10,19,19,11,14,17,15,12,20,13,14,12,13,18,11,11,19,12,15,11,15,13,12,17
12,10,16,19,20,20,15,12,10,14,18,18,13,10,17,20,10,20,12,16,18,17,17,11,18,14,11,10,13,17,19,13,11,12,20,12,19,13,11,18,20,15,18,15,18,12,10,14,12,16
15,19,12,14,18,15,12,17,11,13,15,20,10,15,14,16,17,17,15,19,13,20,17,16,16,19,17,18,10,14,16,20,19,12,15,10,11,17,14,16,19,12,20,13,14,16,19,12,19,16
17,17,14,18,10,19,19,16,17,10,18,13,14,10,10,15,19,17,19,13,13,10,10,20,13,17,15,13,19,19,15,12,16,12,12,12,15,17,14,15,17,10,12,19,20,16,11,19,10,18
20,17,20,11,10,20,19,15,14,15,14,15,19,16,20,11,20,10,12,16,20,11,20,11,12,15,17,12,10,10,18,11,11,15,16,10,20,11,11,13,20,15,10,15,13,13,16,19,20,16
14,16,19,15,11,17,10,17,11,14,11,12,11,13,10,13,13,17,13,13,14,19,12,13,12,19,10,11,17,10,19,16,16,15,16,12,15,17,18,15,19,15,13,14,14,12,15,14,14,14
16,16,16,12,15,11,20,19,16,17,18,16,17,12,12,20,19,18,17,17,15,20,20,17,15,18,14,14,18,15,20,18,11,16,16,16,14,16,16,15,11,10,14,10,18,13,12,18,14,14
16,11,17,12,20,15,11,18,14,16,18,13,19,20,16,11,19,12,18,12,18,13,10,11,11,20,11,13,18,14,10,15,14,11,10,20,13,14,18,13,14,17,10,17,18,15,12,16,12,11
16,12,15,18,19,11,20,19,18,20,14,12,20,15,13,16,18,16,16,17,20,18,15,16,10,16,13,19,15,11,16,10,18,18,10,12,20,19,15,17,15,14,19,19,20,14,20,20,11,15
16,15,20,11,16,12,12,19,18,18,15,17,16,14,18,18,18,16,14,12,19,14,19,19,15,15,12,15,13,14,11,17,13,14,16,13,20,11,10,17,12,12,17,12,18,10,14,13,19,14
20,18,20,17,13,10,16,14,11,15,13,19,20,15,19,13,15,11,12,10,16,11,20,13,11,19,11,20,18,19,11,18,14,19,17,12,19,17,18,10,15,10,10,10,15,11,19,18,12,11
14,18,13,14,20,20,17,12,16,12,16,10,20,10,12,15,18,20,18,14,15,16,18,12,17,10,12,20,18,15,16,18,13,11,17,18,14,13,12,11,13,16,16,15,16,14,12,12,20,16
10,11,17,16,12,11,20,13,12,15,19,17,17,15,16,16,16,16,15,10,19,19,13,18,15,19,13,14,18,16,16,15,11,12,17,12,18,20,11,14,14,15,17,14,15,18,15,10,10,12
16,11,10,20,16,10,16,14,12,18,18,15,16,10,14,13,15,19,13,13,12,14,18,16,17,16,16,17,11,10,13,15,15,15,11,17,19,15,18,19,13,19,12,20,15,10,12,12,11,19
20,18,15,10,15,11,16,13,12,17,10,17,13,18,11,10,12,11,10,14,13,10,14,12,17,16,12,10,20,11,17,13,19,15,11,11,15,18,10,10,19,15,15,16,19,18,13,10,11,13
11,10,11,16,14,17,10,13,17,12,17,13,17,14,11,12,17,15,17,18,19,16,12,16,18,19,19,18,10,12,15,17,15,11,19,11,19,17,15,20,12,19,16,18,20,11,14,13,10,17
19,12,14,20,17,11,17,20,20,12,12,12,17,14,15,15,15,10,13,12,14,10,14,11,10,12,15,15,16,11,20,10,20,18,10,11,16,18,20,15,18,18,14,19,10,18,12,18,20,17
10,15,20,13,20,14,11,18,12,14,13,11,16,17,15,18,19,19,11,20,12,12,10,16,12,13,18,10,13,10,11,11,12,13,16,20,19,16,10,16,14,19,14,15,16,10,15,15,12,17
16,19,18,19,16,14,13,11,11,20,10,19,17,19,20,20,13,15,17,19,18,19,15,17,17,14,14,17,10,20,14,13,18,17,11,17,11,18,14,16,20,14,14,12,12,11,20,20,14,11
12,15,15,12,20,20,11,18,12,13,12,11,13,17,11,11,15,20,17,10,14,16,16,17,11,15,10,19,13,18,14,10,17,17,18,19,18,18,10,13,15,11,20,19,19,16,17,17,13,10
16,17,14,19,19,18,12,19,19,13,12,13,18,14,11,18,17,17,20,10,15,10,17,10,18,10,18,10,12,16,12,11,11,16,16,19,17,10,10,17,19,11,12,19,16,15,20,14,20,10
18,13,12,20,16,10,18,12,10,13,18,10,17,10,18,14,11,14,13,13,20,10,19,14,13,19,15,10,19,11,17,11,18,11,13,18,15,19,13,15,12,20,12,11,11,20,17,19,11,19
14,10,19,13,11,16,17,16,17,20,20,15,18,13,10,15,13,15,11,10,17,12,10,20,14,15,10,14,16,13,15,14,20,18,16,17,14,17,17,16,16,15,17,12,18,11,16,10,16,11
20,10,17,20,20,12,12,16,14,17,10,16,11,10,20,15,19,12,18,17,10,12,13,19,10,10,15,18,15,16,20,12,14,13,17,10,20,11,18,11,17,17,18,19,16,18,10,18,19,15
12,14,15,15,12,20,16,12,11,11,12,10,16,20,18,16,14,17,15,17,10,17,15,20,11,14,19,20,17,10,15,13,14,18,20,13,12,19,19,18,18,16,19,15,13,16,18,10,11,15
13,18,12,10,15,15,16,19,19,18,15,11,11,12,19,18,12,13,13,15,15,15,10,10,17,19,17,15,13,20,11,18,20,20,20,13,16,14,20,13,18,17,12,20,14,10,10,13,10,17
10,10,19,10,20,14,20,19,20,17,11,12,11,20,18,10,10,10,12,15,14,12,15,11,12,18,17,13,16,15,15,14,17,17,15,11,15,15,13,12,20,20,12,15,16,17,10,18,19,13
10,14,20,15,13,14,11,17,14,17,13,12,12,11,20,17,16,14,17,18,15,11,13,13,18,13,13,14,12,13,12,15,18,11,12,20,18,19,12,12,18,19,19,15,16,13,11,20,17,15
16,16,12,15,16,14,10,17,19,16,17,13,19,18,11,18,11,18,14,20,12,12,20,18,15,12,16,20,13,10,17,15,10,16,20,20,14,16,13,12,12,15,19,20,17,16,20,15,19,18
13,18,17,10,19,17,17,18,15,10,12,11,14,16,10,13,16,18,14,15,17,20,16,13,14,17,20,18,14,17,17,16,16,16,12,13,16,20,16,12,12,12,20,16,13,16,12,14,19,13
17,15,17,17,12,16,12,11,20,10,17,19,17,12,10,13,19,20,11,10,16,13,20,17,17,14,15,11,15,13,20,16,10,20,14,14,16,10,18,11,13,17,15,16,13,12,17,16,20,11
15,13,17,10,17,15,12,19,19,16,16,14,10,11,17,11,19,17,19,19,16,12,16,10,16,13,16,11,16,12,19,14,19,13,18,12,20,18,14,11,14,11,12,14,10,14,17,17,18,17
10,17,17,11,17,16,19,14,12,14,20,15,16,20,12,12,20,12,11,15,20,20,14,17,20,15,13,14,19,17,20,13,13,11,12,17,14,17,11,17,15,15,11,10,15,20,18,12,13,20
10,20,19,14,18,15,16,16,10,14,14,17,19,11,12,15,18,14,10,16,16,14,15,13,15,19,16,18,12,17,15,20,13,18,11,12,14,14,15,12,16,17,16,19,11,10,12,15,20,18
10,20,16,13,18,13,13,16,14,16,11,10,11,13,18,12,17,11,16,20,10,14,15,10,16,13,13,18,16,10,11,13,12,15,10,19,13,18,20,16,13,12,11,18,19,12,12,19,15,16
14,10,14,16,18,10,14,17,19,13,16,15,17,14,12,11,10,17,16,14,13,11,19,17,19,10,14,13,11,16,13,19,16,19,19,18,19,13,18,16,12,10,14,19,20,11,12,17,18,16
16,19,16,20,16,14,13,16,19,19,11,19,16,17,18,13,18,19,15,13,15,15,15,11,10,11,12,10,13,12,12,14,11,18,12,20,20,18,16,18,11,10,14,11,12,16,17,16,19,19
19,16,12,18,11,13,20,17,14,13,17,13,20,18,20,13,10,16,12,11,15,15,11,14,20,15,13,13,12,17,13,11,10,16,13,12,19,12,13,11,18,11,15,20,13,10,18,14,13,12
20,15,15,18,14,18,14,20,18,17,15,13,11,14,16,12,10,19,19,18,16,14,20,14,19,14,10,15,12,19,20,10,15,12,11,10,13,17,14,16,11,10,11,18,20,17,11,16,13,15
20,20,19,18,19,14,19,13,15,15,10,10,10,12,13,13,20,20,13,18,18,14,10,12,16,14,13,20,20,15,10,12,16,16,13,16,18,14,14,14,14,17,12,12,12,20,14,18,13,19
17,17,13,19,19,11,18,16,19,16,10,10,17,18,13,11,11,13,19,10,11,16,16,12,13,12,17,15,13,13,13,11,13,11,20,13,14,19,16,18,15,18,10,10,16,15,13,10,13,11
15,15,10,15,18,11,19,14,15,15,13,15,18,20,19,14,14,14,20,13,16,12,17,18,14,14,10,18,20,15,18,16,16,16,17,10,12,19,18,17,15,15,19,14,20,11,15,20,20,13
17,19,17,17,16,10,18,18,16,13,10,14,20,15,11,17,15,19,15,13,18,15,15,14,10,19,19,14,20,18,11,17,20,19,20,12,20,14,10,20,18,17,15,17,14,15,11,14,16,13
11,12,10,20,13,16,18,18,13,15,16,15,20,20,10,14,17,14,10,11,20,14,15,18,13,19,13,17,20,18,11,11,20,12,18,11,15,15,14,19,15,15,18,15,15,15,19,11,13,15
10,10,19,20,12,14,10,14,17,14,13,18,17,14,15,19,14,14,12,15,13,14,12,15,20,13,19,17,13,19,12,13,15,17,12,17,18,18,11,18,19,18,12,13,16,10,16,15,14,12
13,14,14,14,13,18,17,19,12,14,10,15,10,12,13,16,16,19,13,20,14,19,11,18,17,19,17,13,15,16,19,18,12,14,14,16,15,19,13,20,12,15,13,17,17,17,20,13,12,18
15,10,12,20,16,20,11,20,12,20,20,17,20,20,14,15,16,14,16,11,18,17,19,17,16,13,11,17,13,11,12,17,16,12,10,15,19,19,19,12,17,16,18,14,20,15,11,17,18,10

The sequence dependent setup time of each job processed on machine 2.
(Where rows denote jobs: 1 to 50 and columns denote jobs: 0 to 50.For example:The value of Sijk is in row j,column i+1.)
18,15,11,11,10,10,16,20,11,15,19,17,18,20,13,15,14,19,15,13,12,13,13,20,12,12,10,12,18,17,18,18,17,16,11,14,11,12,17,19,10,14,17,20,15,14,11,11,18,16
14,15,14,19,20,12,18,16,12,20,12,17,13,13,11,11,17,17,12,11,17,20,11,19,15,10,15,15,13,14,17,17,13,16,20,14,11,10,15,20,18,18,18,16,16,15,15,16,18,17
18,18,16,15,19,10,12,17,20,17,11,18,15,16,13,16,15,17,12,12,11,12,16,10,20,18,13,15,15,20,20,13,12,11,13,10,12,13,15,13,12,17,15,11,18,13,14,15,10,10
19,10,20,16,20,14,18,18,11,10,13,17,15,10,15,17,16,10,20,15,11,20,10,18,16,20,18,16,19,19,15,15,13,13,19,15,13,18,18,11,10,18,14,12,13,17,19,11,12,12
11,19,17,13,18,13,14,14,14,11,15,15,18,13,10,10,16,10,12,15,20,10,20,10,14,14,17,19,16,18,19,13,19,17,14,10,18,12,11,12,15,11,13,17,12,10,15,12,10,16
17,19,13,15,15,14,13,12,16,13,10,13,14,16,14,16,12,16,12,16,19,13,19,18,20,19,16,12,15,14,10,15,12,19,12,10,12,19,12,13,11,11,16,16,10,18,15,16,13,18
14,20,11,11,15,13,12,20,13,17,13,20,19,14,18,18,12,13,12,14,18,15,16,19,14,12,12,12,18,14,10,17,15,13,20,19,16,19,17,13,16,10,14,14,11,20,19,14,14,12
12,10,18,11,13,10,16,12,13,17,11,15,19,13,13,17,17,11,15,18,17,11,15,15,19,12,20,11,16,19,16,12,14,14,10,12,19,15,17,14,11,14,15,12,14,15,14,19,11,13
20,13,11,16,18,20,18,14,16,15,15,16,13,20,19,18,18,18,20,15,10,10,20,15,14,14,17,19,10,11,14,13,10,15,16,20,11,16,11,20,16,11,13,15,20,13,10,14,16,19
12,13,11,20,13,18,20,11,16,11,20,11,14,14,12,14,20,13,10,12,14,17,19,17,10,13,10,13,12,10,20,17,10,20,17,10,16,13,14,16,15,15,10,11,12,19,19,17,11,10
11,12,13,20,17,14,20,15,17,15,15,11,16,20,14,12,12,13,10,11,14,18,10,19,11,10,20,12,20,17,17,16,10,14,19,18,16,11,15,20,20,14,16,10,17,11,14,20,14,10
13,10,20,15,20,16,13,14,12,17,18,12,10,11,11,14,15,18,18,17,10,20,20,10,16,14,16,13,13,16,11,17,17,14,11,15,10,20,18,10,17,20,18,12,11,13,19,10,16,14
11,11,14,19,18,15,11,14,20,12,12,20,12,20,10,18,16,19,12,20,19,15,11,17,11,15,13,13,16,10,16,11,14,15,12,11,12,14,14,10,16,11,19,18,19,17,17,14,19,11
17,17,19,13,10,17,16,11,16,11,19,12,19,20,13,18,17,16,15,10,12,15,13,18,20,20,17,13,18,14,14,14,16,20,12,13,19,10,19,18,18,20,10,14,12,14,14,15,20,18
15,16,11,12,15,17,13,17,14,20,13,14,20,19,16,15,20,13,12,20,18,11,15,19,16,11,15,17,20,12,18,14,14,18,11,11,12,16,13,15,10,14,16,12,11,14,17,11,17,15
12,15,15,10,14,13,20,17,19,20,15,17,10,12,14,11,13,18,10,10,19,13,11,20,11,16,12,20,10,15,14,16,10,15,17,20,11,10,15,12,15,18,20,20,10,17,16,16,16,15
10,18,14,12,15,20,18,10,17,16,14,10,13,19,13,10,12,20,11,12,18,16,17,19,20,17,20,11,14,14,11,20,14,20,11,10,13,18,20,19,13,17,17,14,16,19,12,17,12,18
14,13,12,14,15,18,19,19,18,12,17,19,14,14,13,18,14,20,17,10,13,11,20,19,16,11,19,12,19,12,11,16,20,17,13,14,15,14,18,18,18,10,12,15,11,18,10,15,18,16
10,10,15,13,18,15,12,16,14,17,14,19,17,15,12,18,17,13,19,10,11,20,13,18,15,18,19,14,12,15,20,12,17,20,15,13,16,10,12,15,13,12,20,13,19,18,12,19,18,10
10,13,10,20,16,18,19,20,14,19,17,13,17,14,10,16,15,20,17,19,14,20,18,17,17,12,18,10,16,11,16,16,10,17,14,19,11,16,19,10,12,15,19,12,15,18,17,19,10,19
16,12,16,11,10,14,20,17,10,11,12,11,12,13,10,12,14,18,19,10,13,12,15,16,16,17,17,14,12,13,13,13,18,16,18,12,10,12,15,11,20,11,16,19,10,10,15,12,17,14
20,19,14,14,13,13,18,11,15,16,11,17,14,14,12,15,20,19,15,19,14,14,20,13,10,17,10,17,16,10,13,16,17,11,15,14,19,12,16,13,20,11,17,11,14,10,20,12,13,17
17,14,11,17,15,18,10,12,15,16,16,11,10,16,18,11,14,12,18,11,17,18,18,10,10,13,19,12,16,12,18,10,16,11,20,16,13,10,10,16,11,20,19,14,17,13,16,16,12,11
15,19,18,15,15,20,16,15,16,10,11,13,13,19,18,10,13,13,14,17,14,19,16,10,10,16,16,10,17,13,18,14,19,19,10,15,17,18,13,12,14,10,12,14,12,15,11,17,13,12
16,10,14,19,14,15,10,15,16,13,10,19,14,12,13,19,16,12,19,12,15,16,19,17,13,13,12,14,11,19,10,19,10,20,16,20,14,20,12,16,17,18,18,17,13,15,14,18,12,19
11,16,10,10,18,20,10,20,20,15,13,13,18,15,15,16,11,18,20,16,16,18,18,14,10,20,14,14,20,17,19,16,13,12,20,15,11,17,14,11,19,10,10,18,19,20,15,18,14,14
13,17,16,19,14,19,14,15,20,12,16,16,11,10,20,10,15,10,15,18,10,13,13,12,11,14,19,11,13,13,15,16,17,10,20,11,18,18,20,18,15,14,20,11,16,15,16,13,17,20
19,14,16,16,13,15,11,18,18,14,13,14,17,16,18,14,19,18,17,19,15,15,13,16,10,11,18,19,10,13,16,18,20,17,15,16,17,10,15,10,20,15,16,19,20,18,11,20,15,20
10,20,18,15,16,15,11,17,13,13,15,14,19,19,19,11,17,18,15,10,20,17,15,16,14,11,14,18,12,20,14,10,12,19,19,10,12,16,15,15,19,12,15,13,13,19,14,16,15,10
10,18,10,17,18,16,19,13,14,20,16,10,17,16,10,11,19,14,20,18,19,13,12,16,20,15,18,15,13,11,11,17,10,17,18,16,12,18,20,19,19,10,13,11,20,15,10,10,20,13
12,13,13,17,13,18,11,17,15,19,19,12,15,10,13,14,12,11,12,10,11,20,13,13,20,12,16,18,11,19,10,15,13,10,19,10,18,14,16,11,10,13,16,17,11,18,12,18,12,16
17,14,12,20,16,17,17,14,13,14,14,14,15,12,11,10,16,18,11,18,18,19,16,14,13,19,14,10,19,15,17,12,17,13,11,10,16,12,20,12,14,15,17,16,20,18,16,18,18,10
14,20,10,17,20,12,12,17,16,17,10,15,20,16,10,11,19,20,13,19,14,11,13,13,18,17,12,20,18,19,12,16,12,16,14,12,20,10,12,13,14,16,19,14,16,13,18,12,17,12
14,17,10,19,10,14,13,19,19,19,10,13,12,12,20,20,13,18,20,18,17,15,14,12,18,17,13,17,14,10,18,10,14,14,15,19,10,17,10,15,19,19,17,19,10,12,20,18,11,14
14,18,13,13,13,10,14,16,16,18,12,12,15,18,10,19,19,10,20,19,13,18,14,13,11,16,12,17,19,13,10,15,16,17,11,16,15,17,17,17,15,20,13,14,15,12,18,17,15,19
12,10,14,19,14,13,14,19,18,14,11,20,12,13,11,10,18,15,14,14,13,15,13,19,18,19,12,16,17,19,10,18,19,12,13,17,19,19,12,14,17,18,19,17,12,13,18,12,11,17
19,19,12,17,17,11,19,19,10,12,18,20,12,17,13,16,11,10,15,12,12,16,13,14,20,19,13,10,18,13,14,11,13,12,10,16,14,18,20,17,12,15,16,10,19,19,19,10,10,17
18,10,18,20,13,19,11,18,18,20,20,13,11,13,17,20,17,11,14,20,16,19,15,11,16,15,10,19,20,17,15,16,17,20,11,19,11,10,13,10,10,15,18,10,17,16,20,10,20,15
20,14,16,19,18,19,14,10,10,19,19,18,10,10,13,10,13,14,12,13,17,11,12,15,16,20,15,20,20,20,17,18,20,18,19,17,12,15,10,17,19,11,15,13,13,14,11,13,17,15
11,17,16,12,15,11,15,18,14,17,13,18,16,20,10,20,20,18,19,19,18,16,16,15,14,12,15,18,10,19,14,13,18,16,10,15,16,19,15,18,16,16,11,13,16,14,11,12,19,16
12,11,11,12,19,16,10,11,11,18,13,16,12,19,20,15,14,13,16,14,20,12,12,14,16,14,17,11,17,17,16,10,11,12,12,17,14,13,10,16,10,19,17,18,12,19,16,12,12,10
10,16,14,13,16,18,20,10,11,19,17,10,10,17,19,10,16,18,12,19,17,19,10,11,19,13,18,17,20,15,11,10,19,10,10,19,11,17,11,16,19,10,12,12,15,15,11,20,11,11
15,10,11,11,19,16,18,19,15,17,14,11,12,14,16,16,17,20,16,13,14,16,18,11,18,11,14,16,11,14,10,15,10,11,20,14,16,13,18,17,20,15,14,12,19,17,16,15,10,11
19,14,18,17,10,10,15,13,13,12,10,19,17,11,16,20,14,15,15,17,15,17,16,20,12,20,18,18,18,13,16,10,11,16,14,11,12,14,19,14,15,17,19,18,12,19,19,13,12,17
13,11,19,17,19,14,12,19,18,15,12,16,15,15,20,14,18,15,20,18,19,16,20,15,16,16,18,15,16,20,14,15,20,15,19,12,11,13,12,20,18,18,12,11,13,10,14,18,11,17
10,17,11,15,11,19,13,18,18,16,15,11,20,15,19,10,11,17,10,18,19,18,10,20,18,19,15,19,12,18,19,15,13,12,17,12,16,20,19,13,19,16,15,16,16,18,19,18,12,12
12,16,16,18,10,10,20,14,17,11,18,12,12,15,11,16,10,10,18,20,12,13,19,10,11,10,14,20,12,12,17,14,18,10,11,14,12,17,16,20,20,14,14,15,16,12,17,20,15,17
17,13,13,13,15,10,17,16,11,13,18,14,15,10,11,11,16,11,17,20,14,13,19,18,15,11,14,14,11,13,11,13,19,16,12,18,16,11,13,14,16,12,13,15,13,20,18,14,19,20
19,11,12,18,18,15,16,10,10,17,15,19,20,12,11,19,20,11,14,12,10,19,10,11,15,10,18,19,11,15,11,17,19,17,11,14,12,18,15,19,13,16,18,16,17,11,17,13,18,11
18,20,12,11,20,13,17,14,11,14,19,14,13,11,16,12,17,15,14,16,15,15,19,19,10,15,19,10,11,10,12,17,18,17,20,14,14,12,20,15,12,19,16,13,13,18,16,19,11,17
19,16,10,14,15,17,12,16,20,14,18,19,10,13,14,18,13,14,13,15,16,15,20,20,15,13,13,10,14,10,13,16,20,12,10,12,13,17,12,18,10,14,10,18,18,14,17,13,16,11

The sequence dependent setup time of each job processed on machine 3.
(Where rows denote jobs: 1 to 50 and columns denote jobs: 0 to 50.For example:The value of Sijk is in row j,column i+1.)
18,13,12,14,17,10,16,20,20,11,15,14,14,10,19,13,16,17,11,20,16,10,14,20,20,19,18,19,14,12,12,19,15,15,11,14,10,13,12,16,15,20,12,12,12,17,15,11,14,18
18,11,15,16,16,16,20,11,15,15,15,11,10,13,15,12,17,14,19,14,10,12,18,15,16,13,17,20,14,17,19,18,14,12,18,13,19,18,11,11,18,16,13,13,12,20,12,12,18,20
20,14,10,13,15,14,17,11,11,14,14,12,14,18,11,18,18,17,14,16,19,10,13,10,18,17,20,11,19,13,10,12,10,11,15,19,13,11,12,17,12,14,17,11,18,15,20,12,15,19
12,20,11,17,10,19,10,16,20,13,13,13,17,16,12,19,14,16,16,10,19,20,14,15,13,15,18,19,20,15,12,18,14,20,16,17,11,15,20,16,19,10,17,15,11,12,10,19,13,11
17,19,13,13,10,15,15,19,18,14,14,18,19,18,19,11,17,19,19,16,10,14,15,16,12,13,20,11,10,10,17,14,17,16,16,15,14,14,19,12,14,14,10,10,18,20,11,14,12,13
17,18,14,20,12,17,15,20,18,13,17,20,16,18,13,14,11,15,11,19,19,14,19,16,20,18,10,18,12,12,17,15,12,19,10,18,13,19,11,12,16,20,13,14,13,12,10,16,19,18
11,19,19,17,13,14,16,18,14,12,10,20,15,18,19,14,12,18,14,20,19,11,15,13,20,11,14,14,15,12,10,19,19,16,17,11,13,18,14,20,16,13,19,17,20,15,17,14,10,15
12,13,14,20,11,14,18,10,10,13,19,13,14,16,19,20,15,14,19,17,15,17,12,11,18,12,19,11,11,16,14,20,13,13,19,14,16,17,20,18,12,17,18,10,11,18,15,11,15,13
20,16,17,14,16,15,11,10,10,18,11,19,14,19,19,10,15,15,16,12,17,15,16,11,14,10,11,12,11,17,12,17,15,20,12,13,18,19,13,16,13,14,15,15,17,15,11,18,13,10
11,20,17,14,11,17,20,12,12,11,13,15,10,13,19,19,12,18,17,19,17,14,20,13,13,16,17,20,18,11,16,12,13,18,14,17,15,12,10,17,20,10,18,12,16,17,18,14,13,14
15,13,16,17,19,18,20,12,10,17,11,19,13,20,17,15,15,19,10,18,20,10,20,14,15,13,14,12,20,10,12,17,11,17,17,12,10,13,12,19,11,20,13,10,13,18,20,19,20,14
20,19,17,13,17,14,15,12,12,16,17,20,10,14,13,13,13,15,19,14,11,12,15,20,17,11,11,11,12,11,12,19,15,18,16,19,15,17,18,11,16,18,20,10,19,16,14,15,10,20
19,12,12,11,11,10,12,11,12,17,16,19,10,13,19,15,13,15,15,20,16,19,19,18,16,20,10,17,15,20,10,18,12,15,10,20,12,13,11,16,11,13,17,16,14,19,16,15,17,15
10,18,19,15,13,19,13,15,20,16,17,18,14,14,11,17,12,11,19,10,17,12,12,11,20,16,17,15,17,16,18,14,17,12,18,19,13,16,19,16,14,10,14,18,14,18,16,19,20,15
20,10,19,16,20,13,19,16,20,11,19,18,18,16,15,11,16,19,16,14,13,11,13,11,12,17,18,12,19,19,15,11,18,16,15,19,19,17,14,20,12,15,10,13,17,12,12,10,20,15
14,13,13,14,14,10,17,13,17,12,20,12,18,20,14,19,20,16,14,12,13,14,11,16,15,16,19,16,18,15,10,19,12,20,12,19,14,10,12,19,14,10,13,18,13,15,20,13,16,15
20,17,15,14,12,20,17,13,11,13,15,10,16,13,20,14,18,19,15,11,11,15,18,19,14,10,19,17,12,10,10,13,20,13,13,18,16,12,15,15,15,18,13,15,17,20,19,10,14,15
11,20,13,14,10,19,14,12,17,11,19,17,12,11,11,16,15,11,20,12,11,17,15,12,19,13,18,16,12,13,17,10,17,13,13,12,16,12,12,15,17,15,19,17,13,12,15,11,17,16
18,11,11,14,19,19,20,17,13,20,20,11,14,15,16,11,13,16,19,10,19,14,19,18,12,16,15,14,14,18,16,20,10,19,13,16,15,11,20,11,19,12,17,10,10,13,18,14,14,15
17,19,16,16,19,16,19,17,11,16,16,17,14,19,12,16,19,16,20,20,18,16,17,11,12,18,14,15,17,12,18,16,17,19,14,15,17,16,11,15,19,20,14,20,11,18,18,17,15,14
10,18,12,12,18,10,15,10,12,14,17,11,11,19,13,20,14,14,11,17,17,17,20,11,17,16,19,18,16,20,10,16,15,20,15,20,17,20,10,16,20,15,17,11,14,18,10,20,20,13
19,17,19,14,10,13,16,20,16,12,16,20,11,16,10,20,20,12,20,13,19,15,10,18,14,19,20,13,18,11,18,14,14,16,19,10,19,11,16,12,13,15,17,19,16,20,11,19,11,15
20,12,16,18,18,15,16,13,20,16,19,15,12,18,19,20,10,20,12,10,17,18,14,20,16,18,14,16,14,15,14,13,17,14,10,16,17,19,13,14,19,19,14,20,19,18,13,19,16,20
11,15,11,13,19,15,15,12,19,13,10,16,13,18,10,17,19,13,19,13,19,15,14,13,13,13,14,13,19,12,20,17,15,12,17,10,20,17,20,17,15,14,19,17,15,20,19,14,19,19
11,20,15,17,11,16,19,10,12,18,20,18,10,20,16,16,17,13,20,15,15,19,12,11,17,10,15,15,12,16,17,12,20,11,18,16,11,15,16,12,13,11,15,18,19,12,10,19,16,15
11,14,11,13,17,12,12,14,13,18,14,14,20,15,10,17,12,17,19,12,18,11,19,17,16,18,16,12,19,18,20,15,17,19,18,19,11,14,16,12,14,16,19,12,15,15,15,19,14,12
11,17,12,12,19,12,13,20,15,13,17,15,16,15,18,10,12,13,14,15,18,12,12,19,12,18,18,12,14,15,14,10,11,13,14,11,14,17,13,14,18,20,15,15,11,20,16,17,10,16
17,15,11,18,17,10,12,12,20,15,11,20,13,12,16,16,17,17,16,13,13,18,12,18,16,13,13,10,15,13,17,18,20,18,10,18,20,17,14,10,15,12,10,14,10,20,14,15,15,18
15,20,16,16,10,18,20,17,18,16,10,14,17,13,13,11,14,16,10,19,19,18,14,14,11,19,18,17,16,19,11,15,18,10,11,20,12,13,11,16,12,20,16,15,15,12,20,11,17,10
10,14,13,18,18,14,11,13,18,16,15,18,19,17,10,10,14,12,16,18,13,10,14,10,16,16,14,11,13,14,17,14,13,13,18,10,13,11,11,12,20,14,19,20,16,18,19,15,19,19
15,18,17,15,10,12,17,19,18,15,13,19,19,12,20,12,10,19,13,10,13,16,12,20,19,19,14,16,12,11,10,15,18,14,15,10,10,11,14,15,11,11,19,16,11,13,15,20,19,15
12,10,12,15,18,12,10,13,12,19,19,16,12,14,20,17,10,16,14,13,12,14,11,15,14,18,18,17,12,12,19,14,11,16,19,10,20,20,19,16,17,18,18,12,17,14,19,10,11,14
11,14,14,10,17,11,16,19,10,16,18,13,18,17,18,16,13,10,14,18,20,15,10,20,10,14,17,17,12,17,19,11,11,11,16,11,18,13,12,11,12,17,13,13,14,15,11,15,11,11
16,11,13,17,15,15,15,12,20,11,14,19,17,12,12,13,19,19,12,13,20,19,11,17,20,20,13,17,17,17,15,15,19,11,12,14,18,16,10,12,18,19,11,19,14,14,11,11,11,18
16,17,15,19,15,14,11,20,16,18,19,11,19,14,15,19,20,10,17,18,12,11,10,16,16,18,18,12,16,20,18,17,10,15,20,13,11,18,20,14,14,10,17,18,11,16,15,11,19,15
12,14,18,15,20,14,13,13,18,19,11,13,14,16,11,10,17,11,14,15,17,11,19,10,17,18,14,12,15,11,17,20,13,11,14,19,13,17,19,16,10,20,16,18,14,10,11,15,12,14
10,19,19,12,13,20,16,13,18,15,12,20,18,14,20,20,16,19,14,17,10,16,12,10,17,18,12,18,18,12,10,13,17,17,13,20,20,13,10,12,11,17,16,19,19,10,12,14,19,10
18,16,18,18,12,13,16,10,13,12,10,18,12,20,20,13,18,10,13,10,15,19,11,15,19,11,10,18,16,17,17,14,14,20,10,16,16,19,15,10,13,14,13,15,17,11,19,14,12,13
15,20,13,10,14,19,10,18,12,13,13,11,10,16,18,17,10,14,15,14,20,13,18,11,16,15,16,13,14,17,20,16,12,19,17,13,10,12,12,13,11,11,17,17,11,17,14,16,17,16
18,14,12,10,19,17,13,13,16,14,20,20,19,12,10,12,17,12,19,19,17,17,14,10,15,11,17,19,15,14,13,19,12,17,17,14,12,10,11,18,15,20,12,18,17,11,13,20,15,19
20,19,14,20,16,12,16,18,11,18,16,15,11,14,10,15,14,14,17,10,17,13,18,16,13,16,16,16,10,13,11,17,16,13,20,19,20,12,16,17,20,14,17,10,20,12,10,15,13,16
17,13,11,13,19,10,13,15,17,15,12,10,18,15,20,15,20,17,10,17,10,14,15,20,17,16,10,16,10,10,20,20,14,11,19,18,14,12,10,17,13,20,14,16,12,18,16,16,17,12
14,13,15,11,12,13,19,16,14,20,10,16,13,11,15,16,16,12,11,19,16,13,17,19,20,10,19,11,13,11,11,19,12,14,10,18,15,20,10,11,18,18,10,14,14,12,19,16,14,18
20,16,12,18,11,14,17,19,10,16,13,16,16,19,16,20,19,18,15,14,13,13,10,14,16,10,10,15,10,16,10,19,16,17,12,16,17,16,20,19,10,19,10,15,12,16,13,14,16,10
15,17,19,11,11,20,17,18,16,15,15,20,20,15,11,12,10,11,13,19,14,18,13,20,10,14,19,18,20,14,14,11,17,11,18,17,18,16,18,20,15,16,19,11,10,11,16,15,12,19
12,15,14,15,10,18,19,12,16,11,10,18,14,15,17,12,10,14,14,15,12,19,14,15,19,11,20,10,14,13,20,17,13,16,17,10,15,20,19,12,12,10,13,15,12,11,15,18,16,19
20,17,12,18,11,17,20,10,12,11,17,12,18,10,11,18,17,12,10,17,13,14,14,12,18,14,11,16,13,19,19,18,16,11,18,16,11,17,11,18,11,13,14,12,12,18,18,15,10,19
15,13,10,12,14,13,17,16,20,15,18,10,11,18,14,20,11,20,11,11,13,16,17,11,10,13,12,14,13,11,19,18,20,12,20,14,17,12,20,13,11,11,11,15,11,19,10,15,14,16
18,17,19,19,17,20,13,14,10,18,19,12,11,17,10,16,20,17,16,10,14,17,13,20,14,20,13,10,20,11,10,20,13,18,12,14,15,14,19,11,12,14,17,15,14,18,15,14,12,20
10,16,17,10,14,15,14,18,11,13,14,20,17,17,10,14,10,10,10,13,19,18,19,11,19,12,18,18,20,19,11,20,19,12,14,13,17,18,15,20,19,17,19,15,14,19,19,16,18,16
18,18,17,18,14,14,15,17,17,13,19,13,16,10,15,16,12,19,20,14,11,13,19,17,14,20,18,19,20,19,10,17,16,20,19,18,14,14,18,11,11,19,17,10,10,16,19,15,14,11

The sequence dependent setup time of each job processed on machine 4.
(Where rows denote jobs: 1 to 50 and columns denote jobs: 0 to 50.For example:The value of Sijk is in row j,column i+1.)
10,14,11,16,12,19,20,11,11,11,15,20,18,19,17,11,17,19,15,18,14,13,18,16,15,19,16,13,12,11,20,19,12,13,17,11,10,17,19,13,11,11,16,14,14,14,20,10,15,15
16,16,15,19,15,16,17,18,12,17,12,15,19,15,11,14,13,15,16,10,19,16,19,10,16,17,13,20,20,10,13,12,18,15,20,15,16,19,18,14,15,17,11,11,10,10,13,19,18,12
11,15,13,18,19,13,20,14,10,13,20,18,15,14,12,14,19,10,11,15,18,13,13,16,11,13,19,19,10,15,13,10,16,18,16,19,16,14,10,11,20,15,16,15,11,17,11,11,12,20
20,13,19,20,12,15,15,11,17,13,16,13,16,13,20,11,17,13,17,17,19,18,15,13,17,19,10,19,15,14,20,11,15,19,10,11,19,12,18,18,13,17,14,13,16,17,10,11,11,16
14,17,16,13,15,11,15,19,16,11,17,17,18,12,12,14,10,13,19,20,17,14,10,20,17,15,18,20,14,19,19,14,15,18,10,19,19,11,12,14,17,14,19,16,16,10,10,14,20,15
13,15,14,14,18,16,14,10,11,19,13,11,13,18,13,11,20,10,13,12,11,20,14,13,13,17,20,18,19,13,17,13,15,19,18,17,20,19,11,15,14,17,16,11,16,13,15,11,10,16
12,19,15,20,15,13,13,11,10,14,15,20,12,13,19,17,15,10,20,13,20,20,10,10,14,17,10,11,16,19,15,20,15,14,11,16,17,17,12,17,20,12,11,20,16,16,13,15,16,19
11,10,12,18,17,17,18,15,16,20,18,11,14,16,14,14,11,15,15,11,12,12,19,18,16,12,10,20,14,11,14,15,19,18,15,17,19,16,13,16,19,11,18,20,16,13,12,17,14,15
14,12,12,15,18,20,12,12,15,13,11,12,10,17,18,10,19,15,12,14,17,12,19,13,19,18,11,15,10,16,12,10,12,18,20,13,11,12,10,12,20,14,17,17,14,20,10,19,17,19
17,15,11,15,19,12,18,17,11,19,14,14,18,18,19,12,10,13,17,19,15,18,16,16,18,12,18,19,13,18,12,14,12,11,13,11,19,14,16,13,10,11,11,20,10,10,10,11,15,13
12,16,14,11,18,13,13,16,18,12,11,19,18,17,19,10,15,15,18,14,15,14,18,16,15,17,12,16,18,14,16,16,12,13,13,13,19,15,15,18,15,17,15,10,14,14,13,10,15,12
16,17,13,19,19,19,10,10,15,18,18,14,12,17,11,20,11,15,18,16,13,16,17,18,11,10,10,14,17,20,13,19,20,10,20,16,11,17,20,20,14,11,16,20,17,15,13,19,18,10
14,19,11,13,13,20,16,17,16,12,13,12,16,14,10,11,15,13,16,13,17,10,14,16,14,16,17,19,12,12,14,16,19,15,11,12,14,14,14,12,14,12,18,12,13,13,16,11,14,11
10,20,13,16,18,11,10,18,19,18,17,10,16,15,19,10,17,20,10,20,11,13,11,19,15,20,12,13,14,20,16,14,19,12,14,11,11,10,20,18,11,18,20,13,18,11,12,20,17,17
16,13,19,10,13,18,19,20,14,11,15,18,11,10,15,17,19,17,11,18,20,15,15,14,17,17,18,12,10,18,12,15,15,17,18,15,12,13,16,17,20,11,10,16,10,15,19,14,14,14
15,15,10,14,11,13,14,12,10,18,15,19,15,11,17,10,12,17,18,11,14,11,16,13,10,19,11,20,14,17,14,14,19,12,14,10,17,15,11,16,19,15,20,19,18,17,11,16,12,10
20,19,14,10,14,19,10,12,15,20,18,12,10,12,15,17,14,20,14,10,10,16,10,10,14,19,16,10,14,13,13,20,11,12,20,18,11,15,20,12,18,10,15,19,13,12,16,16,10,18
17,15,14,18,19,20,18,19,19,11,15,10,20,10,14,13,10,14,12,13,19,11,13,13,13,13,19,14,12,14,15,20,18,13,16,17,19,19,13,10,13,14,15,18,18,14,12,14,10,18
17,12,19,10,16,16,15,20,11,12,14,20,13,14,10,20,19,10,20,11,14,15,19,15,12,12,18,16,12,16,12,11,18,10,20,19,18,16,18,12,18,20,11,13,17,11,19,17,19,13
19,15,18,12,10,20,12,17,20,14,18,17,17,11,13,15,13,20,20,17,18,18,14,20,20,20,11,11,11,12,11,20,20,12,19,16,20,13,20,18,15,16,16,15,18,10,12,10,10,12
10,18,15,15,10,13,18,10,14,14,13,20,18,20,19,15,11,16,18,11,10,12,10,13,13,15,13,18,19,12,20,13,10,11,15,20,20,15,15,15,12,14,20,12,19,12,19,19,17,15
18,12,13,18,20,11,17,15,19,20,10,17,19,10,12,20,12,10,14,10,10,12,19,18,19,15,17,12,17,16,17,19,11,17,12,13,10,17,19,10,19,15,10,20,17,11,17,13,14,19
15,10,11,18,15,17,19,18,19,19,20,11,18,10,12,10,13,19,18,11,19,15,20,13,18,11,12,16,11,14,18,15,17,19,12,10,19,16,19,19,12,19,12,16,19,11,14,17,16,12
17,20,12,11,11,11,12,11,15,10,12,18,12,16,15,14,11,18,10,14,12,14,15,10,11,13,20,17,12,17,16,15,15,12,11,14,14,15,12,20,10,15,17,10,19,10,11,16,16,13
13,16,10,14,14,19,13,16,16,12,20,14,20,10,17,12,20,17,10,16,15,20,18,10,13,17,10,14,18,16,19,14,18,13,16,15,18,18,11,17,18,18,15,14,12,13,13,19,11,18
16,20,18,13,18,20,17,19,15,20,13,12,18,17,12,15,17,18,13,15,13,16,18,19,14,11,10,17,18,20,12,11,14,17,13,20,16,20,16,20,17,13,13,14,14,19,15,14,13,17
20,14,19,13,15,12,11,12,17,16,13,16,19,14,13,12,20,10,13,14,18,17,18,15,18,12,15,14,11,19,10,14,11,15,11,14,19,17,18,18,16,16,18,17,12,15,16,15,11,18
14,17,18,11,14,13,18,18,17,17,19,11,10,20,14,13,13,13,10,13,19,16,18,15,13,12,12,17,17,19,11,18,14,16,17,19,16,20,16,20,10,18,10,10,14,18,20,20,12,11
16,13,18,10,15,12,10,17,19,10,18,15,12,10,18,20,13,10,12,19,19,16,15,10,14,20,18,17,13,20,16,16,19,12,13,16,12,16,19,12,10,11,11,11,16,13,16,20,10,13
12,20,15,14,20,10,18,12,14,10,15,15,16,18,16,10,17,15,20,18,20,16,17,14,10,12,16,16,14,18,19,18,17,13,15,13,12,17,13,18,16,13,16,17,19,19,15,13,18,15
14,15,12,19,16,20,15,20,20,17,14,11,11,18,16,16,18,18,14,10,15,14,14,13,20,16,10,12,16,20,13,12,10,20,10,16,14,18,20,18,16,19,15,19,16,18,14,20,13,16
12,19,13,19,17,15,16,19,18,12,10,19,14,12,12,15,14,17,10,15,13,17,15,17,12,17,13,14,15,11,11,16,11,16,15,13,19,17,10,18,10,13,18,15,10,20,13,18,19,16
12,14,18,19,18,14,14,18,14,13,13,17,17,11,15,12,10,20,16,18,16,19,19,17,15,20,19,16,16,18,10,12,11,12,12,19,12,13,19,15,14,20,17,11,13,16,15,15,16,16
15,11,13,11,10,12,20,20,16,17,10,13,11,11,13,14,19,18,13,15,20,15,15,20,10,15,17,15,12,19,10,12,12,20,13,17,13,16,18,13,19,13,14,12,15,20,11,11,15,15
14,16,17,10,14,12,14,11,12,13,20,20,19,16,11,13,13,14,15,16,18,17,14,18,15,14,10,10,14,13,18,18,10,14,11,16,14,15,14,18,10,13,17,19,11,12,12,18,10,20
17,15,14,13,16,14,15,14,13,11,12,12,10,16,13,19,20,19,13,15,14,13,10,18,16,15,19,20,15,12,12,11,19,12,18,18,20,18,20,10,16,14,13,16,18,10,13,10,14,12
17,19,19,11,19,17,13,20,15,10,13,16,13,12,19,18,12,15,20,17,20,10,19,13,10,14,20,20,10,19,14,17,20,15,13,12,17,15,20,13,15,12,20,11,19,13,11,12,18,13
14,15,17,17,11,17,18,10,15,13,18,16,13,17,16,20,15,12,10,12,15,16,19,16,14,12,10,12,13,11,17,18,15,17,13,14,13,12,19,16,10,20,10,15,16,14,12,12,17,12
18,13,11,18,12,14,17,15,17,12,13,12,20,10,20,20,13,20,17,17,16,13,14,19,14,10,10,15,15,20,12,15,17,16,19,20,18,17,10,10,18,15,15,16,19,18,19,19,14,18
18,16,20,11,15,16,13,14,11,11,10,19,18,18,19,17,13,14,14,15,16,15,20,14,11,12,16,15,11,19,19,18,18,10,16,13,16,12,17,17,13,18,15,12,20,15,19,10,19,15
19,10,15,10,17,19,12,18,16,15,10,19,19,20,11,18,13,13,11,11,13,10,17,12,11,12,19,17,17,11,10,12,16,10,12,10,15,11,14,10,18,10,17,14,20,17,15,13,18,16
10,12,20,16,20,17,11,18,20,16,10,10,14,10,16,10,19,18,19,18,19,18,11,16,19,18,13,20,13,17,12,20,12,18,19,19,12,16,17,11,17,18,12,13,16,12,12,15,15,18
14,13,18,16,14,14,19,14,14,19,20,20,10,14,18,20,19,11,16,10,12,19,15,11,16,19,18,12,11,11,15,19,14,19,14,13,16,15,13,20,10,10,10,19,17,15,18,20,20,10
15,12,11,12,17,15,14,11,20,20,16,11,13,13,18,20,18,10,13,18,20,17,18,16,11,16,13,19,15,18,20,17,11,20,20,13,14,15,17,14,13,18,15,14,19,18,17,14,10,19
17,10,16,12,18,20,14,18,18,15,19,17,14,11,10,20,12,14,16,18,20,20,18,17,12,16,10,19,16,10,15,12,20,10,19,12,10,10,18,16,14,19,12,19,12,14,19,14,14,13
11,10,10,17,14,11,17,12,20,13,19,10,14,15,15,18,15,10,17,10,18,20,16,10,16,11,11,18,10,19,12,18,10,11,18,13,11,10,17,13,11,18,10,19,15,20,16,12,20,13
10,20,14,20,20,17,10,15,18,12,18,16,14,12,18,16,12,13,10,20,12,12,16,15,18,18,19,20,10,19,16,12,18,14,11,19,18,12,20,10,16,14,12,15,19,10,12,17,10,18
16,14,10,14,12,13,12,12,16,15,13,16,18,16,19,12,13,13,11,10,15,17,19,20,15,13,20,20,16,17,11,13,17,20,12,16,15,10,14,11,19,20,10,17,15,12,12,13,13,10
10,11,15,11,15,15,13,16,11,11,11,20,15,12,10,15,14,15,14,12,18,15,15,15,15,12,19,18,20,13,16,15,12,13,20,16,11,13,14,11,11,17,12,13,19,15,17,14,11,20
12,14,10,17,14,18,17,18,20,13,13,19,20,20,13,16,10,19,13,10,13,12,20,20,14,19,19,12,16,11,19,13,13,20,13,14,16,19,19,10,18,19,10,20,11,17,14,14,12,14
20,13,12,16,10,20,17,14,16,17,18,19,20,17,10,18,19,15,11,12,20,18,15,13,15,18,18,10,19,20,12,13,14,18,19,11,12,17,10,13,16,10,17,17,17,14,15,18,15,12

The sequence dependent setup time of each job processed on machine 5.
(Where rows denote jobs: 1 to 50 and columns denote jobs: 0 to 50.For example:The value of Sijk is in row j,column i+1.)
15,17,12,12,11,20,18,16,18,19,15,17,12,17,15,17,16,15,20,13,11,19,16,10,18,18,17,12,18,13,13,20,20,13,10,11,19,11,11,20,16,12,20,20,11,12,13,17,14,16
10,12,17,18,17,20,16,12,10,14,17,16,16,11,19,19,12,11,19,19,15,17,11,18,14,15,13,20,11,17,20,17,12,20,12,11,11,10,19,17,18,11,12,11,18,19,20,15,19,11
19,12,17,11,15,17,10,18,12,16,10,15,19,17,15,10,15,10,17,10,18,10,15,15,16,20,11,16,13,10,10,11,15,20,18,13,11,11,12,12,17,12,17,10,18,14,12,12,10,16
15,11,18,14,17,18,14,11,20,20,14,18,13,20,10,17,10,19,10,17,18,11,10,14,20,15,19,12,16,18,17,20,10,10,16,20,17,11,13,18,10,14,18,17,18,12,12,12,20,20
12,10,14,10,19,12,15,19,16,13,16,11,19,14,14,10,16,18,19,17,13,11,12,12,14,14,20,19,16,10,13,20,11,14,10,19,14,13,19,18,19,11,12,15,20,20,20,15,18,10
10,13,19,16,17,13,13,20,14,20,18,14,11,20,19,12,20,13,18,16,16,10,18,14,11,10,18,16,20,13,16,15,20,13,11,19,18,12,20,18,13,19,13,11,15,13,16,13,11,14
16,18,14,16,15,20,13,13,12,18,16,14,11,18,10,11,19,19,19,18,16,12,15,13,19,16,19,10,20,19,14,19,14,18,17,14,16,19,16,11,20,16,14,20,18,19,20,14,19,15
13,19,19,18,12,13,19,15,10,15,15,14,14,19,20,10,13,15,15,20,20,14,11,15,15,12,16,12,17,17,15,13,11,11,16,14,15,13,20,20,10,16,17,13,14,11,13,11,13,15
13,14,13,18,13,13,18,19,10,14,17,10,14,19,17,19,20,16,15,10,15,10,13,16,18,11,17,14,16,17,16,12,17,20,17,11,13,10,19,11,13,16,19,19,14,15,10,20,16,20
20,20,17,10,19,17,15,20,17,14,13,11,20,17,18,12,13,17,14,20,12,17,16,10,20,10,15,17,19,11,10,15,19,16,10,11,12,18,15,18,18,18,19,19,19,19,10,19,18,12
19,20,16,17,11,14,10,16,15,20,15,12,20,18,15,19,11,17,19,12,20,13,11,15,11,10,11,14,14,13,17,20,13,15,13,12,16,15,18,15,18,12,18,10,18,18,15,20,12,19
17,15,18,12,13,10,20,10,15,18,19,20,19,10,12,14,15,12,16,12,16,11,16,20,19,19,12,19,18,14,19,12,11,18,16,20,14,17,10,18,18,13,11,20,20,17,18,15,13,19
18,17,13,13,18,11,19,13,13,15,20,16,12,20,19,12,18,15,11,17,14,20,19,16,14,19,20,13,16,14,10,11,10,14,17,11,11,19,10,15,18,10,14,15,15,12,16,10,15,17
13,16,18,16,18,17,11,17,20,15,11,12,15,18,10,18,19,12,13,15,17,12,16,15,12,10,15,12,17,12,20,10,17,13,14,11,17,19,12,10,19,15,20,19,10,10,12,20,15,11
16,16,11,19,15,15,20,14,14,14,14,10,18,18,16,11,14,18,19,15,16,15,19,19,13,17,16,10,11,13,19,15,11,11,19,17,13,17,18,15,14,16,12,17,18,12,17,19,13,13
13,12,18,14,10,19,10,19,13,12,11,16,19,16,13,13,12,11,15,11,10,11,20,14,18,20,15,13,13,18,17,18,20,18,11,13,17,10,15,10,13,11,15,10,10,18,18,14,11,10
20,19,11,20,11,15,11,11,13,11,17,11,12,18,11,11,13,13,18,13,13,10,15,12,17,15,17,17,16,16,11,17,15,10,13,20,16,17,12,13,11,15,13,14,14,18,19,14,16,14
18,18,18,13,11,20,11,11,18,11,17,10,16,14,11,14,12,16,19,17,17,11,13,15,16,13,20,15,14,19,18,15,19,20,19,16,11,15,17,14,10,19,20,20,20,12,19,14,17,15
14,14,11,14,13,12,13,15,11,10,12,11,13,11,18,10,18,14,12,16,10,20,16,15,13,15,19,16,19,12,14,11,18,10,13,13,10,12,19,16,15,14,16,12,13,18,12,13,11,10
11,11,20,19,14,13,19,13,16,15,16,14,20,11,18,13,15,10,20,18,15,10,13,15,17,11,11,17,18,20,11,15,19,14,15,18,15,11,19,18,13,17,20,19,20,20,17,17,12,10
17,16,13,15,12,14,10,12,20,10,18,17,16,19,11,13,10,10,14,20,10,12,13,11,11,14,12,18,14,19,20,14,12,10,17,16,16,15,11,11,14,16,16,18,11,10,12,15,15,19
16,14,19,10,10,17,17,16,14,18,15,15,20,18,13,18,12,19,10,15,10,16,11,14,14,10,10,14,11,13,12,12,18,15,20,20,15,12,13,20,15,14,15,11,17,12,12,19,16,16
11,20,17,12,16,16,19,20,13,18,14,17,17,20,17,10,14,19,11,18,12,11,14,16,15,11,20,11,11,12,13,14,18,19,18,16,11,16,17,18,13,14,13,16,20,18,19,15,17,19
12,14,15,12,12,11,12,17,13,12,10,20,12,20,20,11,10,16,12,13,19,13,18,18,18,10,11,11,17,20,19,13,14,13,17,18,13,18,12,14,11,14,11,17,15,20,18,12,15,17
19,11,12,14,14,17,10,15,20,11,20,18,20,15,14,19,20,20,14,12,13,13,16,17,17,15,16,16,12,11,10,13,19,13,17,14,13,14,14,10,16,16,10,11,17,17,12,20,19,16
14,17,17,18,18,16,19,17,11,11,19,13,12,16,17,17,16,16,13,12,15,11,14,13,18,10,16,15,12,17,20,18,20,20,19,12,19,16,17,12,16,15,19,13,18,12,14,15,12,14
20,16,14,11,20,18,20,15,20,10,14,20,14,11,14,20,13,19,16,16,15,14,14,17,20,13,15,11,16,10,13,13,15,15,12,18,18,18,10,14,17,11,18,10,11,14,13,16,15,11
17,15,15,20,10,14,16,12,18,19,13,14,14,10,16,13,17,10,13,11,16,19,10,18,14,11,12,18,15,17,10,14,17,16,13,16,18,11,18,17,12,10,13,15,11,19,11,12,10,13
11,11,18,13,11,15,10,10,14,11,15,10,19,15,17,15,19,17,13,12,12,18,13,10,16,15,20,10,13,10,12,17,17,13,19,20,18,17,13,16,19,11,10,12,12,15,10,18,19,20
18,10,16,17,14,20,16,13,10,18,17,19,16,18,15,18,12,20,16,20,18,14,13,13,11,15,18,10,20,18,15,18,12,20,13,11,15,10,16,12,19,14,20,13,13,10,10,16,16,12
11,17,10,13,20,12,14,14,14,10,10,18,11,14,13,13,13,13,10,11,17,19,15,17,13,11,13,15,15,17,13,16,16,20,11,13,18,14,19,16,10,10,12,17,20,16,20,14,17,10
10,14,15,14,10,19,19,18,16,11,16,14,11,14,13,18,18,15,11,20,16,13,19,13,13,16,11,19,16,15,20,16,15,13,14,20,17,19,10,11,14,11,12,19,16,16,10,17,17,11
20,14,17,19,11,20,12,11,16,18,12,11,15,10,18,11,16,16,15,19,18,19,20,12,11,10,11,15,17,20,15,19,14,15,18,11,17,10,10,15,17,15,20,18,10,18,20,13,12,20
13,12,13,16,17,12,10,16,16,18,13,16,15,13,10,13,17,19,19,20,18,12,10,18,19,19,17,16,19,12,17,13,10,16,10,10,19,17,16,18,11,13,14,16,16,15,17,16,11,20
15,17,15,18,19,18,19,18,14,14,11,13,13,10,15,16,12,20,13,11,14,15,20,14,12,19,20,14,15,19,20,13,14,17,15,17,10,17,16,20,19,16,18,17,19,17,13,18,11,12
12,11,16,18,20,11,10,18,19,10,13,12,16,14,15,11,17,16,10,13,17,11,13,18,12,10,13,17,15,11,13,13,15,15,17,10,19,20,16,20,19,17,14,14,15,18,10,13,17,11
17,14,18,15,18,18,19,12,15,18,19,14,10,19,18,16,16,12,12,14,10,11,10,19,17,13,16,10,20,10,18,20,18,17,18,11,14,12,11,14,10,18,14,14,12,17,10,20,14,18
18,17,13,13,11,18,10,10,15,11,13,19,16,19,11,17,19,18,17,10,19,15,14,18,16,12,18,16,10,16,18,17,19,11,17,10,12,14,12,14,10,12,17,20,20,16,20,16,13,16
15,17,10,17,16,13,12,10,13,13,20,10,19,17,14,11,19,19,20,14,19,13,14,17,20,10,19,20,15,14,11,16,14,18,16,10,16,16,15,17,16,13,17,12,11,16,12,17,18,13
14,15,20,20,16,10,11,20,19,11,14,13,17,13,10,19,15,12,16,13,11,11,15,11,15,15,18,10,11,15,19,18,10,17,10,20,14,11,18,15,11,20,18,15,11,12,16,20,15,19
18,12,10,20,20,14,18,18,19,10,16,10,18,17,15,14,15,16,14,11,19,11,19,16,13,18,10,12,14,17,10,17,11,13,12,11,12,12,12,14,12,20,12,11,20,17,18,11,19,12
11,10,19,19,17,14,18,11,19,10,18,12,11,20,15,15,13,20,16,19,17,15,14,18,17,18,12,14,13,12,13,20,20,10,20,10,14,20,16,16,17,11,17,10,11,20,11,16,17,15
15,16,17,17,15,12,19,16,13,17,10,16,12,19,18,17,15,16,10,10,14,18,13,12,17,12,13,18,11,15,18,15,13,16,17,20,10,16,20,20,12,14,14,19,18,14,13,20,19,14
17,19,18,17,10,13,19,18,19,13,20,14,13,10,16,17,20,18,14,14,11,15,19,15,19,15,20,16,20,18,19,14,12,11,11,15,18,11,10,20,12,19,19,13,11,18,17,16,20,20
18,19,17,20,11,10,15,15,13,13,12,17,10,10,15,12,12,19,18,20,19,11,12,11,11,14,16,19,20,19,19,14,11,16,16,11,15,19,12,12,11,20,13,17,18,10,16,16,18,19
15,18,16,13,10,11,17,12,10,17,19,18,20,10,17,16,18,17,11,14,10,12,19,18,14,13,12,14,19,18,18,10,14,20,17,13,19,19,13,13,18,18,19,15,13,17,18,16,15,12
17,13,12,17,12,17,13,19,15,16,19,14,17,12,16,19,15,16,11,19,20,18,20,19,13,10,18,17,15,11,18,20,15,10,14,12,15,19,20,10,12,12,11,15,11,13,19,18,20,17
10,11,18,14,13,15,12,20,11,20,18,10,13,14,12,20,14,18,13,20,11,20,13,13,20,10,12,20,13,15,11,16,15,20,13,12,15,17,20,11,14,14,20,12,16,12,15,17,19,12
19,15,10,10,12,12,10,10,13,10,11,13,18,20,17,12,11,12,18,19,12,10,16,10,11,17,12,12,20,15,16,11,16,19,11,18,11,12,19,13,20,10,18,18,13,17,18,10,20,16
17,18,14,19,20,20,20,12,19,14,17,12,19,18,19,14,12,20,10,14,13,19,16,20,19,17,17,10,17,11,18,12,18,19,13,14,10,10,20,10,16,16,18,15,16,14,13,11,12,10
17,15,18,12,19,11,14,20,14,18,10,20,13,11,20,19,18,12,12,13,16,16,10,10,16,20,15,18,19,19,20,19,18,12,13,19,20,10,15,10,10,12,15,12,17,20,19,10,13,17

