The number of jobs:
50
The number of machines:
7
The number of vehicles:
5
The number of workers:
4

The processing time of each order processed on different machines:
(where rows denote machines: 1 to 7 and columns denote orders: 1 to 
50)
39,28,40,33,20,37,38,26,28,35,40,26,36,22,24,21,33,35,28,21,29,34,20,40,22,37,29,30,39,22,30,40,21,21,32,20,38,35,20,33,22,22,23,24,36,31,23,39,29,27
38,24,25,20,34,40,22,27,30,20,22,30,32,28,32,28,20,21,40,35,22,39,25,38,22,40,35,21,25,40,33,20,35,27,32,29,35,31,30,31,37,35,35,32,36,34,22,38,28,22
20,24,35,30,31,20,22,30,31,23,39,21,22,33,20,39,36,35,40,38,29,28,32,34,20,31,28,20,26,39,29,20,40,29,35,24,39,26,40,33,22,29,24,38,33,30,27,22,34,27
30,26,21,23,21,39,38,21,25,27,35,34,39,38,31,24,38,20,25,34,28,36,36,28,40,35,31,40,26,20,21,22,22,23,39,24,21,31,30,35,37,23,37,40,34,26,34,27,39,25
33,34,22,40,20,31,23,20,27,25,27,39,25,26,24,36,39,34,27,21,34,20,33,26,22,33,34,34,20,40,37,24,29,27,31,21,39,25,25,26,29,20,31,20,32,24,23,21,29,25
39,37,37,30,33,24,32,27,20,39,35,20,24,37,31,22,23,25,23,34,24,28,29,28,35,25,26,23,37,38,35,36,37,25,35,30,40,20,22,24,27,26,27,26,35,22,31,29,32,32
24,36,39,40,29,40,30,23,20,25,29,21,38,35,35,39,40,25,25,33,30,35,27,22,32,21,35,22,25,23,36,38,36,33,35,30,23,21,21,29,28,38,40,23,37,25,33,22,37,37

The coefficient of each worker on each machine:
(where rows denote workers: 1 to 4 and columns denote machines: 1 to 
7)
1.25,0.5,1,1.25,1,1.5,0.75
1.25,0.5,1,0.5,0.75,1.5,1.5
0.5,1.5,1.25,1.25,1.5,1.5,0.5
1.5,1.25,0.5,1.5,0.75,1.5,0.75

The unit processing cost of machines:

7,6,8,8,9,6,10

The unit idle cost of machines:

4,2,5,1,4,4,4

The distance between each location:
(where rows and columns denote locations: 0 to 50)
0,40,71,54,76,91,94,101,53,92,78,95,57,47,52,96,39,113,43,78,25,105,135,127,92,87,72,96,27,76,106,50,57,53,61,77,52,46,74,10,60,61,98,89,87,102,100,51,118,68,98
40,0,108,92,80,70,74,83,50,91,100,127,23,9,84,117,63,149,24,97,33,90,167,101,71,62,43,130,63,37,143,89,71,88,84,111,60,36,112,47,98,42,138,113,78,75,106,26,146,99,98
71,108,0,55,132,128,129,133,118,149,51,98,128,116,29,125,52,94,114,116,78,131,129,197,129,158,125,94,45,140,85,53,109,22,47,83,111,115,63,62,59,131,57,114,110,146,150,107,58,23,104
54,92,55,0,83,141,144,150,79,100,94,48,104,98,60,70,70,59,86,62,75,152,87,159,142,123,126,48,48,129,52,4,60,55,82,31,67,82,21,51,7,97,49,59,132,154,98,105,113,70,136
76,80,132,83,0,150,154,163,30,17,153,83,70,77,123,52,114,114,56,34,95,169,115,83,150,58,122,90,98,107,113,83,23,122,136,76,24,44,93,84,84,47,127,54,155,154,27,106,187,138,171
91,70,128,141,150,0,4,13,120,161,91,185,86,75,100,184,77,200,94,165,67,22,226,156,1,123,31,187,95,58,193,137,140,107,83,168,130,106,161,91,148,110,177,178,25,19,177,45,138,108,49
94,74,129,144,154,4,0,9,124,165,91,188,90,79,101,188,79,203,98,168,70,18,229,159,4,127,35,190,97,61,196,140,143,108,84,171,134,110,164,93,151,114,179,181,24,20,180,48,138,109,47
101,83,133,150,163,13,9,0,133,174,92,195,99,88,105,195,84,209,107,176,77,10,235,168,13,136,44,196,103,70,201,146,152,112,86,177,142,119,170,100,157,122,183,189,23,25,189,57,137,112,43
53,50,118,79,30,120,124,133,0,42,131,95,42,47,104,74,91,123,26,53,68,139,132,81,121,44,92,100,79,78,120,77,28,104,114,83,16,14,94,62,82,22,127,72,126,124,56,76,169,120,143
92,91,149,100,17,161,165,174,42,0,170,95,78,87,140,59,131,127,67,46,110,181,123,73,161,57,132,102,115,114,126,100,40,139,152,90,40,55,109,101,101,53,143,64,168,163,20,117,204,155,185
78,100,51,94,153,91,91,92,131,170,0,142,124,110,34,161,40,143,116,148,68,87,177,201,92,160,99,140,55,122,135,91,132,39,17,125,130,123,108,69,100,136,107,151,69,110,176,87,49,27,56
95,127,98,48,83,185,188,195,95,95,142,0,132,130,109,41,118,32,113,50,119,198,40,167,186,138,166,7,96,164,32,52,68,103,130,18,80,105,35,95,42,117,60,32,179,197,84,145,154,117,184
57,23,128,104,70,86,90,99,42,78,124,132,0,14,105,115,85,157,19,94,56,107,171,78,86,39,55,136,83,37,153,101,69,109,107,118,56,29,123,66,110,24,152,113,98,86,95,46,169,121,119
47,9,116,98,77,75,79,88,47,87,110,130,14,0,93,117,72,153,21,97,42,95,170,92,75,53,45,134,71,34,148,94,71,96,93,115,59,33,117,55,104,35,144,114,85,77,103,32,155,108,105
52,84,29,60,123,100,101,105,104,140,34,109,105,93,0,127,24,112,94,114,52,103,145,179,101,138,97,107,25,113,104,57,101,7,22,91,100,98,76,42,66,113,80,117,83,117,145,80,66,16,80
96,117,125,70,52,184,188,195,74,59,161,41,115,117,127,0,129,72,98,21,120,200,64,132,185,110,160,48,108,151,73,72,47,123,146,45,59,86,67,100,66,95,99,11,183,192,44,140,183,139,194
39,63,52,70,114,77,79,84,91,131,40,118,85,72,24,129,0,127,77,113,30,84,156,161,78,121,73,117,22,90,119,66,95,30,22,100,91,83,88,30,77,96,100,120,64,94,139,56,84,38,67
113,149,94,59,114,200,203,209,123,127,143,32,157,153,112,72,127,0,138,81,135,210,37,197,201,167,185,25,106,186,9,64,97,105,135,40,108,131,39,110,52,145,42,63,190,214,115,164,145,116,192
43,24,114,86,56,94,98,107,26,67,116,113,19,21,94,98,77,138,0,77,49,114,152,85,95,45,66,117,70,53,134,83,51,96,99,99,39,12,104,53,91,20,134,95,102,98,83,50,159,110,121
78,97,116,62,34,165,168,176,53,46,148,50,94,97,114,21,113,81,77,0,102,181,81,117,165,91,140,57,93,130,81,64,26,112,132,46,38,66,66,84,61,75,100,20,165,172,37,121,174,128,177
25,33,78,75,95,67,70,77,68,110,68,119,56,42,52,120,30,135,49,102,0,80,159,133,67,93,51,120,34,62,128,71,79,56,51,101,72,57,96,24,82,69,116,113,63,79,121,31,113,67,76
105,90,131,152,169,22,18,10,139,181,87,198,107,95,103,200,84,210,114,181,80,0,238,177,22,144,53,198,104,79,202,147,157,110,84,180,148,126,171,103,159,130,183,193,20,35,196,64,131,109,36
135,167,129,87,115,226,229,235,132,123,177,40,171,170,145,64,156,37,152,81,159,238,0,196,226,172,207,39,135,204,45,91,104,138,167,58,116,143,69,135,80,154,79,61,218,237,107,186,182,150,222
127,101,197,159,83,156,159,168,81,73,201,167,78,92,179,132,161,197,85,117,133,177,196,0,155,40,125,173,154,98,195,157,102,181,183,158,93,82,173,137,162,66,206,137,172,149,91,122,244,195,195
92,71,129,142,150,1,4,13,121,161,92,186,86,75,101,185,78,201,95,165,67,22,226,155,0,122,31,187,96,57,194,138,140,108,84,168,130,106,162,91,149,110,178,179,26,18,177,45,139,109,50
87,62,158,123,58,123,127,136,44,57,160,138,39,53,138,110,121,167,45,91,93,144,172,40,122,0,91,143,114,67,164,121,70,141,143,127,59,42,138,97,126,26,171,112,137,119,77,84,204,155,158
72,43,125,126,122,31,35,44,92,132,99,166,55,45,97,160,73,185,66,140,51,53,207,125,31,91,0,168,85,28,178,122,114,103,87,149,103,78,146,75,133,79,167,155,49,32,148,21,148,109,73
96,130,94,48,90,187,190,196,100,102,140,7,136,134,107,48,117,25,117,57,120,198,39,173,187,143,168,0,95,167,25,52,73,101,129,19,85,109,32,96,41,122,54,39,179,198,91,147,150,114,184
27,63,45,48,98,95,97,103,79,115,55,96,83,71,25,108,22,106,70,93,34,104,135,154,96,114,85,95,0,96,98,44,77,26,39,78,75,73,67,17,55,88,82,98,84,110,121,65,91,41,89
76,37,140,129,107,58,61,70,78,114,122,164,37,34,113,151,90,186,53,130,62,79,204,98,57,67,28,167,96,0,181,126,104,118,107,148,92,64,150,82,136,61,175,148,76,52,132,35,170,127,100
106,143,85,52,113,193,196,201,120,126,135,32,153,148,104,73,119,9,134,81,128,202,45,195,194,164,178,25,98,181,0,57,94,97,126,37,105,127,32,103,46,141,34,64,182,207,116,157,137,107,183
50,89,53,4,83,137,140,146,77,100,91,52,101,94,57,72,66,64,83,64,71,147,91,157,138,121,122,52,44,126,57,0,60,52,78,35,65,79,25,47,11,95,51,62,128,150,98,101,111,67,132
57,71,109,60,23,140,143,152,28,40,132,68,69,71,101,47,95,97,51,26,79,157,104,102,140,70,114,73,77,104,94,60,0,99,116,57,13,40,72,64,62,50,106,44,141,146,44,95,164,115,155
53,88,22,55,122,107,108,112,104,139,39,103,109,96,7,123,30,105,96,112,56,110,138,181,108,141,103,101,26,118,97,52,99,0,29,86,99,99,70,44,61,114,73,113,90,124,143,85,65,16,87
61,84,47,82,136,83,84,86,114,152,17,130,107,93,22,146,22,135,99,132,51,84,167,183,84,143,87,129,39,107,126,78,116,29,0,113,113,105,98,52,88,119,102,137,64,102,160,73,63,25,58
77,111,83,31,76,168,171,177,83,90,125,18,118,115,91,45,100,40,99,46,101,180,58,158,168,127,149,19,78,148,37,35,57,86,113,0,68,91,22,77,25,105,54,34,161,179,82,128,141,100,166
52,60,111,67,24,130,134,142,16,40,130,80,56,59,100,59,91,108,39,38,72,148,116,93,130,59,103,85,75,92,105,65,13,99,113,68,0,28,80,61,69,38,114,57,133,135,49,85,165,115,148
46,36,115,82,44,106,110,119,14,55,123,105,29,33,98,86,83,131,12,66,57,126,143,82,106,42,78,109,73,64,127,79,40,99,105,91,28,0,99,56,86,16,130,84,113,110,71,62,163,114,131
74,112,63,21,93,161,164,170,94,109,108,35,123,117,76,67,88,39,104,66,96,171,69,173,162,138,146,32,67,150,32,25,72,70,98,22,80,99,0,72,14,114,34,56,151,175,103,125,120,82,154
10,47,62,51,84,91,93,100,62,101,69,95,66,55,42,100,30,110,53,84,24,103,135,137,91,97,75,96,17,82,103,47,64,44,52,77,61,56,72,0,58,71,93,92,84,103,108,54,108,58,93
60,98,59,7,84,148,151,157,82,101,100,42,110,104,66,66,77,52,91,61,82,159,80,162,149,126,133,41,55,136,46,11,62,61,88,25,69,86,14,58,0,102,45,55,139,161,97,112,117,75,143
61,42,131,97,47,110,114,122,22,53,136,117,24,35,113,95,96,145,20,75,69,130,154,66,110,26,79,122,88,61,141,95,50,114,119,105,38,16,114,71,102,0,146,94,120,110,71,67,178,129,139
98,138,57,49,127,177,179,183,127,143,107,60,152,144,80,99,100,42,134,100,116,183,79,206,178,171,167,54,82,175,34,51,106,73,102,54,114,130,34,93,45,146,0,88,163,192,137,146,104,80,160
89,113,114,59,54,178,181,189,72,64,151,32,113,114,117,11,120,63,95,20,113,193,61,137,179,112,155,39,98,148,64,62,44,113,137,34,57,84,56,92,55,94,88,0,176,187,52,135,172,128,185
87,78,110,132,155,25,24,23,126,168,69,179,98,85,83,183,64,190,102,165,63,20,218,172,26,137,49,179,84,76,182,128,141,90,64,161,133,113,151,84,139,120,163,176,0,44,182,53,114,89,25
102,75,146,154,154,19,20,25,124,163,110,197,86,77,117,192,94,214,98,172,79,35,237,149,18,119,32,198,110,52,207,150,146,124,102,179,135,110,175,103,161,110,192,187,44,0,180,52,157,126,67
100,106,150,98,27,177,180,189,56,20,176,84,95,103,145,44,139,115,83,37,121,196,107,91,177,77,148,91,121,132,116,98,44,143,160,82,49,71,103,108,97,71,137,52,182,180,0,132,207,159,197
51,26,107,105,106,45,48,57,76,117,87,145,46,32,80,140,56,164,50,121,31,64,186,122,45,84,21,147,65,35,157,101,95,85,73,128,85,62,125,54,112,67,146,135,53,52,132,0,136,93,74
118,146,58,113,187,138,138,137,169,204,49,154,169,155,66,183,84,145,159,174,113,131,182,244,139,204,148,150,91,170,137,111,164,65,63,141,165,163,120,108,117,178,104,172,114,157,207,136,0,50,97
68,99,23,70,138,108,109,112,120,155,27,117,121,108,16,139,38,116,110,128,67,109,150,195,109,155,109,114,41,127,107,67,115,16,25,100,115,114,82,58,75,129,80,128,89,126,159,93,50,0,81
98,98,104,136,171,49,47,43,143,185,56,184,119,105,80,194,67,192,121,177,76,36,222,195,50,158,73,184,89,100,183,132,155,87,58,166,148,131,154,93,143,139,160,185,25,67,197,74,97,81,0

The weight of orders:
14,11,14,11,12,11,16,13,13,20,13,12,14,15,13,17,10,17,11,14,16,17,12,10,11,17,10,18,14,15,17,10,20,11,13,10,16,12,13,10,12,11,15,12,10,10,16,15,18,17

The unit tardiness penalty of orders:

8,8,6,9,7,6,8,10,7,8,10,10,8,10,10,10,7,6,6,10,7,9,10,9,7,7,9,8,8,10,9,8,7,9,7,9,6,9,9,9,8,10,6,6,8,9,6,8,6,7

The due date of orders:
419,359,352,289,289,254,261,168,543,197,375,403,571,354,425,142,335,426,521,747,296,508,667,791,183,215,528,233,396,245,129,632,557,186,269,403,379,218,227,535,452,371,754,256,588,756,558,553,243,520

the loading and unloading time of each order:
4,3,4,3,3,3,4,3,3,5,3,3,4,4,3,4,3,4,3,4,4,4,3,3,3,4,3,5,4,4,4,3,5,3,3,3,4,3,3,3,3,3,4,3,3,3,4,4,5,4

The sequence dependent setup time of each job processed on machine 1.
(Where rows denote jobs: 1 to 50 and columns denote jobs: 0 to 50.For example:The value of Sijk is in row j,column i+1.)
16,17,10,12,11,13,20,17,20,11,11,19,12,13,17,20,13,17,12,14,10,15,10,12,17,13,12,10,14,11,14,14,15,13,15,12,13,18,12,13,15,17,11,14,20,12,19,16,14,19
19,16,13,16,20,13,14,18,19,15,20,17,11,11,13,17,20,20,12,10,10,10,16,19,19,18,20,12,20,19,12,11,17,20,17,16,16,11,19,16,16,19,16,17,18,13,20,16,11,15
18,10,19,15,14,11,18,19,12,10,14,18,18,14,11,18,14,13,11,19,15,19,13,10,13,14,20,10,16,13,16,10,19,20,17,18,18,19,18,18,13,10,12,14,19,10,10,12,16,10
18,20,20,20,16,14,18,12,11,11,14,20,20,17,18,15,14,13,10,18,10,15,18,17,19,18,14,13,16,20,20,18,14,13,15,13,15,11,11,16,14,17,19,20,18,11,11,19,18,11
18,11,10,15,10,17,13,11,18,15,16,18,17,15,18,11,13,18,13,19,15,16,10,17,14,12,14,14,19,15,11,15,14,16,10,20,19,20,10,12,14,12,14,10,19,20,19,16,17,10
13,18,18,13,19,18,15,13,10,20,10,12,10,20,14,19,13,17,15,11,12,20,11,20,19,17,11,16,12,11,20,19,17,12,20,20,15,10,16,12,12,15,15,18,18,18,13,19,16,16
10,10,16,17,17,10,20,13,16,20,11,14,13,20,15,14,15,12,19,18,15,15,11,19,11,10,19,14,16,17,12,16,20,12,17,17,12,12,16,10,17,14,16,15,13,11,17,17,16,17
10,19,12,15,17,12,20,12,14,20,13,10,20,15,18,12,14,15,17,17,20,18,13,16,18,12,14,19,20,12,17,14,16,14,18,15,15,11,12,13,18,14,19,12,12,19,11,12,13,18
19,10,18,17,17,12,19,12,14,15,16,20,14,19,16,20,12,20,14,13,17,12,13,12,17,14,16,17,11,18,15,14,16,11,11,20,20,19,11,17,19,20,13,18,16,13,19,15,19,17
15,13,16,20,15,17,18,17,16,15,17,13,16,15,17,17,11,13,14,12,15,17,20,10,16,18,15,11,15,18,20,10,13,10,20,10,12,18,20,13,13,10,12,19,19,16,11,20,13,19
14,16,20,12,10,10,13,14,16,17,10,19,14,20,19,13,10,19,19,14,18,12,20,16,13,19,15,18,18,20,17,10,19,11,14,20,19,16,15,13,12,12,14,12,16,16,15,13,15,13
16,10,10,12,10,18,15,11,16,15,16,17,14,13,17,14,15,16,14,18,11,16,11,16,17,19,17,12,15,20,20,14,13,13,17,17,11,18,16,16,14,12,18,18,14,12,17,15,10,15
17,20,19,19,15,20,15,16,19,15,14,15,10,12,19,11,10,10,15,15,20,20,20,17,14,16,19,15,10,20,14,10,16,11,11,18,17,19,15,17,11,16,18,17,18,11,12,18,10,16
19,13,16,12,13,14,19,14,12,18,16,12,13,13,14,12,20,17,12,15,20,14,11,17,18,20,15,12,10,10,10,19,20,18,18,11,19,20,14,20,11,16,15,18,19,11,14,11,17,10
13,16,19,13,13,17,17,11,16,16,13,16,17,18,14,13,17,11,17,11,14,14,11,15,14,20,15,10,12,18,13,13,12,13,19,12,13,19,11,20,17,10,15,10,11,13,11,19,16,16
14,17,19,13,14,19,12,19,10,16,17,10,14,17,20,16,18,10,20,14,10,18,17,10,16,15,17,17,10,18,13,10,13,18,18,11,20,20,20,11,15,15,10,13,19,10,12,17,16,20
16,16,20,17,17,14,18,11,13,11,11,12,10,20,15,20,18,19,10,15,19,14,12,12,18,10,12,14,16,16,10,19,13,13,19,11,10,20,12,20,13,14,16,10,14,17,10,20,11,15
13,15,11,18,17,13,15,20,11,11,20,19,15,17,19,17,20,20,12,13,18,20,16,14,17,18,14,11,17,20,12,17,19,17,12,18,14,16,14,19,14,11,18,16,14,12,11,10,20,13
16,14,10,13,17,13,19,17,15,13,20,19,12,17,17,16,14,12,16,10,14,19,14,16,14,12,13,13,16,16,10,19,10,19,19,17,19,17,15,17,19,18,16,13,12,17,17,14,14,20
11,18,19,15,14,10,20,19,18,14,17,18,13,14,12,16,19,11,18,15,20,15,16,14,18,12,17,20,12,12,12,20,18,18,12,17,10,12,16,12,13,18,12,14,12,15,13,10,12,12
15,19,16,17,18,15,18,10,19,14,12,14,10,17,18,19,20,13,17,18,17,14,12,11,13,14,10,20,18,14,18,20,15,16,19,20,17,17,10,20,10,11,18,11,11,11,10,10,20,10
14,19,17,15,18,13,15,19,10,12,12,18,16,10,14,16,13,17,19,18,15,14,17,20,13,10,10,10,19,20,10,10,16,13,11,14,15,11,14,13,20,17,12,13,10,13,18,11,17,19
10,20,18,18,13,10,16,14,10,10,13,11,11,10,10,17,16,13,15,17,14,19,11,12,14,20,17,12,15,12,12,17,17,13,12,10,17,20,15,12,10,19,16,17,15,20,18,13,12,16
16,16,12,12,16,12,17,14,11,17,15,17,16,15,11,10,14,20,16,11,14,13,15,20,15,12,15,10,17,16,20,15,13,13,11,17,18,14,19,17,13,17,18,10,20,13,19,20,15,19
20,13,13,15,12,11,11,14,10,12,20,15,19,17,11,18,19,12,11,18,14,17,11,20,14,12,10,14,14,13,12,11,16,19,17,14,19,14,18,17,13,11,17,13,15,15,16,19,16,16
12,18,10,19,13,15,20,10,15,15,13,12,14,12,19,14,19,15,12,18,15,12,14,18,18,10,10,11,20,13,11,17,11,16,17,19,16,16,16,13,17,11,11,17,15,12,14,18,12,19
14,20,19,18,11,11,19,14,12,12,16,19,17,19,14,16,10,11,20,10,10,11,15,18,17,10,13,14,10,15,11,17,18,14,19,16,11,14,17,13,19,15,10,16,15,15,17,11,12,16
14,10,12,10,14,18,18,15,12,12,12,11,20,17,13,20,18,16,18,10,12,11,11,20,17,13,12,13,13,12,12,19,18,13,18,17,10,11,11,10,18,19,16,13,11,20,18,17,15,20
17,16,11,19,15,13,19,18,10,19,17,16,18,11,14,17,10,10,10,20,12,10,14,20,18,14,11,17,17,20,13,13,19,15,20,12,18,11,18,17,16,19,15,17,10,20,15,14,16,18
18,20,11,18,13,13,18,17,13,11,18,17,18,13,14,11,17,18,16,17,19,15,10,14,18,10,11,16,12,11,11,13,18,17,19,10,17,18,18,19,11,12,15,15,12,13,19,20,18,10
12,16,18,12,13,17,16,19,14,13,16,13,18,17,11,11,17,18,12,10,13,14,17,13,11,20,20,18,12,11,15,16,11,20,12,13,20,15,10,20,11,15,20,18,14,11,20,12,19,20
18,16,19,11,11,10,14,11,18,15,10,10,17,11,16,13,13,20,10,14,11,16,13,17,19,17,11,15,16,19,12,13,15,12,15,17,15,18,20,11,17,10,10,12,12,16,19,11,18,15
12,12,17,11,14,14,12,16,18,11,15,11,11,13,17,12,20,12,20,13,10,15,20,17,15,19,19,14,19,11,17,19,19,10,17,19,16,11,10,18,15,16,14,16,13,18,10,16,15,16
19,19,13,10,19,18,19,17,13,11,19,13,15,19,20,10,19,11,18,15,15,18,11,20,10,12,15,15,14,15,13,20,17,19,15,14,11,18,10,15,14,20,15,14,12,11,13,16,12,19
15,20,11,13,18,19,12,18,10,11,13,12,12,14,20,19,14,17,16,14,17,15,17,11,18,15,14,15,11,13,10,20,19,11,11,10,18,17,17,20,17,14,12,12,12,16,12,17,13,13
10,19,17,14,11,20,10,12,13,12,14,11,10,17,11,12,17,10,19,18,20,15,18,17,17,19,17,12,19,15,20,17,14,16,18,18,20,11,13,16,20,13,11,12,16,12,19,14,17,19
15,17,18,20,11,15,18,11,11,12,17,18,19,14,11,15,16,10,11,14,18,19,20,16,14,19,10,18,14,20,10,16,15,13,14,11,11,20,13,18,19,13,19,11,10,17,20,12,20,14
10,10,17,17,20,17,17,17,13,14,12,20,20,11,18,15,14,13,17,10,20,13,12,15,20,12,19,20,19,11,18,12,20,11,16,17,17,18,18,11,11,16,10,19,17,16,13,19,12,18
19,11,13,18,12,20,12,13,17,18,16,17,10,11,19,12,18,17,19,20,16,10,12,10,11,12,13,11,18,16,17,18,10,16,13,14,19,11,19,18,10,15,10,10,14,10,20,14,17,18
19,10,18,15,13,19,10,13,13,18,16,11,19,13,17,19,14,14,19,11,12,16,18,15,17,14,13,12,15,10,14,12,16,20,10,16,19,20,13,19,10,15,12,17,12,20,12,16,17,15
15,20,18,16,11,20,15,11,20,11,18,12,14,13,10,16,19,10,15,14,15,18,15,15,13,18,11,11,15,16,19,13,10,16,12,12,14,20,16,13,11,20,11,18,12,17,17,15,14,10
11,15,16,17,10,15,19,16,10,15,16,14,14,10,19,14,10,11,10,14,11,11,19,19,13,12,14,10,19,17,14,20,18,12,16,12,19,16,15,17,19,10,20,18,19,17,14,16,17,19
19,11,17,12,13,18,17,17,13,14,11,13,19,11,17,19,11,10,12,12,16,20,13,16,14,14,18,16,13,11,19,10,18,18,18,17,17,12,18,14,17,18,12,12,10,14,14,20,20,19
10,11,16,18,11,13,13,20,19,16,16,16,17,15,13,18,19,15,18,12,19,14,18,17,15,10,20,16,10,13,15,13,14,19,17,19,20,15,12,20,11,19,14,19,15,11,18,16,11,11
16,11,19,13,15,20,10,13,18,20,18,11,13,11,17,12,10,17,19,11,14,20,18,14,13,14,15,11,12,14,20,10,15,16,14,12,17,15,10,12,15,10,20,13,16,17,18,19,17,16
11,16,16,10,19,14,15,10,15,20,14,11,20,14,15,11,14,11,17,11,15,14,12,14,11,15,13,15,19,13,18,15,10,13,12,18,19,10,19,16,12,17,13,17,15,19,11,10,12,20
17,19,15,19,17,14,19,16,12,10,10,12,14,13,10,15,17,13,15,17,18,13,17,10,18,14,18,14,18,11,16,11,17,18,20,17,11,18,11,20,14,10,18,11,18,18,20,12,18,15
14,18,10,20,12,20,13,15,11,16,16,18,14,11,11,18,17,19,13,16,12,18,19,17,18,15,15,20,15,16,16,16,19,18,18,14,10,18,14,14,10,16,14,17,20,17,16,14,11,16
19,13,20,20,11,15,20,20,12,14,13,16,20,17,14,13,13,15,15,13,11,15,14,19,15,13,11,10,18,15,17,14,14,11,12,16,11,18,10,20,12,15,20,14,14,14,20,10,11,14
19,12,15,18,16,20,12,20,12,11,20,20,12,17,19,12,19,17,19,19,14,14,20,11,10,11,18,14,15,20,12,11,12,18,14,11,10,13,19,17,12,19,18,18,14,10,13,20,12,15
13,18,15,15,13,14,14,20,15,17,11,18,15,12,17,18,13,11,12,20,15,18,16,12,17,11,13,19,19,12,16,11,13,16,16,14,14,18,15,11,11,20,10,16,18,19,16,15,13,15

The sequence dependent setup time of each job processed on machine 2.
(Where rows denote jobs: 1 to 50 and columns denote jobs: 0 to 50.For example:The value of Sijk is in row j,column i+1.)
11,17,19,10,17,13,10,12,12,20,19,11,12,16,17,14,15,20,16,17,12,18,13,20,19,20,16,20,11,14,12,15,19,18,16,15,17,18,11,16,15,12,16,18,16,17,11,15,19,16
17,11,18,17,17,11,10,10,17,20,19,11,18,20,18,18,12,11,15,18,14,15,12,19,20,16,17,14,16,16,13,16,19,20,16,11,18,19,10,13,10,11,13,19,17,12,15,17,19,11
13,14,11,17,15,12,11,12,19,13,10,19,15,13,11,14,11,15,12,17,10,13,16,18,17,10,12,18,19,18,12,15,11,12,12,18,16,13,13,16,17,19,11,20,17,20,13,15,10,16
12,14,20,16,20,20,10,14,19,11,10,18,13,18,10,20,12,12,10,14,13,17,16,19,19,16,11,17,17,15,15,20,15,11,10,11,10,10,16,19,14,19,13,19,13,13,16,15,14,11
19,15,15,11,16,17,17,18,19,20,16,10,20,12,19,15,14,13,14,11,13,10,11,12,12,15,13,18,11,13,11,14,12,10,15,17,10,10,17,16,20,11,11,16,11,20,12,16,14,17
15,19,10,11,10,12,13,16,20,14,14,15,12,16,18,17,18,13,16,11,15,15,17,18,18,13,19,15,10,13,19,10,12,16,19,15,13,12,10,14,13,18,11,11,11,10,13,18,18,12
12,17,19,11,18,14,20,14,13,11,20,12,10,16,10,11,14,19,13,13,12,14,16,20,10,16,20,11,11,16,15,10,10,11,13,10,18,17,14,15,20,17,10,10,19,17,13,17,18,15
14,16,17,14,16,20,13,11,15,11,18,20,16,13,11,17,12,12,13,17,18,13,17,11,11,14,16,17,15,19,17,20,12,17,20,10,16,16,11,16,17,20,17,10,19,19,19,18,20,10
14,18,17,15,20,20,17,19,12,12,13,11,17,19,14,16,17,11,13,20,16,18,19,20,20,11,16,15,13,12,20,17,19,13,15,15,16,17,19,19,11,20,15,14,12,14,14,14,20,15
15,17,14,10,18,13,20,18,12,13,15,19,20,10,11,11,17,11,20,11,17,15,19,12,10,17,10,19,17,16,11,11,20,18,13,19,12,14,15,10,11,10,10,12,19,20,12,18,19,11
14,15,18,19,10,11,13,18,20,16,14,14,19,19,14,12,20,11,15,15,10,18,12,17,20,17,16,10,14,16,19,16,11,14,19,12,15,17,13,20,12,19,15,15,17,20,10,11,18,10
16,19,16,15,14,19,19,19,17,19,12,17,14,16,18,18,11,17,16,15,19,10,11,12,20,13,12,20,14,13,13,17,11,17,12,19,10,20,16,15,16,11,12,19,19,12,15,17,18,12
15,17,10,16,18,14,20,18,19,14,17,17,20,16,14,15,13,20,11,18,20,16,10,13,18,11,18,17,11,13,14,10,13,15,11,20,11,19,11,18,15,10,13,17,15,14,12,18,20,13
17,13,13,11,16,13,19,18,14,20,16,17,20,12,18,13,15,14,11,19,19,16,19,14,13,11,10,16,14,11,12,10,17,11,12,13,18,13,16,19,18,18,16,10,17,15,18,19,18,17
11,15,18,18,15,19,12,14,15,18,18,11,19,10,19,15,17,15,17,13,16,18,19,10,19,11,15,19,10,12,20,18,17,16,15,14,20,15,18,13,14,17,13,14,13,17,14,10,16,20
15,10,18,10,14,20,10,15,18,15,13,10,13,14,12,16,10,10,17,10,10,18,14,10,19,16,19,16,11,14,15,20,12,20,17,17,11,12,12,18,15,17,20,11,13,11,20,12,17,10
16,19,18,17,14,16,18,15,17,17,15,20,18,14,15,19,14,14,13,12,14,12,18,16,15,20,14,12,13,13,17,12,13,11,15,15,19,20,12,19,19,13,17,20,19,20,18,10,20,11
13,20,15,13,18,14,20,17,13,18,13,14,12,19,17,12,16,16,15,11,20,20,16,20,19,10,12,15,20,11,19,14,15,15,19,14,15,17,17,16,16,11,17,12,18,13,17,15,15,13
16,16,19,12,16,20,16,17,17,16,14,16,15,17,14,13,16,11,16,14,12,12,11,14,13,12,17,11,14,11,19,16,16,14,20,13,11,14,20,10,15,13,12,17,15,12,12,14,20,14
17,11,13,17,12,17,19,12,17,18,12,15,13,12,11,10,10,11,12,15,14,20,17,10,15,13,14,12,12,10,13,19,12,13,18,16,11,20,11,10,20,11,14,20,10,19,20,17,14,20
17,16,18,12,10,10,10,11,11,17,10,12,20,13,17,17,14,11,11,12,16,19,20,18,20,20,15,14,16,16,19,20,11,13,15,11,20,14,10,10,19,11,15,13,20,15,13,18,17,16
15,10,20,20,18,16,18,14,20,19,10,20,12,19,14,14,15,13,10,20,17,20,10,10,19,10,18,10,16,11,12,10,20,14,12,12,15,19,11,12,14,12,11,13,19,20,19,17,13,13
16,11,10,17,10,17,14,15,10,12,15,20,15,10,16,19,12,13,20,17,14,16,18,10,18,12,15,12,17,18,10,15,15,16,16,13,12,12,14,15,15,10,19,11,15,16,13,19,12,15
12,12,12,10,20,16,14,11,20,16,12,13,14,17,15,13,11,18,11,13,19,17,14,16,11,13,11,13,10,14,11,12,15,15,19,17,11,16,20,13,17,19,10,11,13,12,12,18,11,11
17,12,10,20,10,10,10,15,20,11,15,13,11,13,11,12,16,15,19,12,19,17,14,18,17,18,19,17,14,12,11,17,10,17,19,18,18,19,16,10,10,16,20,18,19,19,18,12,14,20
15,14,16,12,16,13,17,12,10,16,11,19,18,18,20,10,14,20,18,13,13,15,13,19,16,11,19,19,20,18,20,12,13,16,15,13,19,18,19,11,20,11,14,20,17,16,19,20,19,19
16,17,19,20,15,11,10,13,11,17,10,15,16,15,19,14,15,17,12,18,15,17,18,11,12,16,19,15,20,10,14,18,17,10,20,12,17,15,12,14,12,12,19,10,11,12,15,11,16,14
15,10,13,16,20,20,10,20,13,17,12,15,12,11,13,13,16,18,10,18,19,18,11,11,15,10,11,14,16,12,10,20,13,11,14,17,11,10,11,18,16,16,18,13,19,15,18,12,13,19
14,19,18,13,20,17,13,12,12,10,12,18,20,18,14,16,20,10,12,18,10,17,12,18,11,19,18,16,12,13,19,16,17,13,18,20,19,17,12,10,10,18,20,13,19,17,15,19,13,19
10,12,20,10,12,11,14,20,12,19,18,19,19,16,16,12,11,11,17,17,16,20,17,14,14,18,16,12,14,12,10,14,11,15,13,17,19,18,13,18,10,15,10,11,15,19,10,17,11,17
17,10,20,18,17,18,18,11,11,20,16,10,18,10,10,15,12,16,20,19,20,16,16,10,17,15,17,12,18,14,17,14,15,13,20,20,18,15,17,12,13,13,11,17,11,14,17,10,20,19
12,12,18,14,12,16,11,13,20,15,18,14,20,10,10,14,19,20,13,15,11,10,10,12,19,16,13,11,17,15,19,18,18,17,16,14,15,10,17,12,18,19,18,18,20,19,18,15,14,10
11,15,18,18,17,12,14,18,18,16,13,15,13,14,17,19,14,17,15,12,11,18,15,17,19,12,20,12,14,18,12,15,19,17,17,20,18,14,18,10,20,12,19,11,11,13,17,15,12,19
19,19,11,18,17,13,13,10,13,18,17,20,18,13,12,13,20,15,18,13,13,17,10,11,13,15,10,18,13,17,11,15,14,10,11,19,20,15,10,10,17,20,16,13,16,13,12,11,17,16
17,17,12,16,17,18,14,16,16,18,11,15,18,16,12,10,17,15,19,19,15,15,20,18,17,17,20,19,12,13,12,16,15,10,13,20,11,19,18,11,13,15,18,19,18,15,15,17,19,18
13,10,10,10,18,18,14,19,11,17,20,15,14,11,12,13,11,13,20,10,11,14,19,14,19,15,13,18,18,10,16,15,15,13,12,17,11,11,14,20,19,13,20,15,16,11,20,16,11,13
20,10,17,20,12,11,16,16,10,17,15,12,12,16,13,14,20,19,13,20,10,12,19,12,19,13,15,13,20,14,14,18,10,12,18,13,19,17,11,20,15,15,11,12,20,13,10,17,11,18
19,20,20,13,10,12,15,16,16,12,18,13,12,15,13,12,16,19,17,12,17,20,16,20,15,18,18,19,15,17,13,20,20,12,18,19,20,17,11,11,12,20,20,14,12,11,15,10,15,11
19,13,10,18,20,17,18,20,10,20,14,18,15,14,18,18,18,10,11,18,11,16,20,20,19,12,11,10,20,16,16,15,20,13,14,15,13,10,13,10,13,13,17,17,17,13,11,10,15,11
20,19,20,19,11,19,14,10,17,15,16,20,15,10,13,19,14,12,20,17,12,18,20,16,17,13,15,12,18,15,17,11,20,14,11,14,17,19,14,18,10,17,17,18,12,14,14,15,20,11
14,11,16,20,14,20,11,10,20,16,13,17,16,16,11,13,14,14,16,12,10,11,18,20,12,11,11,14,10,18,11,14,18,14,12,17,18,13,15,14,16,11,13,20,10,15,18,17,20,10
12,19,14,10,11,13,19,17,17,13,18,20,15,11,13,18,13,13,20,18,16,13,20,20,13,18,14,16,17,18,18,13,14,12,19,17,13,10,20,19,14,11,11,14,12,13,14,12,10,11
18,17,11,17,11,10,20,13,11,18,11,17,15,13,16,18,15,18,13,13,10,16,17,12,13,15,16,20,19,20,15,15,17,18,19,11,15,18,20,18,19,18,12,19,19,15,13,15,18,11
11,18,12,11,12,16,19,10,12,17,19,18,12,11,12,14,11,15,14,15,16,16,16,12,16,15,15,14,12,17,10,11,19,12,10,20,20,16,13,15,19,11,17,11,17,17,13,11,10,11
19,15,11,19,14,12,19,10,17,15,13,19,17,12,16,11,12,19,14,13,15,12,10,14,19,11,18,17,14,10,14,14,16,19,10,15,18,17,13,20,20,16,19,11,19,16,18,19,10,18
11,13,11,15,11,14,17,19,12,15,18,15,10,11,15,16,19,16,16,15,17,18,15,20,12,11,10,17,20,20,11,10,15,13,10,13,15,20,11,12,18,17,12,13,19,18,17,14,18,17
20,10,19,12,11,11,13,15,19,12,12,10,10,20,20,10,10,15,19,15,12,12,10,10,11,20,14,13,15,10,11,10,13,13,14,10,11,18,20,10,15,10,12,10,20,20,16,10,15,15
15,20,16,20,20,13,16,11,17,15,19,13,16,13,16,20,20,11,17,13,18,20,16,18,18,17,13,11,11,17,10,15,11,16,15,16,15,20,13,15,17,20,12,14,13,10,18,19,16,10
14,10,20,15,11,16,19,19,18,10,17,10,18,17,10,12,11,11,14,15,10,10,15,12,20,11,16,13,14,20,19,19,14,16,12,15,20,14,14,16,10,14,19,20,16,12,20,16,16,10
19,19,16,14,10,20,14,13,18,12,13,16,11,14,11,11,18,11,17,12,14,20,10,18,19,17,13,20,19,12,13,19,15,13,20,17,16,13,19,13,12,19,15,12,18,10,13,18,14,14
19,13,18,20,17,19,15,17,10,10,15,17,17,10,17,12,17,12,18,16,10,20,15,18,13,10,14,11,19,18,18,17,10,20,16,12,17,13,16,19,18,12,19,11,12,11,16,20,11,12

The sequence dependent setup time of each job processed on machine 3.
(Where rows denote jobs: 1 to 50 and columns denote jobs: 0 to 50.For example:The value of Sijk is in row j,column i+1.)
20,14,18,12,10,13,18,15,18,15,10,16,14,19,14,13,15,18,11,11,11,14,15,15,16,10,16,18,19,17,18,15,20,15,13,10,19,17,19,13,20,19,20,16,15,14,16,16,17,20
16,17,15,18,14,10,11,19,19,10,14,18,19,16,16,11,18,16,19,11,12,10,16,19,18,17,12,16,17,19,13,20,14,18,19,20,19,13,10,13,11,10,16,20,10,19,19,14,18,12
14,16,15,11,19,13,20,18,17,17,18,12,15,19,14,12,20,10,17,18,19,17,11,13,15,17,14,13,20,12,12,14,17,17,14,17,19,19,20,16,18,13,16,15,13,12,14,11,13,18
13,13,11,13,16,17,11,17,15,11,16,11,18,12,11,15,16,13,11,19,16,20,10,15,18,18,16,14,14,15,12,20,15,12,18,20,18,20,11,20,20,13,10,20,18,17,19,17,17,18
10,16,18,15,19,18,17,20,10,10,13,12,10,12,10,15,15,16,17,19,12,13,14,14,20,18,20,19,16,16,17,12,16,20,18,19,10,18,17,10,12,12,15,13,13,14,19,15,11,16
19,19,16,19,17,10,13,13,10,10,10,18,14,16,19,11,15,20,16,14,16,11,12,12,19,16,13,19,18,11,16,15,12,11,13,15,15,17,15,18,11,14,14,13,19,14,13,15,14,14
14,16,18,16,10,12,12,17,12,13,12,20,20,18,19,20,17,15,18,14,12,16,19,15,10,18,17,20,17,19,18,14,20,17,11,18,17,10,15,17,18,19,19,12,19,17,17,19,18,14
14,18,18,18,12,19,10,19,20,15,16,15,15,11,12,13,16,12,12,12,10,15,14,18,18,14,18,16,18,20,18,15,13,19,16,20,17,20,16,17,15,10,13,20,12,12,11,11,20,12
19,12,10,16,10,12,11,10,19,13,20,10,12,12,15,19,10,16,15,13,18,18,13,18,17,10,15,11,12,11,17,15,12,16,11,12,13,12,11,17,14,19,14,18,13,11,15,15,12,12
13,20,10,14,16,19,18,11,12,16,11,10,14,20,19,16,10,17,16,20,19,13,13,13,16,20,18,12,11,19,20,15,18,15,19,17,19,14,13,12,13,12,19,19,16,11,19,15,16,16
10,19,19,13,20,14,11,16,20,16,18,18,10,20,11,13,13,19,20,13,11,14,11,10,11,11,20,16,15,18,10,17,10,10,20,18,11,12,15,10,17,20,10,11,13,19,19,16,16,16
10,13,16,10,19,19,19,14,11,12,11,13,18,10,20,14,17,19,11,10,18,11,19,20,16,12,19,12,20,14,15,11,16,19,18,15,15,18,11,13,19,14,16,17,10,14,14,10,20,18
13,11,14,16,19,10,13,13,14,20,10,20,18,15,20,14,12,13,10,14,20,12,17,19,10,20,20,13,12,15,15,13,14,15,10,18,20,19,12,18,16,10,18,14,19,14,13,13,17,17
10,11,20,18,10,18,11,14,11,14,16,13,19,18,16,13,11,10,17,11,17,14,20,17,17,18,15,18,14,19,14,18,13,17,11,11,10,18,14,12,19,18,11,16,10,16,10,19,17,14
11,20,10,12,11,20,15,19,16,11,14,20,16,12,15,19,16,13,17,10,12,13,15,14,18,11,20,11,10,19,13,18,10,12,12,10,10,20,16,12,20,10,20,10,19,20,18,18,15,19
10,19,11,13,15,12,13,17,11,13,14,11,12,17,10,17,12,10,19,10,13,10,12,18,12,10,19,17,17,11,16,14,19,16,18,16,13,14,14,10,11,15,17,11,13,16,12,12,13,20
19,20,12,20,16,16,12,20,13,11,18,19,18,13,16,15,17,15,14,11,11,17,20,14,20,18,13,13,13,19,18,16,17,12,20,20,10,17,17,14,18,19,12,18,14,12,10,20,20,12
16,16,20,10,15,16,13,15,16,15,20,10,17,16,14,19,12,10,15,11,15,20,17,14,13,13,13,15,14,18,16,19,13,10,18,14,20,19,18,12,16,10,16,11,15,18,14,20,15,17
17,13,14,18,10,14,14,15,15,19,13,18,18,20,20,11,20,12,14,18,10,10,15,18,16,18,20,14,13,16,14,10,20,19,20,16,13,17,20,18,13,18,14,10,15,18,13,11,15,19
17,19,15,14,19,20,10,12,18,20,10,19,15,14,19,17,14,16,11,10,17,20,16,14,15,17,20,12,12,15,15,15,19,17,12,20,20,16,15,12,14,13,18,20,15,10,15,19,14,16
18,10,14,20,14,17,12,15,14,17,16,14,19,17,20,10,12,19,16,17,15,14,16,18,15,11,15,10,11,11,14,15,20,20,13,17,17,14,10,10,16,18,14,16,13,10,18,15,17,11
14,12,13,18,15,14,19,12,16,13,13,16,17,15,14,13,17,15,17,12,11,16,17,19,11,19,14,15,19,11,10,11,19,12,18,14,18,17,17,17,12,19,17,18,15,11,13,18,18,14
20,11,14,18,10,16,14,14,14,18,17,13,18,11,11,10,19,15,10,14,18,19,11,10,17,19,18,13,18,20,20,19,13,15,14,19,15,18,14,13,14,18,20,17,18,13,13,14,19,10
14,17,16,17,12,11,14,20,20,17,15,16,15,19,18,17,12,15,15,17,15,19,12,19,15,15,12,20,11,18,10,19,20,17,13,20,15,20,11,15,15,15,16,14,11,14,15,18,16,18
11,11,14,20,19,11,16,13,20,17,14,17,17,18,14,20,16,20,19,13,19,14,11,13,17,12,15,15,10,15,12,10,10,20,20,17,20,13,17,13,19,17,14,20,12,19,10,13,17,20
10,15,19,12,11,18,20,11,12,11,16,12,15,11,19,20,17,15,11,19,13,15,15,17,17,12,10,10,17,17,13,12,18,13,16,12,19,12,14,20,12,17,15,12,18,16,19,20,16,14
16,15,14,14,16,16,16,11,14,15,11,15,17,14,13,14,10,16,16,12,14,13,16,16,19,19,12,10,13,19,18,17,11,18,11,16,12,17,10,11,19,12,11,20,14,17,15,19,16,16
10,17,10,18,12,10,16,18,17,19,12,18,13,19,20,10,12,11,16,14,13,14,10,11,20,16,11,18,18,16,10,16,15,11,13,17,15,20,13,16,20,11,12,18,18,13,17,16,15,13
13,14,16,12,14,15,16,11,17,12,11,17,20,18,14,10,10,19,20,12,16,20,18,18,15,17,11,11,10,16,20,14,18,18,13,14,20,18,13,20,13,10,18,17,16,14,18,16,19,10
11,14,18,10,19,17,16,11,20,14,19,17,17,14,14,10,12,11,12,19,11,10,17,18,16,19,20,14,14,16,15,15,15,15,12,18,11,16,10,13,15,14,18,14,18,12,13,16,14,11
19,19,15,15,18,10,14,17,19,16,17,20,14,18,10,17,17,14,10,11,19,12,12,11,12,15,14,17,10,12,13,12,18,11,11,15,19,14,18,13,15,12,15,10,19,18,10,16,11,12
15,16,14,11,20,14,17,14,11,13,19,11,17,18,10,12,13,18,14,20,17,13,19,17,19,15,11,14,16,20,18,18,19,19,17,19,13,10,16,15,19,15,10,18,20,13,10,18,12,20
16,17,11,13,11,14,10,20,17,19,19,11,20,13,18,20,13,12,16,18,18,17,16,17,10,17,13,14,18,13,18,11,11,14,18,11,18,19,12,12,19,13,12,18,10,20,18,11,14,13
20,17,20,20,12,14,17,17,12,14,18,18,15,13,14,20,11,18,19,13,12,12,20,11,15,18,20,12,14,19,12,13,17,16,17,10,13,18,13,14,13,15,16,16,17,16,14,20,15,10
17,12,13,20,15,10,15,12,13,13,17,18,17,15,16,20,14,17,12,12,17,13,14,13,20,17,12,11,12,11,11,19,20,13,10,14,18,15,19,10,12,15,13,16,17,16,11,12,12,10
19,16,16,10,15,20,20,19,18,16,10,10,15,14,18,19,20,11,17,14,12,19,17,14,11,19,11,14,20,10,10,14,16,10,13,18,11,16,15,20,11,18,19,15,18,14,13,20,17,11
11,15,14,14,14,16,11,13,11,17,19,12,15,15,18,10,17,17,14,10,15,12,20,10,12,16,12,20,11,15,15,16,19,14,20,12,13,12,20,12,19,11,11,18,19,16,20,19,15,19
17,10,12,13,10,18,16,17,15,14,10,18,13,18,20,17,20,17,11,16,15,17,14,10,12,10,12,11,17,16,10,14,19,20,19,17,13,14,12,12,13,18,15,11,13,11,14,20,15,11
20,15,19,10,20,10,20,12,14,11,11,15,19,12,14,15,20,16,17,19,13,13,19,14,10,15,14,11,13,20,17,19,12,15,14,11,15,20,10,10,10,12,11,19,20,19,14,14,19,15
16,16,10,20,11,10,10,13,18,18,11,10,20,15,17,11,11,15,19,13,14,13,17,17,10,14,16,18,10,13,18,16,10,17,16,12,13,13,13,10,11,19,18,10,17,10,14,13,10,15
15,15,14,16,10,14,19,11,10,15,15,12,14,11,16,18,20,19,14,11,17,10,19,18,16,15,11,17,17,11,19,12,13,12,15,20,11,10,16,18,14,19,13,15,15,16,15,20,10,18
14,19,13,13,16,11,18,20,20,10,14,15,18,19,11,12,13,15,19,19,10,17,15,19,18,16,19,16,13,15,18,14,20,17,11,15,14,15,17,16,15,20,15,10,11,17,11,12,13,13
10,12,15,20,15,15,16,13,14,20,11,13,16,14,18,20,14,12,15,20,12,12,10,14,11,12,13,12,13,18,12,10,13,18,19,13,19,19,19,12,10,17,11,16,20,18,16,10,12,13
14,12,15,10,16,20,10,15,17,13,17,13,19,14,17,10,20,16,13,16,16,14,10,12,13,15,13,19,12,19,11,17,14,15,14,18,18,20,14,19,14,20,18,17,14,15,19,15,19,18
12,17,19,16,19,18,12,17,19,18,17,19,13,13,16,18,10,11,20,16,18,17,17,13,19,16,11,17,17,13,13,19,17,11,12,11,10,19,15,16,12,16,10,17,18,12,19,12,17,10
11,11,10,13,15,18,14,15,14,18,11,15,16,17,15,16,17,16,17,17,17,15,17,14,14,20,14,14,18,13,10,12,16,20,20,13,13,13,14,20,14,11,17,18,18,18,20,19,10,13
16,16,14,12,15,12,14,14,20,16,19,19,15,14,18,12,11,13,19,14,17,17,20,15,18,14,16,14,14,14,17,19,16,12,15,11,11,14,14,17,15,14,19,11,11,17,14,19,14,19
13,16,20,20,18,19,16,18,13,15,15,20,18,19,12,10,19,13,11,20,15,16,13,10,12,12,18,14,20,11,20,19,12,18,14,20,14,10,15,10,10,19,19,11,17,17,10,15,18,16
15,19,13,15,12,16,18,10,15,15,14,13,12,11,11,19,10,14,11,15,17,15,12,18,11,14,12,15,19,17,11,17,17,16,12,17,19,19,13,20,10,16,19,15,16,17,10,17,18,17
17,11,15,18,16,10,12,13,11,12,11,14,20,17,20,10,16,15,13,17,11,11,10,13,20,11,14,13,18,13,19,19,10,10,10,15,19,18,17,19,16,13,16,13,19,13,13,15,19,17
13,19,11,17,15,18,18,19,17,12,12,16,19,18,14,10,10,10,17,17,19,16,19,19,12,20,10,19,18,10,19,15,15,15,12,10,15,14,19,10,14,19,17,14,10,17,18,14,12,16

The sequence dependent setup time of each job processed on machine 4.
(Where rows denote jobs: 1 to 50 and columns denote jobs: 0 to 50.For example:The value of Sijk is in row j,column i+1.)
17,18,20,13,18,15,15,12,13,13,20,12,19,19,18,19,11,11,10,20,16,16,17,16,14,10,10,13,20,10,17,15,16,11,12,20,14,11,14,11,12,11,11,12,18,18,13,12,10,11
14,20,16,10,19,14,10,13,14,10,18,19,13,13,20,11,15,11,18,13,12,16,12,13,14,20,16,19,16,11,12,19,20,10,11,13,17,12,13,18,18,11,16,18,14,17,18,19,12,14
17,16,18,13,17,16,20,18,12,16,11,10,15,15,11,19,19,20,15,12,17,17,17,14,20,12,20,15,16,13,16,15,17,13,17,12,15,14,16,13,18,10,14,13,12,11,13,14,12,16
19,10,13,17,14,10,16,10,16,13,14,18,17,20,12,11,16,14,13,12,10,17,19,11,14,17,11,10,15,17,11,17,20,13,14,12,18,16,15,13,20,11,16,10,17,20,10,20,12,17
12,14,10,12,15,13,18,19,10,18,16,16,16,13,11,15,10,19,15,13,13,12,13,18,19,14,19,14,13,11,18,15,17,17,20,15,20,17,11,13,14,16,10,17,15,16,14,19,14,11
17,19,10,10,10,10,12,19,16,14,18,20,18,10,10,10,16,15,11,20,19,10,14,10,10,18,19,19,14,17,20,11,19,17,20,20,13,13,13,12,15,20,10,14,20,17,14,20,17,18
13,13,11,19,15,14,19,10,10,10,13,13,19,19,13,15,14,14,17,17,16,18,12,15,17,15,18,16,13,19,12,10,19,20,10,15,18,14,17,13,17,18,15,19,17,14,15,11,10,19
20,14,12,11,13,17,12,16,18,18,12,16,10,17,13,15,20,10,15,19,17,16,19,16,16,10,15,16,13,12,20,18,20,19,18,18,12,20,19,11,16,20,19,20,16,13,13,13,11,20
18,10,19,17,15,11,18,19,11,18,18,19,12,17,19,20,17,18,12,13,18,12,19,16,11,11,17,20,20,14,18,14,17,18,11,10,20,16,13,20,19,19,20,17,20,19,16,15,13,12
15,10,15,13,10,12,10,19,16,20,10,15,17,19,12,13,11,19,10,11,16,13,13,11,11,20,17,19,15,13,11,13,14,12,18,12,18,19,14,15,20,13,18,14,13,11,16,18,10,17
18,13,18,18,12,19,20,13,17,13,10,14,10,11,12,10,12,12,15,12,12,13,14,13,15,18,14,11,15,16,16,14,11,14,16,15,18,16,19,10,11,13,17,12,16,11,16,18,15,19
13,10,16,16,13,20,19,10,14,18,14,13,18,16,17,20,14,17,10,19,16,14,17,19,13,11,10,13,18,15,12,16,10,19,10,19,17,10,16,19,15,12,18,17,10,16,15,20,17,10
20,12,20,14,20,12,10,13,12,11,20,10,11,15,17,19,14,17,14,19,15,13,15,15,20,18,15,16,15,19,11,15,16,16,17,10,18,12,18,11,17,18,13,14,18,20,15,17,11,18
12,10,12,11,13,14,19,14,20,15,19,11,14,12,14,13,17,18,19,15,10,14,20,10,15,20,14,14,19,12,10,12,14,17,12,10,20,10,19,10,15,20,11,12,20,12,13,10,19,19
14,18,20,15,18,18,19,18,15,20,17,19,15,16,12,13,20,12,13,17,10,13,17,13,15,11,14,19,15,20,11,15,20,13,17,16,20,13,13,12,20,15,18,11,20,18,16,14,14,12
18,16,15,18,19,11,19,11,14,17,19,10,18,19,17,20,14,11,14,16,16,14,15,20,13,11,15,14,20,19,14,20,12,16,13,11,20,19,11,10,20,13,14,15,17,15,13,14,10,19
19,10,20,11,12,12,15,12,16,13,10,10,15,19,16,14,17,19,17,10,19,14,10,20,17,12,20,12,10,13,17,16,17,19,14,12,14,12,15,18,18,11,14,15,20,19,16,15,14,19
16,12,13,17,15,18,11,16,14,15,13,10,12,15,14,17,10,10,19,14,16,11,11,18,16,10,16,14,18,13,10,14,11,15,19,20,20,17,11,18,10,16,18,18,17,10,10,19,16,18
12,19,17,17,10,18,12,20,18,15,15,14,19,20,11,17,15,19,12,11,14,10,18,15,16,17,13,16,18,17,17,16,11,18,11,11,15,10,20,18,13,11,16,14,16,12,13,10,18,12
14,12,11,16,17,14,13,20,19,10,20,11,17,20,11,13,13,13,18,16,15,10,17,15,11,15,13,11,16,19,14,14,11,13,13,13,16,20,12,10,17,17,10,14,18,18,16,20,19,11
20,13,18,16,19,10,16,10,20,16,18,13,11,12,19,20,18,14,10,10,10,16,11,18,10,16,20,16,11,16,20,13,19,12,20,12,17,11,10,16,19,13,12,12,11,14,13,10,10,17
17,20,17,16,10,14,16,16,16,17,15,17,11,16,12,19,11,14,18,17,16,16,16,20,15,10,11,10,13,19,19,18,19,20,18,13,20,14,14,14,20,19,19,10,11,14,14,20,11,14
17,13,17,12,11,11,15,14,10,13,19,15,15,18,16,13,13,15,11,16,11,13,14,20,18,18,12,16,17,20,15,13,10,19,11,17,15,14,17,10,15,11,11,20,18,18,11,20,20,17
18,16,13,16,20,18,12,13,10,16,11,17,20,16,14,20,12,19,18,10,10,17,14,15,19,13,10,16,10,11,20,11,12,10,12,13,20,19,15,18,16,10,12,18,12,19,10,10,14,18
10,14,11,10,17,11,15,16,14,19,14,16,20,14,12,15,17,11,18,16,20,13,14,17,13,19,13,18,13,12,13,15,20,13,19,12,15,18,18,17,10,19,15,12,19,17,16,18,12,20
10,13,16,14,12,10,17,18,19,14,10,19,18,12,16,20,18,19,13,18,14,11,17,18,15,16,10,20,14,18,12,14,14,10,17,14,12,13,11,18,18,10,18,19,10,10,19,12,16,14
16,19,14,11,16,15,18,14,15,12,20,20,11,19,20,15,12,10,19,13,16,11,15,10,13,11,20,14,20,14,18,15,12,13,15,13,18,17,19,19,10,16,18,11,16,11,16,15,15,17
11,14,17,16,10,10,16,14,10,10,11,12,14,13,17,16,14,17,17,20,15,17,17,10,20,13,11,19,20,16,11,15,17,16,20,19,18,14,12,11,13,17,20,16,17,16,13,15,14,15
15,18,20,11,18,13,15,18,18,18,12,19,17,13,19,17,19,12,10,16,13,13,11,15,20,16,15,12,10,14,18,17,11,10,11,14,11,20,15,14,15,14,10,18,13,17,17,17,10,10
19,11,11,12,13,12,18,16,17,18,20,10,11,19,19,13,17,15,15,18,20,17,10,15,18,17,11,19,18,14,17,11,18,15,20,11,19,18,11,16,14,15,18,14,16,19,16,14,10,20
12,10,18,12,20,20,15,19,15,13,10,20,19,19,11,18,10,13,20,19,18,13,13,18,18,11,10,14,17,18,16,19,11,20,13,16,14,14,12,11,15,17,17,19,17,15,10,15,11,15
19,18,17,12,18,12,11,16,12,20,17,19,16,10,10,16,17,16,20,15,18,15,18,15,11,11,18,20,20,18,17,16,14,18,20,10,18,17,17,12,11,20,17,12,15,20,10,11,15,17
12,20,19,14,11,13,18,18,20,12,18,17,16,14,17,13,11,13,17,20,18,18,12,11,10,16,18,10,17,10,11,17,18,13,16,13,12,20,12,16,13,16,16,10,17,11,11,10,11,11
10,20,20,13,10,12,20,11,12,18,16,10,11,18,12,12,17,16,10,16,11,19,19,17,10,15,15,20,16,10,17,12,20,16,13,13,18,17,17,20,10,16,16,15,20,10,11,17,11,18
16,11,18,17,20,20,18,14,11,15,13,15,19,14,12,11,20,10,15,18,19,16,20,13,18,14,14,10,20,20,20,13,17,17,20,13,15,11,10,19,10,10,10,20,14,15,20,12,19,19
20,11,18,15,14,15,13,15,20,14,14,16,12,12,18,12,18,19,14,16,19,14,14,10,18,14,19,12,16,17,19,15,15,16,15,18,16,13,14,15,18,17,11,20,14,13,20,17,10,13
17,16,11,18,12,17,10,20,14,16,10,10,10,18,10,17,11,12,13,12,20,18,10,19,10,20,10,12,16,13,13,11,16,18,11,16,11,13,12,10,19,14,12,19,14,15,18,15,10,16
19,19,11,14,20,17,16,17,12,10,20,14,17,14,17,15,18,16,10,16,20,15,15,11,12,15,10,10,16,19,10,16,11,20,14,14,11,10,20,13,16,15,13,15,20,19,20,10,11,16
17,10,19,10,12,18,15,19,14,13,10,14,13,18,13,17,20,15,13,10,15,20,15,15,16,14,17,10,11,14,15,19,17,10,16,20,14,11,20,16,17,13,20,20,18,18,13,12,10,10
20,11,16,12,18,10,17,16,20,19,20,11,17,12,15,11,15,18,14,13,11,13,15,11,16,19,19,10,15,17,14,15,11,10,11,14,16,18,12,19,12,14,19,11,18,12,16,18,12,17
19,15,12,11,19,15,11,18,17,10,11,17,18,10,13,16,20,12,12,14,17,15,15,20,18,18,11,12,18,15,16,15,18,20,10,10,12,16,20,16,16,20,13,12,13,15,18,13,11,18
20,13,16,11,16,16,16,20,11,17,15,13,13,20,12,19,14,18,19,18,20,10,15,18,18,20,16,16,14,11,13,13,14,10,19,16,17,19,12,18,20,16,13,18,12,15,18,14,19,15
11,10,17,11,13,14,20,10,16,19,10,18,20,14,19,14,11,10,16,12,13,15,11,14,13,15,17,11,19,20,16,19,20,18,10,14,19,12,11,19,17,13,12,17,14,18,10,18,13,18
12,17,20,17,16,11,16,10,12,15,13,17,14,14,10,14,10,18,12,12,16,20,16,15,10,12,11,14,14,10,16,13,18,20,10,19,20,14,11,20,14,20,15,16,20,17,15,19,16,14
12,13,10,15,14,10,17,20,18,12,19,18,11,20,12,19,16,13,18,11,16,10,18,14,16,13,19,18,12,12,19,18,14,20,14,20,17,11,17,11,15,16,10,11,20,12,15,17,10,17
18,11,14,10,18,18,12,15,10,10,12,15,15,16,18,17,15,14,13,12,15,20,20,16,19,14,16,20,20,16,12,12,12,18,11,15,20,15,20,14,16,10,15,10,19,15,14,11,13,16
10,20,15,16,16,17,13,10,15,10,17,16,12,15,16,13,12,11,18,14,14,17,17,12,12,15,19,12,16,10,18,10,10,12,10,19,10,14,10,13,20,20,16,19,10,10,10,16,20,14
18,12,13,16,10,17,11,17,17,19,15,16,15,15,13,19,13,13,15,12,17,15,18,20,16,20,12,12,20,10,13,11,12,19,17,10,15,13,10,12,18,15,17,12,18,12,14,20,14,19
16,17,16,16,10,10,17,20,15,15,12,13,16,13,15,20,15,19,15,12,19,19,12,10,20,17,14,18,13,18,19,18,14,12,17,15,13,18,15,19,10,16,14,20,10,13,16,13,19,19
19,17,16,17,15,12,16,11,14,15,14,20,16,20,11,20,16,15,12,14,17,19,17,16,16,13,15,12,14,19,15,18,16,13,20,19,14,16,17,14,11,18,15,14,13,16,16,19,20,16
11,12,18,13,20,14,12,16,12,17,16,10,14,16,16,20,15,17,14,12,20,11,19,16,11,15,18,16,18,12,12,18,16,18,17,13,18,17,16,19,12,20,12,10,13,11,12,10,19,10

The sequence dependent setup time of each job processed on machine 5.
(Where rows denote jobs: 1 to 50 and columns denote jobs: 0 to 50.For example:The value of Sijk is in row j,column i+1.)
17,11,11,15,15,20,16,19,12,18,10,17,14,11,10,10,10,14,15,20,12,18,13,14,20,18,14,17,20,13,16,10,18,10,20,17,17,16,16,16,15,17,17,13,12,19,18,13,13,17
15,14,10,19,14,13,15,19,12,16,13,12,17,12,20,15,17,10,16,15,19,17,11,17,18,17,16,13,14,20,15,19,10,15,11,12,13,10,12,19,15,19,13,18,11,20,14,15,10,19
17,20,12,16,12,18,10,16,15,13,15,20,14,14,13,19,20,18,19,13,20,20,20,19,18,16,20,18,15,20,13,16,11,17,17,19,19,16,14,14,13,10,19,13,18,13,10,17,18,12
20,15,17,12,13,10,14,17,19,15,15,17,10,12,18,16,13,10,18,15,19,19,16,11,15,17,19,17,17,11,11,11,20,15,19,16,19,14,15,19,14,12,13,11,15,15,10,10,12,12
10,19,10,11,13,20,11,19,11,11,14,10,15,17,20,16,20,15,12,12,15,17,20,19,20,18,16,13,15,19,10,20,12,10,18,14,13,10,16,20,20,12,10,12,15,14,17,19,14,14
20,16,14,11,18,16,11,12,19,15,20,14,19,19,12,11,13,15,13,20,14,14,12,11,10,11,15,13,14,14,11,13,19,16,19,17,14,20,12,20,15,11,10,12,18,13,18,14,12,19
16,15,10,17,20,20,15,17,14,11,19,12,10,11,20,18,11,14,19,13,18,18,10,20,15,14,12,12,16,16,15,18,15,16,16,12,15,20,19,10,12,10,16,16,10,15,15,12,16,18
12,20,16,20,18,15,13,10,13,14,11,16,10,15,14,11,14,17,18,18,14,13,15,18,19,12,18,10,11,16,20,10,20,10,18,11,11,14,12,11,20,11,20,11,11,15,15,12,20,17
14,18,14,13,18,15,10,19,14,20,17,15,14,15,13,16,16,10,12,10,19,16,17,12,10,14,20,16,10,18,19,19,13,10,14,16,16,14,10,19,19,12,18,15,10,13,13,11,13,19
13,19,17,20,18,17,16,17,12,17,20,16,10,19,18,14,12,16,20,18,18,17,13,17,19,12,19,15,12,18,10,15,15,20,17,12,14,20,20,18,20,16,19,16,10,14,15,12,12,18
19,11,12,16,16,20,19,13,12,19,12,10,15,16,15,11,10,11,19,15,17,17,14,12,17,10,13,12,15,16,17,19,18,18,16,20,10,16,15,18,13,17,13,17,14,14,19,10,18,18
12,19,18,19,16,15,10,20,13,16,14,14,11,20,12,11,13,11,20,11,11,13,15,15,17,14,14,12,14,20,16,13,11,17,10,13,20,17,12,13,13,16,10,17,18,15,14,18,18,10
15,19,20,17,14,16,14,11,10,16,14,15,11,12,20,20,11,16,11,19,15,16,13,17,11,15,14,12,10,14,11,15,15,13,11,16,20,12,10,13,19,20,13,13,16,20,19,13,19,20
18,16,12,10,10,14,14,10,10,16,10,14,14,10,13,17,14,12,16,16,12,19,17,10,17,12,13,14,15,15,10,13,19,15,13,20,13,13,17,14,17,14,16,19,15,13,14,17,19,18
17,13,13,15,10,15,17,20,16,15,11,15,15,13,11,10,20,11,13,14,14,19,17,17,15,13,20,12,12,11,10,19,10,10,20,16,11,19,16,12,17,17,18,11,18,15,13,18,13,12
20,14,16,12,17,19,11,13,20,18,15,10,12,19,17,15,16,10,11,20,12,18,16,13,10,15,16,18,20,15,13,15,17,13,13,15,14,11,20,14,10,19,20,16,14,12,18,12,18,11
13,16,11,10,14,14,14,18,12,18,16,20,18,10,11,14,14,16,12,14,18,14,19,14,14,10,16,13,17,11,17,18,10,14,20,18,14,10,13,17,11,14,17,14,11,14,16,15,16,20
13,13,13,15,14,19,15,10,18,18,14,12,13,20,12,17,13,11,19,15,10,17,13,14,20,17,10,11,13,17,13,16,12,14,15,10,20,12,12,10,11,20,14,12,19,16,17,12,12,16
13,10,17,16,10,20,19,20,20,16,12,15,12,10,10,11,14,18,16,17,19,10,15,18,12,10,10,10,11,13,18,10,10,10,13,18,16,15,15,16,17,12,16,12,13,14,10,20,17,16
10,16,14,17,11,19,13,18,12,20,14,16,18,16,19,18,10,16,13,15,17,18,17,11,19,11,13,11,16,10,14,18,18,15,13,18,17,15,13,18,17,18,10,13,15,15,12,19,18,20
14,10,19,14,13,10,14,14,11,11,13,10,17,17,14,17,15,19,13,13,20,14,12,17,18,11,12,20,15,14,14,15,19,19,15,11,16,16,19,11,18,19,16,19,15,12,13,11,13,11
20,12,12,12,16,11,13,12,12,15,10,15,20,11,17,18,11,20,10,15,12,14,14,11,11,13,18,14,16,20,20,14,16,14,14,16,12,20,20,13,19,15,15,17,13,17,14,12,20,10
11,11,20,20,13,11,10,20,12,13,12,20,16,12,10,14,11,20,18,14,10,10,16,16,13,18,15,17,10,11,16,19,12,19,16,14,10,16,15,19,12,16,16,14,20,15,11,20,20,12
18,10,19,18,15,14,19,18,16,19,11,15,13,19,10,10,17,14,15,16,15,20,16,13,19,14,11,15,16,16,13,20,10,16,11,11,19,11,15,16,19,14,10,18,19,18,19,19,20,14
14,14,15,12,18,14,13,11,15,10,10,14,15,17,12,12,14,16,16,14,14,13,19,13,14,12,12,18,15,18,20,16,13,12,12,18,11,19,14,16,18,14,11,12,17,11,18,19,20,16
19,10,19,19,10,15,17,12,11,11,19,15,16,15,14,10,20,11,14,16,17,20,17,13,12,16,16,14,14,16,11,15,10,11,17,10,14,20,19,19,13,15,10,17,18,19,19,14,16,17
20,16,11,19,20,13,20,19,16,13,14,13,10,14,20,14,17,16,10,12,14,15,13,11,10,16,10,16,15,10,12,16,12,20,17,19,12,20,14,14,12,17,16,10,19,18,13,17,11,15
16,18,13,15,19,17,16,18,15,14,11,14,17,12,20,11,16,13,14,15,19,16,12,19,10,12,18,16,20,16,20,12,11,12,12,15,20,15,17,18,12,20,20,11,14,13,12,18,20,14
11,20,13,12,18,16,13,16,11,18,17,17,13,19,11,11,12,11,11,11,14,13,15,19,19,14,17,12,17,20,10,15,12,11,15,15,16,11,16,17,20,15,13,17,18,20,18,13,17,20
10,13,17,18,14,10,18,13,20,11,11,20,20,14,11,13,16,20,15,12,10,16,15,14,14,17,18,10,15,18,19,19,13,18,17,13,19,13,20,11,18,18,17,11,18,19,16,11,16,16
13,12,16,17,18,16,18,20,15,12,15,17,10,20,16,19,20,18,15,16,20,11,11,14,11,13,11,17,20,11,11,19,20,19,10,14,15,17,15,19,13,16,18,18,14,11,10,15,13,13
15,13,18,18,19,14,17,19,20,18,15,11,15,12,16,17,15,15,15,19,19,14,20,17,16,16,10,13,15,18,15,15,19,14,15,13,10,14,18,18,10,18,20,14,10,20,13,14,19,18
10,13,16,16,16,17,13,15,20,10,12,11,16,16,13,11,13,11,17,13,14,20,12,17,17,14,13,17,17,16,12,14,20,16,14,12,16,16,15,13,17,13,11,18,11,19,17,11,13,19
14,17,18,19,12,15,13,18,13,18,14,14,14,14,17,10,10,16,15,17,11,14,20,19,12,20,20,20,17,16,19,20,17,18,14,12,13,10,15,19,17,19,14,11,16,14,18,19,15,19
14,19,12,16,18,15,14,18,15,10,12,20,18,20,18,12,16,14,13,14,18,11,19,20,10,13,15,16,20,15,14,19,19,14,17,17,14,12,16,16,19,19,15,10,16,13,18,14,11,14
12,13,11,14,15,15,11,11,18,19,16,11,17,16,18,15,16,12,15,19,18,14,14,16,11,19,10,10,12,10,11,14,11,16,10,17,18,13,12,12,14,20,11,20,18,19,19,18,19,11
11,11,15,11,16,11,20,20,19,14,19,13,12,15,16,14,16,16,16,17,13,10,17,14,11,10,11,19,13,13,12,15,14,17,19,15,19,18,11,10,10,12,18,10,18,11,16,17,20,14
14,20,18,19,20,10,11,20,18,19,18,13,14,10,13,14,13,15,10,11,11,17,10,19,10,15,14,14,11,12,15,12,15,13,17,17,11,16,16,19,11,12,19,10,11,14,14,16,18,17
18,13,10,10,13,16,14,11,15,17,13,20,11,20,20,11,19,10,17,14,11,19,13,11,10,16,12,18,12,15,15,16,12,17,16,14,16,13,15,18,20,12,11,16,18,15,18,16,20,16
11,18,13,19,10,11,19,10,11,19,17,16,20,12,11,12,12,10,18,12,15,10,12,20,12,10,10,14,15,19,18,17,12,16,18,19,12,19,14,16,12,12,17,14,19,17,19,17,13,16
13,14,16,14,15,16,11,19,10,10,11,12,14,10,16,18,17,15,19,14,15,13,12,14,17,11,17,11,10,19,14,12,16,17,19,20,17,12,10,20,13,18,11,20,20,13,18,12,20,17
20,18,13,13,20,11,13,15,12,18,20,15,15,16,15,14,20,19,11,17,13,18,19,15,10,20,18,12,12,12,20,12,13,19,18,18,15,12,19,18,18,19,12,14,18,16,10,19,10,18
20,15,13,12,17,20,17,15,18,20,12,12,18,15,13,16,14,18,18,16,19,11,14,10,14,10,17,13,17,14,20,17,13,19,11,17,13,11,12,13,20,19,18,18,13,18,17,11,15,11
15,10,15,18,17,20,13,14,18,10,12,16,15,11,12,11,18,18,11,13,15,10,11,11,18,16,10,19,18,17,18,13,19,20,17,15,18,18,13,14,18,11,14,13,18,19,12,12,13,12
16,20,16,14,11,18,15,14,18,17,17,19,20,16,11,11,18,17,12,11,15,20,13,12,12,13,16,18,13,16,20,11,11,13,19,17,16,19,11,16,13,11,16,19,12,12,11,16,14,14
17,15,14,11,19,12,16,20,11,20,10,17,19,14,12,14,16,14,17,13,16,19,13,20,20,14,10,10,10,17,20,18,14,13,19,10,11,12,16,18,18,10,15,19,17,15,19,18,16,10
11,12,20,12,11,13,11,14,17,15,13,17,10,14,18,20,13,18,13,19,20,10,14,14,12,17,10,16,15,13,16,19,13,14,20,17,20,19,11,17,17,10,10,14,12,20,15,12,11,13
15,17,19,19,19,17,12,19,16,16,18,14,16,12,12,13,15,19,20,12,19,14,10,10,13,15,17,12,10,13,19,14,17,13,14,11,17,16,19,20,19,15,13,18,10,18,18,13,20,10
19,18,10,18,10,11,18,16,17,10,12,17,16,18,17,13,17,11,11,18,15,19,14,20,12,18,11,16,14,14,12,10,14,18,14,19,19,10,10,13,16,10,14,15,19,15,13,12,17,18
16,15,17,10,19,19,15,10,10,10,11,15,17,19,20,18,13,10,14,11,11,11,20,16,12,15,14,15,16,17,13,11,11,13,16,14,19,17,20,18,13,16,10,16,13,16,13,11,10,13
14,15,19,10,16,20,19,18,19,12,20,20,15,11,15,15,15,17,15,13,14,18,10,10,12,19,14,17,16,11,16,19,19,13,15,14,15,13,14,19,10,11,13,12,12,13,11,18,19,10

The sequence dependent setup time of each job processed on machine 6.
(Where rows denote jobs: 1 to 50 and columns denote jobs: 0 to 50.For example:The value of Sijk is in row j,column i+1.)
14,20,11,15,19,15,14,15,16,10,10,10,19,19,18,19,14,14,18,16,15,11,16,15,11,13,18,12,19,12,19,16,19,11,10,20,10,20,17,17,20,16,13,19,19,11,16,12,12,10
11,19,12,14,15,12,17,11,20,18,13,20,20,16,18,10,13,11,19,16,20,19,12,11,10,19,16,19,12,20,19,16,19,16,18,13,17,19,14,13,10,14,11,15,11,10,15,16,16,18
20,16,10,12,15,19,15,16,12,15,17,13,17,12,11,17,13,17,20,14,10,17,16,16,11,11,10,18,10,14,19,12,18,11,15,13,19,12,11,18,20,18,12,18,10,15,18,13,19,20
12,14,19,10,16,11,17,13,10,19,10,14,16,13,16,12,12,18,16,19,18,20,20,11,10,17,18,13,18,16,13,20,12,19,11,12,16,20,20,12,13,17,16,16,10,13,15,20,11,18
12,16,15,19,20,10,10,11,10,13,17,13,15,17,10,13,13,12,17,15,18,20,17,18,12,15,10,15,12,16,19,15,10,15,20,11,20,15,12,13,18,19,17,13,13,12,17,19,17,11
16,11,11,14,10,12,20,16,17,11,12,10,17,11,11,20,16,17,16,19,14,14,20,16,11,15,12,11,13,14,19,12,14,10,17,18,16,18,17,12,17,15,10,18,10,20,19,13,18,13
17,19,17,19,13,19,11,11,17,16,10,11,11,13,19,12,15,13,11,15,19,11,14,14,10,18,19,10,17,17,20,17,11,10,11,19,15,13,17,17,14,20,13,17,16,20,10,11,20,20
11,18,17,13,20,16,16,17,17,16,20,10,17,15,17,19,14,14,19,18,12,15,14,12,20,15,11,18,15,13,13,12,18,13,10,10,18,11,18,16,13,14,10,18,11,15,18,19,17,13
10,12,16,11,10,19,18,10,16,20,17,14,10,10,19,13,14,19,11,18,13,16,12,14,10,15,11,16,16,11,10,14,13,15,15,20,12,12,16,11,17,15,17,18,17,14,18,13,10,14
14,19,19,19,15,14,15,15,20,16,13,20,14,20,14,10,12,16,10,12,19,17,14,11,19,14,20,17,10,18,12,10,16,18,12,14,11,19,11,10,19,14,15,13,13,10,12,12,11,16
15,10,14,11,10,13,12,12,12,15,20,12,15,12,17,10,19,18,10,16,19,20,11,10,14,11,20,18,15,11,19,14,14,13,20,18,14,13,14,15,16,17,11,20,11,14,15,14,15,18
10,11,11,16,20,19,11,10,12,16,20,15,14,18,17,17,17,12,12,14,13,19,19,15,14,16,19,20,11,19,16,12,12,20,19,20,17,17,10,20,18,13,18,10,15,12,18,13,10,19
19,18,18,16,12,11,16,16,19,10,12,15,15,19,10,17,20,17,10,20,15,12,14,17,11,20,20,18,15,16,12,20,19,14,14,19,10,20,15,10,17,17,17,12,18,11,11,15,17,16
17,10,13,12,16,20,10,18,20,16,12,16,12,18,12,18,17,17,14,15,18,11,12,13,12,17,12,12,11,12,10,10,18,18,12,18,19,19,16,19,19,13,12,19,13,20,10,20,19,16
14,14,18,12,14,10,16,20,10,10,18,15,14,16,17,18,14,14,14,19,19,18,17,18,16,17,16,15,13,15,11,14,12,13,14,17,14,10,13,19,13,15,12,16,19,20,13,19,13,20
19,19,20,20,19,16,10,12,11,17,16,10,12,10,11,16,16,12,19,16,11,10,13,18,11,10,10,16,19,10,19,19,18,20,18,11,13,16,17,16,17,11,20,18,11,11,13,17,12,16
14,12,11,14,15,19,14,19,12,12,10,15,14,11,18,13,16,17,17,14,14,11,18,12,12,16,19,10,19,15,11,14,16,18,18,16,16,10,13,18,20,19,18,18,13,19,10,14,15,12
12,20,14,19,16,19,12,12,16,15,16,12,13,15,18,16,15,14,13,18,18,10,12,12,20,13,18,19,18,13,17,10,16,11,15,20,17,18,10,10,15,15,16,10,15,13,18,15,12,11
11,16,18,14,10,16,11,10,11,18,17,20,12,14,16,17,15,11,20,18,12,20,12,15,11,16,17,11,19,19,17,14,13,10,17,19,11,15,16,17,15,12,17,18,18,13,16,11,18,11
13,15,19,12,18,17,14,14,15,10,13,13,17,10,18,13,19,11,12,14,12,13,17,16,14,12,11,15,20,13,17,20,16,12,12,16,18,16,13,16,13,10,20,14,16,20,13,15,14,12
12,16,20,20,15,14,15,10,11,16,16,17,14,14,12,17,16,12,17,17,12,14,11,19,13,15,20,12,10,18,17,20,20,13,17,12,11,19,13,14,17,17,17,11,17,17,12,18,11,18
16,19,10,15,11,12,12,18,17,19,16,17,19,19,13,16,16,15,11,14,16,12,19,12,15,20,19,15,12,10,20,12,13,15,17,20,12,16,14,20,14,19,16,15,19,17,11,17,13,13
14,11,12,15,12,19,16,13,20,16,17,15,10,10,19,11,14,11,15,18,17,19,18,16,20,10,10,17,15,12,20,10,18,16,20,10,14,13,17,10,19,20,11,20,16,17,15,19,17,11
17,12,17,12,14,13,14,18,18,11,14,20,10,11,20,10,14,10,15,15,12,14,11,14,12,11,13,18,17,10,10,10,10,11,19,11,19,11,17,16,15,11,12,20,11,15,16,13,18,15
14,12,12,19,19,19,17,13,16,19,17,17,17,19,13,20,17,16,18,12,17,12,13,10,13,15,20,16,16,14,17,12,20,19,16,20,16,14,16,15,20,16,19,18,14,15,19,14,11,12
12,12,11,15,11,10,17,17,19,15,19,11,14,10,14,16,14,15,13,11,14,18,14,18,19,19,16,13,13,15,10,12,14,18,16,17,18,11,17,13,15,18,12,16,15,15,18,11,14,13
16,19,19,11,15,18,20,10,14,16,16,16,15,16,20,15,12,19,14,14,17,12,11,16,19,20,19,17,18,12,14,15,14,10,19,16,15,19,18,19,18,11,14,18,10,10,18,15,15,18
10,17,17,20,20,20,17,13,14,16,11,12,19,20,15,15,15,16,18,16,16,17,11,20,15,18,11,17,10,12,20,17,10,10,15,10,13,20,13,11,10,17,11,16,19,11,17,12,14,15
15,13,18,14,17,20,17,14,13,19,14,14,12,13,17,10,18,10,10,15,20,14,12,19,19,14,12,11,11,13,17,16,20,15,12,15,12,11,20,12,15,19,16,20,15,19,10,14,19,10
11,18,10,10,19,16,11,13,16,19,10,15,13,17,16,11,14,15,14,16,18,20,15,18,16,18,14,13,15,18,15,18,16,15,18,10,18,15,16,11,11,13,14,15,20,15,19,19,18,11
17,10,15,15,14,11,17,16,15,19,18,16,17,10,12,19,20,19,10,10,13,18,18,17,16,13,12,13,16,13,18,19,15,14,18,13,17,17,19,19,18,13,19,20,10,17,16,15,10,16
19,10,19,10,15,17,12,14,15,12,18,17,18,12,12,10,13,13,13,10,14,13,18,11,17,18,15,15,10,12,15,20,13,18,19,16,13,15,14,19,17,17,17,13,10,12,16,17,13,11
16,12,20,20,16,11,10,16,14,11,12,18,16,19,20,18,13,18,18,12,18,11,20,10,19,16,17,14,16,20,14,17,17,16,18,11,20,18,10,18,12,12,13,10,16,17,18,15,19,15
13,16,17,20,19,19,10,17,20,13,13,10,10,13,15,18,20,15,15,16,20,14,15,13,14,14,12,12,19,20,17,10,12,16,20,11,16,20,18,14,17,12,16,18,12,15,16,13,20,10
12,18,16,14,12,19,16,11,14,12,11,16,20,20,18,13,19,12,19,17,13,20,15,17,12,17,18,20,12,17,20,12,15,12,13,14,10,10,11,12,16,18,13,16,14,12,16,11,16,10
11,14,12,18,14,18,15,18,17,19,17,13,13,10,20,19,17,10,17,13,11,15,15,17,11,11,16,15,11,15,10,10,19,20,20,20,11,11,12,14,14,11,19,18,13,10,16,15,17,17
12,12,15,11,13,11,15,12,13,16,19,18,12,20,11,20,20,12,17,14,17,20,18,15,16,16,13,11,17,16,10,18,11,14,13,19,20,12,15,15,12,20,12,15,12,18,20,13,14,19
10,14,19,12,10,13,16,10,15,20,15,19,13,11,18,19,20,13,13,15,18,14,11,10,15,13,10,19,15,15,13,14,10,10,18,15,14,16,15,20,15,19,19,11,13,16,14,16,16,10
12,15,20,13,12,18,10,12,17,11,19,17,18,12,14,17,12,13,14,18,17,12,15,15,18,12,14,16,16,11,12,13,15,20,14,16,13,20,15,11,10,11,10,11,10,12,11,18,13,17
10,15,16,11,15,19,16,19,14,18,14,18,13,17,10,11,16,19,13,20,16,13,10,15,16,15,18,13,15,15,11,15,11,19,13,16,10,20,19,13,17,12,19,13,14,20,10,15,12,15
17,10,13,17,11,15,15,17,18,16,10,12,10,17,15,14,18,10,11,10,12,19,11,17,12,13,10,18,12,20,11,12,14,16,19,18,10,16,13,14,20,12,17,20,13,19,16,15,18,15
12,15,13,16,17,19,13,17,17,11,18,13,12,18,14,18,19,13,12,14,16,19,15,17,15,13,11,13,14,11,20,20,11,18,17,19,11,10,19,12,11,11,15,15,12,16,12,15,15,13
10,14,13,12,10,18,18,19,19,17,10,15,10,12,12,15,13,14,19,20,15,18,12,17,12,13,13,16,18,17,12,18,12,18,14,16,13,20,19,17,15,15,15,18,10,10,10,17,19,10
13,17,16,20,13,20,19,15,17,15,20,15,17,10,18,12,14,20,17,12,11,16,15,10,16,13,16,15,19,13,16,11,17,15,19,15,15,11,15,14,20,12,20,15,12,13,14,10,20,17
13,10,13,17,15,10,14,15,20,16,17,11,10,17,18,12,16,19,13,14,18,14,13,18,19,13,16,17,13,11,10,16,16,14,15,20,18,19,18,20,20,20,16,13,16,10,14,20,12,18
11,20,12,13,11,20,18,11,18,16,20,19,13,10,13,15,11,10,14,13,16,12,10,19,10,18,13,14,17,10,10,10,11,12,18,14,15,16,14,16,14,11,11,16,12,20,16,11,20,11
10,13,20,11,15,20,14,15,18,20,13,18,13,17,11,12,19,17,20,14,11,19,14,13,13,13,15,11,14,18,16,20,15,11,11,16,10,18,15,17,11,13,10,19,10,12,12,20,16,18
15,20,10,12,16,11,10,10,13,15,12,12,17,20,15,20,20,19,19,14,11,20,13,20,17,18,18,17,14,11,19,15,20,10,18,10,11,18,11,12,11,10,11,15,18,10,17,20,11,12
18,10,15,10,12,19,10,19,15,20,12,14,17,12,13,15,17,14,14,16,18,14,17,14,13,11,20,15,13,16,17,15,10,14,17,14,11,18,16,12,13,12,17,17,20,19,11,10,16,12
20,19,20,12,14,19,12,17,20,14,11,20,15,14,19,18,18,20,12,13,16,20,10,18,19,14,12,16,13,10,17,15,20,14,18,12,17,11,20,20,13,20,18,17,16,13,11,17,15,15
19,17,15,20,18,19,12,12,15,13,14,17,14,10,13,19,20,19,11,14,20,10,10,17,19,17,15,10,15,19,17,10,15,17,18,14,13,10,15,18,17,15,11,18,19,11,18,16,18,14

The sequence dependent setup time of each job processed on machine 7.
(Where rows denote jobs: 1 to 50 and columns denote jobs: 0 to 50.For example:The value of Sijk is in row j,column i+1.)
14,12,13,17,17,15,19,15,19,16,13,14,20,13,17,17,18,11,10,12,18,10,17,12,14,20,15,15,13,19,17,13,20,19,10,17,19,18,18,17,13,17,17,20,18,11,15,17,14,15
13,11,15,10,15,11,17,10,12,16,13,11,12,10,12,18,15,12,18,11,10,19,17,20,14,19,11,15,19,17,20,10,15,11,19,18,13,14,10,13,18,15,14,19,13,15,18,10,14,16
19,19,16,19,14,17,16,13,12,13,18,19,11,20,15,18,12,20,17,16,17,14,19,20,18,15,14,15,15,10,14,17,18,15,15,14,17,16,20,16,15,15,11,19,14,11,14,19,12,10
14,18,10,20,13,19,17,11,12,18,17,19,19,19,18,16,13,18,15,18,14,18,10,20,16,12,12,13,11,15,13,19,18,12,11,11,20,13,20,20,19,15,18,13,14,10,17,13,17,17
12,16,15,14,20,16,19,13,18,12,18,12,11,19,10,20,10,20,10,11,19,11,15,16,12,14,18,20,16,13,19,12,11,13,18,19,17,18,12,10,12,20,20,13,18,15,10,17,14,10
17,13,17,11,10,17,16,12,11,17,20,16,14,19,10,12,17,12,15,13,16,14,10,14,13,16,10,11,12,15,18,16,16,18,17,18,19,19,17,17,14,17,13,11,13,19,11,14,14,10
11,10,13,14,12,11,12,10,11,15,13,13,17,11,15,20,10,15,11,13,15,19,10,15,18,17,20,10,16,18,18,14,11,15,13,19,18,13,12,18,13,18,19,20,10,14,20,19,12,19
12,10,13,19,13,10,12,19,15,16,20,14,17,17,18,15,16,20,13,14,20,10,19,12,14,19,10,19,15,20,13,14,14,13,10,16,11,15,18,12,17,11,16,19,12,18,13,17,16,14
15,15,11,16,16,17,20,10,13,11,12,10,15,14,20,19,13,20,16,18,20,17,11,20,13,12,18,12,19,20,11,14,16,16,12,17,13,16,20,12,12,11,18,13,12,20,11,15,17,11
19,20,20,13,16,16,20,20,17,14,15,13,11,19,19,17,17,17,17,12,17,15,20,18,12,19,17,15,14,12,14,15,10,12,15,11,17,17,14,11,17,20,10,17,11,16,12,16,13,10
19,15,19,16,14,15,20,19,15,13,10,17,14,18,16,20,12,16,10,15,14,12,10,20,20,20,12,11,15,18,16,17,17,18,13,11,20,12,11,13,10,13,14,12,11,15,20,12,16,11
14,15,11,10,15,17,17,15,17,19,17,12,17,11,10,16,18,15,10,18,15,13,17,10,13,17,18,10,11,15,15,15,15,20,13,16,13,11,15,18,19,14,17,14,11,15,18,17,19,20
20,14,17,12,15,10,13,12,13,12,12,20,14,20,19,10,10,13,15,18,10,18,13,15,14,13,16,18,16,13,16,12,18,14,19,17,15,20,15,18,15,20,12,11,19,19,20,14,14,17
10,18,14,14,18,16,14,19,15,16,13,11,17,16,12,11,20,20,20,11,14,11,17,20,13,14,18,15,17,12,15,20,17,16,16,11,19,12,13,14,19,16,11,18,11,17,17,10,12,20
18,12,16,10,16,16,16,11,13,10,12,18,18,17,12,20,10,12,16,11,19,20,11,18,10,17,12,11,15,12,19,15,14,13,14,10,20,11,17,11,13,17,18,16,10,10,19,20,10,19
17,17,10,17,17,14,10,13,19,17,17,15,15,17,18,20,13,14,13,11,16,16,19,10,17,14,17,18,11,10,18,11,14,12,12,15,15,17,16,12,18,17,16,10,10,13,20,16,15,18
13,16,16,11,15,14,15,10,12,19,10,19,19,18,15,12,15,18,19,19,15,16,15,19,12,18,10,19,12,14,12,10,11,18,13,14,16,16,14,18,11,19,13,13,12,18,20,17,10,17
14,10,11,20,20,19,14,20,10,20,16,11,19,17,16,15,12,10,18,12,10,20,15,18,10,20,12,20,13,18,13,12,13,16,18,12,18,19,17,17,17,17,20,17,11,19,14,13,13,19
19,18,12,19,19,14,14,20,18,15,18,20,14,12,14,17,20,12,13,20,10,15,12,13,11,17,19,17,15,14,13,10,18,18,20,18,10,19,20,19,11,16,17,15,15,19,15,14,14,16
17,12,15,18,13,11,16,10,19,10,12,15,16,15,13,13,19,17,16,16,14,11,11,19,12,14,17,20,17,17,20,17,12,10,13,16,12,11,18,17,10,11,17,13,14,10,20,16,20,10
18,13,10,15,12,16,17,15,14,18,13,11,10,12,19,10,14,16,13,10,14,18,10,16,13,16,11,18,19,14,13,13,19,12,20,15,17,15,20,11,10,17,19,16,10,13,13,17,15,14
11,15,10,15,16,12,11,18,16,16,11,15,13,10,10,11,11,17,19,14,20,10,11,11,18,10,12,14,13,10,19,10,16,17,16,14,10,17,13,14,12,16,11,16,15,18,15,10,10,19
18,13,16,17,14,15,14,15,19,20,12,10,20,18,20,17,20,15,14,15,16,16,13,10,17,20,18,15,12,14,18,15,10,15,18,17,10,14,17,19,10,10,17,16,20,10,19,15,13,11
16,20,18,15,17,18,17,17,10,10,13,16,16,12,11,14,12,19,16,14,17,15,17,10,18,13,14,11,15,16,20,10,18,19,13,18,19,20,19,10,13,18,15,13,16,12,20,20,12,18
14,12,18,10,17,17,19,13,18,19,17,15,18,19,18,14,20,15,14,19,14,14,13,18,19,14,16,10,17,15,10,13,19,12,11,11,16,20,15,14,13,18,13,11,15,10,12,18,14,10
20,15,17,10,20,18,10,11,12,20,13,15,10,13,16,16,10,12,20,16,15,12,20,16,13,20,15,13,10,10,19,10,13,19,11,18,14,20,14,19,20,11,20,14,17,14,10,18,14,12
16,13,17,15,11,10,18,19,14,20,20,20,14,19,19,20,19,16,13,11,11,13,20,17,10,18,15,17,17,15,15,13,10,18,15,14,14,20,10,12,20,19,18,16,19,18,13,14,15,11
14,14,20,12,12,12,19,13,12,12,12,19,19,19,18,13,18,14,16,18,19,13,17,12,16,19,15,20,20,12,10,11,20,18,16,12,13,12,12,20,10,14,18,12,12,19,12,15,19,19
15,11,13,12,20,14,16,19,17,20,16,10,20,19,15,14,14,16,13,14,15,19,19,20,13,15,17,13,15,20,17,13,10,12,11,13,12,12,15,14,16,13,16,19,14,19,18,13,11,15
19,10,13,20,15,12,10,12,15,12,11,10,18,13,20,20,15,20,10,14,11,13,20,19,14,12,17,18,12,20,20,10,20,17,20,12,12,12,13,19,14,10,17,17,17,18,14,11,14,11
19,14,15,15,12,11,18,11,19,17,20,10,17,16,17,14,17,10,18,17,14,17,19,12,20,18,12,10,18,15,20,10,16,15,16,20,11,17,13,19,19,17,16,15,15,17,15,18,17,14
12,19,17,15,18,14,18,20,20,18,13,11,19,13,15,16,19,19,15,16,18,20,13,19,15,16,13,10,19,17,15,15,11,10,17,10,14,13,10,14,14,18,11,17,20,11,20,12,14,14
14,17,18,19,10,13,17,15,14,13,17,16,10,17,14,13,17,12,11,16,13,15,17,16,18,19,12,10,16,19,12,14,18,12,19,16,13,12,16,20,18,16,16,16,13,12,19,15,14,18
10,10,15,17,15,13,11,18,13,11,19,19,12,11,16,19,20,17,19,19,18,15,17,20,14,15,20,12,13,20,18,14,18,18,19,10,10,18,17,18,18,20,11,14,14,13,15,19,17,18
10,14,19,11,19,19,14,18,10,15,20,18,11,20,20,18,17,12,16,11,18,11,12,10,14,14,18,15,20,10,18,20,14,15,18,17,12,15,20,16,13,18,20,16,18,15,17,19,15,17
18,16,13,19,20,20,19,18,18,14,19,15,19,18,20,15,11,19,10,13,10,12,10,18,11,12,12,10,20,10,19,14,18,13,19,11,17,12,14,16,11,15,20,11,10,20,14,18,20,10
10,12,17,15,17,17,12,15,10,12,20,12,20,14,13,17,12,15,19,18,12,18,18,11,16,11,15,16,12,16,18,20,20,11,16,18,16,17,17,13,17,17,19,11,16,18,16,11,11,15
11,12,15,20,12,19,18,18,10,17,14,18,17,20,13,19,18,19,13,13,20,10,13,10,19,12,20,14,11,18,16,15,13,16,15,10,10,20,12,11,13,14,19,15,17,12,11,20,13,11
19,10,15,13,19,10,13,18,18,19,15,11,18,11,11,13,13,15,20,16,17,11,13,11,18,18,17,15,10,11,10,18,12,19,10,11,10,13,15,15,12,13,20,15,10,20,11,11,14,19
11,11,16,10,11,20,15,10,11,10,19,20,12,19,13,12,18,12,18,18,16,15,15,18,16,14,15,14,17,19,13,18,13,16,10,19,10,19,14,13,13,17,20,10,19,19,15,19,14,16
20,13,10,14,18,18,10,12,11,19,10,15,17,12,12,19,13,14,17,15,16,18,13,12,15,10,20,11,19,18,15,15,18,13,16,18,18,18,12,16,17,11,12,10,17,12,15,12,11,12
16,17,18,15,12,15,20,18,18,19,18,10,18,14,19,16,15,17,13,15,16,18,14,17,12,15,11,14,11,12,13,18,17,12,14,13,11,12,11,17,16,18,17,19,10,10,14,20,15,20
16,13,12,12,15,11,16,13,15,18,16,14,10,19,16,18,19,16,14,16,18,16,19,11,16,18,10,17,18,19,19,20,11,14,18,18,13,16,10,10,12,10,13,13,17,13,15,14,18,19
14,19,10,20,13,17,16,12,17,14,13,12,19,19,10,18,20,16,16,12,20,13,17,18,14,14,12,13,15,16,17,11,13,15,20,15,17,10,19,13,17,11,17,12,12,12,16,12,15,13
17,11,12,10,15,17,17,12,20,14,13,11,15,16,10,10,19,11,20,13,18,15,12,10,11,10,13,11,14,13,19,15,17,20,14,12,19,15,13,12,10,12,16,13,20,16,13,17,19,20
16,15,16,15,13,12,17,15,20,16,15,14,17,18,11,15,10,20,18,10,14,10,14,15,20,14,13,19,20,20,16,15,17,12,12,18,19,13,19,10,10,18,10,15,17,17,12,10,11,18
14,13,12,11,11,10,20,20,14,12,16,14,18,18,20,15,20,14,11,15,17,13,13,15,18,15,17,14,20,20,12,16,16,17,15,18,10,14,18,15,15,17,20,11,19,13,16,11,17,14
16,12,13,16,19,18,14,11,20,11,13,19,18,20,11,11,13,15,15,14,12,13,14,15,20,18,11,20,15,10,14,10,15,12,13,15,10,10,10,20,16,18,13,16,11,16,17,18,18,18
19,11,17,20,18,16,15,20,18,11,11,18,18,10,13,11,20,14,17,16,14,11,16,11,20,12,11,10,16,11,17,16,10,16,12,18,12,13,12,13,17,19,20,10,17,17,12,10,19,20
15,19,12,17,10,13,15,16,17,19,20,10,13,11,19,19,14,18,20,17,13,16,20,14,20,13,14,15,10,15,10,15,16,20,18,11,17,13,16,16,14,13,15,16,13,20,12,13,16,18
16,11,11,20,15,14,20,12,17,17,15,20,14,10,16,17,10,20,14,20,18,10,18,16,20,11,15,16,15,13,11,15,12,11,17,20,15,10,17,16,16,19,12,18,20,13,10,10,18,10

