The number of jobs:
50
The number of machines:
7
The number of vehicles:
4
The number of workers:
5

The processing time of each order processed on different machines:
(where rows denote machines: 1 to 7 and columns denote orders: 1 to 
50)
28,39,21,22,32,34,29,29,31,30,21,39,23,23,37,32,34,20,32,27,34,33,21,25,33,34,33,38,24,26,28,31,36,40,33,28,38,31,24,23,39,31,20,28,22,22,22,27,36,23
28,40,36,22,39,23,25,38,39,24,26,35,29,34,38,38,35,36,37,20,31,39,22,26,30,37,36,40,28,29,33,28,33,29,35,21,24,40,22,25,25,25,30,35,30,37,34,33,40,20
29,34,39,24,35,30,35,37,31,31,28,30,35,35,36,33,38,31,33,35,20,36,36,28,38,23,35,34,35,24,22,37,33,23,37,40,39,25,23,37,27,24,21,25,27,22,24,40,24,37
36,29,24,28,21,26,23,38,29,29,26,20,35,22,22,34,38,22,24,38,20,24,40,37,27,36,26,32,31,32,23,27,21,35,28,29,23,40,34,28,37,34,39,24,35,37,32,33,27,28
29,34,21,37,38,38,32,23,28,38,30,36,29,31,25,24,20,28,28,23,26,27,32,34,28,26,40,20,22,22,33,21,28,24,29,32,25,33,34,22,38,28,34,20,37,26,33,25,30,32
20,24,23,23,36,22,31,28,26,26,26,24,32,29,32,22,29,30,27,25,33,24,36,25,38,35,26,40,35,32,34,29,33,24,34,33,22,38,27,22,32,23,33,30,30,34,37,34,29,27
35,28,33,33,26,23,34,38,36,36,34,33,26,30,24,38,31,37,29,37,29,35,38,20,33,26,39,32,28,21,39,36,24,32,23,26,23,23,28,21,24,32,33,36,29,30,28,39,36,32

The coefficient of each worker on each machine:
(where rows denote workers: 1 to 5 and columns denote machines: 1 to 
7)
1.25,1.5,0.75,0.75,1.25,0.5,0.75
0.75,1.25,0.75,1,1.5,0.5,1.5
0.5,0.5,0.75,1,1,0.5,0.5
1.5,1.25,0.5,1.5,0.5,1.5,0.75
1.5,1.5,0.5,0.75,1,1,1.5

The unit processing cost of machines:

6,7,7,6,10,9,7

The unit idle cost of machines:

5,3,3,2,4,1,3

The distance between each location:
(where rows and columns denote locations: 0 to 50)
0,36,34,41,66,102,35,124,112,114,129,117,88,65,44,98,37,103,36,81,36,104,74,64,80,97,52,72,98,83,123,103,70,85,4,53,62,73,27,34,86,86,69,52,76,93,108,34,57,81,93
36,0,33,47,96,137,26,156,81,93,153,142,73,35,60,115,66,88,27,96,55,83,47,35,102,127,61,97,80,74,157,113,34,56,35,35,95,40,9,63,63,50,54,45,111,67,130,15,92,48,91
34,33,0,68,99,118,7,130,112,80,162,151,54,41,29,82,43,120,6,64,69,71,79,67,71,131,29,106,64,50,134,134,57,57,30,66,73,71,30,41,54,76,85,18,94,62,142,44,85,57,118
41,47,68,0,61,126,66,157,90,140,108,98,119,82,85,139,76,66,67,122,16,130,53,50,120,88,92,55,126,117,153,66,74,103,44,30,95,62,42,73,110,81,36,86,100,115,85,33,71,93,52
66,96,99,61,0,81,101,121,151,179,66,54,152,129,97,136,75,118,101,124,46,170,114,110,113,32,108,21,163,146,111,72,129,150,69,91,72,122,88,74,152,140,95,116,61,158,52,86,29,144,88
102,137,118,126,81,0,124,44,212,186,127,117,157,159,96,98,75,191,124,96,111,179,173,165,77,89,106,101,169,145,31,153,170,174,102,150,45,174,128,77,168,187,162,128,26,176,124,135,56,175,166
35,26,7,66,101,124,0,137,105,79,163,152,54,35,36,89,49,114,1,71,67,69,73,61,78,132,35,107,63,51,140,132,50,52,32,61,80,64,25,47,51,69,80,20,100,58,142,39,89,51,114
124,156,130,157,121,44,137,0,236,183,171,161,155,170,102,79,90,223,136,85,144,178,198,188,67,133,109,142,167,142,18,193,186,181,124,177,62,196,148,93,171,205,191,134,61,180,167,158,94,185,203
112,81,112,90,151,212,105,236,0,135,185,178,132,85,141,194,146,54,106,176,106,127,39,47,183,175,140,141,131,139,235,123,60,94,112,62,174,41,88,143,110,43,57,119,186,108,161,77,160,80,87
114,93,80,140,179,186,79,183,135,0,242,230,29,61,91,108,115,170,78,97,145,10,122,112,116,211,80,185,17,41,192,206,81,43,110,124,142,106,98,114,30,93,141,63,166,28,221,108,164,57,182
129,153,162,108,66,127,163,171,185,242,0,12,216,188,163,201,141,138,164,190,98,232,155,156,177,40,174,57,226,211,157,67,182,209,132,136,135,168,146,140,214,188,131,181,117,219,24,140,92,201,102
117,142,151,98,54,117,152,161,178,230,12,0,204,177,151,189,129,132,152,178,88,221,147,147,165,28,162,45,214,199,147,63,171,198,120,126,123,159,135,128,202,179,122,169,106,208,18,129,80,190,96
88,73,54,119,152,157,54,155,132,29,216,204,0,48,62,84,86,157,53,71,121,23,111,99,88,184,51,160,12,13,164,185,72,40,84,108,112,96,77,85,23,88,126,36,137,30,196,89,136,52,165
65,35,41,82,129,159,35,170,85,61,188,177,48,0,68,114,84,110,35,96,89,51,63,52,108,161,63,131,51,54,174,146,25,22,63,63,114,48,42,81,31,43,81,37,134,33,165,49,121,16,121
44,60,29,85,97,96,36,102,141,91,163,151,62,68,0,56,25,144,35,38,80,84,106,95,42,127,12,110,74,52,108,146,86,80,41,91,51,100,55,24,72,105,109,33,75,80,146,69,76,83,137
98,115,82,139,136,98,89,79,194,108,201,189,84,114,56,0,65,200,88,18,132,106,161,150,24,162,54,153,94,71,92,197,136,118,96,147,67,153,111,68,104,155,165,76,90,112,188,124,109,126,191
37,66,43,76,75,75,49,90,146,115,141,129,86,84,25,65,0,140,49,50,67,107,109,99,44,104,36,90,98,77,91,131,98,100,36,90,30,106,59,4,94,115,106,54,52,102,125,70,52,100,127
103,88,120,66,118,191,114,223,54,170,138,132,157,110,144,200,140,0,115,181,80,160,47,58,183,135,148,102,161,161,218,72,89,127,105,53,162,64,90,137,141,80,35,133,166,141,114,76,135,113,36
36,27,6,67,101,124,1,136,106,78,164,152,53,35,35,88,49,115,0,70,68,69,74,62,77,133,34,107,62,51,140,132,50,52,32,62,79,65,26,46,51,69,81,19,100,58,143,40,89,51,115
81,96,64,122,124,96,71,85,176,97,190,178,71,96,38,18,50,181,70,0,116,93,143,131,19,151,35,140,82,58,96,181,118,102,78,128,59,135,92,53,89,137,147,59,84,97,175,106,98,109,174
36,55,69,16,46,111,67,144,106,145,98,88,121,89,80,132,67,80,68,116,0,135,68,64,111,75,89,43,130,118,138,66,85,111,40,45,83,76,47,64,116,94,51,87,86,121,76,42,56,102,61
104,83,71,130,170,179,69,178,127,10,232,221,23,51,84,106,107,160,69,93,135,0,113,102,111,202,73,176,12,36,187,196,72,34,101,114,135,96,88,106,20,84,131,54,159,19,211,98,155,48,172
74,47,79,53,114,173,73,198,39,122,155,147,111,63,106,161,109,47,74,143,68,113,0,12,148,140,108,106,114,115,197,98,41,79,74,23,136,17,52,106,93,36,25,89,147,94,131,40,121,66,66
64,35,67,50,110,165,61,188,47,112,156,147,99,52,95,150,99,58,62,131,64,102,12,0,137,138,96,104,102,103,188,103,32,69,65,20,126,12,41,95,82,32,31,77,139,83,132,30,115,56,73
80,102,71,120,113,77,78,67,183,116,177,165,88,108,42,24,44,183,77,19,111,111,148,137,0,138,45,130,99,75,77,174,127,116,77,131,43,142,96,47,105,146,148,70,66,113,164,109,85,122,172
97,127,131,88,32,89,132,133,175,211,40,28,184,161,127,162,104,135,133,151,75,202,140,138,138,0,139,34,194,177,120,75,159,182,101,118,95,150,119,103,184,169,118,148,77,190,36,116,53,175,102
52,61,29,92,108,106,35,109,140,80,174,162,51,63,12,54,36,148,34,35,89,73,108,96,45,139,0,120,63,40,116,155,83,72,49,94,62,99,58,36,63,102,113,26,86,71,156,72,88,77,144
72,97,106,55,21,101,107,142,141,185,57,45,160,131,110,153,90,102,107,140,43,176,106,104,130,34,120,0,170,155,132,52,127,153,76,84,91,117,89,88,157,136,84,124,82,163,36,85,49,145,70
98,80,64,126,163,169,63,167,131,17,226,214,12,51,74,94,98,161,62,82,130,12,114,102,99,194,63,170,0,24,176,192,73,37,94,113,124,98,84,97,21,88,131,46,149,24,205,95,147,51,170
83,74,50,117,146,145,51,142,139,41,211,199,13,54,52,71,77,161,51,58,118,36,115,103,75,177,40,155,24,0,151,183,79,50,80,109,101,101,76,76,35,96,128,31,126,42,191,89,127,61,165
123,157,134,153,111,31,140,18,235,192,157,147,164,174,108,92,91,218,140,96,138,187,197,188,77,120,116,132,176,151,0,184,189,187,123,175,62,196,149,94,179,207,187,140,53,187,155,158,85,190,196
103,113,134,66,72,153,132,193,123,206,67,63,185,146,146,197,131,72,132,181,66,196,98,103,174,75,155,52,192,183,184,0,133,167,106,85,140,114,108,128,176,134,73,152,133,179,45,97,100,156,36
70,34,57,74,129,170,50,186,60,81,182,171,72,25,86,136,98,89,50,118,85,72,41,32,127,159,83,127,73,79,189,133,0,38,69,48,127,25,43,94,53,19,63,59,145,52,158,43,127,25,104
85,56,57,103,150,174,52,181,94,43,209,198,40,22,80,118,100,127,52,102,111,34,79,69,116,182,72,153,37,50,187,167,38,0,82,83,129,63,64,97,17,51,100,47,151,14,187,70,141,14,141
4,35,30,44,69,102,32,124,112,110,132,120,84,63,41,96,36,105,32,78,40,101,74,65,77,101,49,76,94,80,123,106,69,82,0,54,62,73,26,32,83,85,71,49,76,90,112,35,59,78,96
53,35,66,30,91,150,61,177,62,124,136,126,108,63,91,147,90,53,62,128,45,114,23,20,131,118,94,84,113,109,175,85,48,83,54,0,115,33,36,86,94,52,19,80,124,97,112,22,98,71,58
62,95,73,95,72,45,80,62,174,142,135,123,112,114,51,67,30,162,79,59,83,135,136,126,43,95,62,91,124,101,62,140,127,129,62,115,0,135,87,33,123,145,129,83,25,131,123,96,43,130,143
73,40,71,62,122,174,64,196,41,106,168,159,96,48,100,153,106,64,65,135,76,96,17,12,142,150,99,117,98,101,196,114,25,63,73,33,135,0,48,103,77,20,41,78,148,77,144,39,126,49,83
27,9,30,42,88,128,25,148,88,98,146,135,77,42,55,111,59,90,26,92,47,88,52,41,96,119,58,89,84,76,149,108,43,64,26,36,87,48,0,55,69,59,55,45,102,74,123,14,83,56,89
34,63,41,73,74,77,47,93,143,114,140,128,85,81,24,68,4,137,46,53,64,106,106,95,47,103,36,88,97,76,94,128,94,97,32,86,33,103,55,0,92,112,102,52,54,100,124,66,52,97,124
86,63,54,110,152,168,51,171,110,30,214,202,23,31,72,104,94,141,51,89,116,20,93,82,105,184,63,157,21,35,179,176,53,17,83,94,123,77,69,92,0,67,111,40,146,8,192,78,140,30,152
86,50,76,81,140,187,69,205,43,93,188,179,88,43,105,155,115,80,69,137,94,84,36,32,146,169,102,136,88,96,207,134,19,51,85,52,145,20,59,112,67,0,61,78,161,65,164,54,141,37,102
69,54,85,36,95,162,80,191,57,141,131,122,126,81,109,165,106,35,81,147,51,131,25,31,148,118,113,84,131,128,187,73,63,100,71,19,129,41,55,102,111,61,0,99,136,113,106,41,107,87,42
52,45,18,86,116,128,20,134,119,63,181,169,36,37,33,76,54,133,19,59,87,54,89,77,70,148,26,124,46,31,140,152,59,47,49,80,83,78,45,52,40,78,99,0,106,48,161,59,101,51,135
76,111,94,100,61,26,100,61,186,166,117,106,137,134,75,90,52,166,100,84,86,159,147,139,66,77,86,82,149,126,53,133,145,151,76,124,25,148,102,54,146,161,136,106,0,154,109,109,33,151,143
93,67,62,115,158,176,58,180,108,28,219,208,30,33,80,112,102,141,58,97,121,19,94,83,113,190,71,163,24,42,187,179,52,14,90,97,131,77,74,100,8,65,113,48,154,0,197,82,147,28,154
108,130,142,85,52,124,142,167,161,221,24,18,196,165,146,188,125,114,143,175,76,211,131,132,164,36,156,36,205,191,155,45,158,187,112,112,123,144,123,124,192,164,106,161,109,197,0,117,80,178,78
34,15,44,33,86,135,39,158,77,108,140,129,89,49,69,124,70,76,40,106,42,98,40,30,109,116,72,85,95,89,158,97,43,70,35,22,96,39,14,66,78,54,41,59,109,82,117,0,87,61,76
57,92,85,71,29,56,89,94,160,164,92,80,136,121,76,109,52,135,89,98,56,155,121,115,85,53,88,49,147,127,85,100,127,141,59,98,43,126,83,52,140,141,107,101,33,147,80,87,0,137,110
81,48,57,93,144,175,51,185,80,57,201,190,52,16,83,126,100,113,51,109,102,48,66,56,122,175,77,145,51,61,190,156,25,14,78,71,130,49,56,97,30,37,87,51,151,28,178,61,137,0,128
93,91,118,52,88,166,114,203,87,182,102,96,165,121,137,191,127,36,115,174,61,172,66,73,172,102,144,70,170,165,196,36,104,141,96,58,143,83,89,124,152,102,42,135,143,154,78,76,110,128,0

The weight of orders:
19,15,19,11,10,16,17,16,11,15,14,16,17,10,17,10,20,15,11,11,12,13,15,10,20,18,18,18,10,19,13,10,15,10,15,17,18,12,18,11,15,18,17,14,14,20,12,13,20,20

The unit tardiness penalty of orders:

6,7,10,10,7,10,10,7,7,10,7,9,8,6,6,10,6,10,6,9,10,8,7,7,6,7,10,9,6,7,7,9,9,9,8,6,7,6,6,9,8,9,7,10,10,6,10,9,7,6

The due date of orders:
509,200,192,328,545,499,656,731,312,508,710,569,372,493,461,424,464,585,566,206,555,572,469,569,241,431,332,390,227,473,612,520,514,665,135,331,421,133,711,251,495,616,408,465,510,328,250,135,245,241

the loading and unloading time of each order:
5,4,5,3,3,4,4,4,3,4,4,4,4,3,4,3,5,4,3,3,3,3,4,3,5,5,5,5,3,5,3,3,4,3,4,4,5,3,5,3,4,5,4,4,4,5,3,3,5,5

The sequence dependent setup time of each job processed on machine 1.
(Where rows denote jobs: 1 to 50 and columns denote jobs: 0 to 50.For example:The value of Sijk is in row j,column i+1.)
20,15,20,17,14,10,14,17,19,14,19,11,19,18,18,17,12,15,16,13,20,19,15,14,17,15,17,10,15,12,20,11,17,15,18,19,17,16,19,11,18,18,19,14,11,18,17,16,12,17
14,13,16,19,19,17,18,10,12,10,13,13,12,16,17,15,10,14,14,13,15,13,14,10,20,19,17,15,20,12,17,15,11,13,14,13,20,10,20,10,17,14,15,16,13,20,10,10,15,10
16,13,15,19,16,10,18,10,16,15,20,11,11,18,18,10,17,18,10,20,20,13,12,18,15,17,12,19,19,17,17,13,19,13,15,18,20,16,14,19,11,15,16,14,18,18,19,12,10,19
13,13,20,13,11,16,16,15,11,16,20,20,11,12,12,12,19,18,11,11,12,14,14,10,20,19,14,16,12,20,17,15,20,19,15,20,14,12,16,20,14,15,17,12,15,15,14,19,14,20
15,17,18,18,20,15,17,17,18,17,19,20,12,14,20,13,10,12,12,11,16,13,10,20,10,14,10,14,19,20,15,19,18,20,12,16,17,13,11,16,13,15,20,15,16,13,12,19,18,20
13,13,19,16,16,19,10,20,12,19,12,11,20,14,12,10,15,13,11,15,14,18,17,17,19,15,13,10,15,20,10,20,19,16,16,14,11,14,18,17,14,10,15,17,14,20,12,20,11,18
13,10,11,13,11,14,13,16,13,15,20,15,15,10,13,14,18,18,19,10,20,18,11,16,20,13,16,13,13,20,12,14,19,15,14,15,18,11,16,12,14,15,19,17,19,18,19,17,12,17
18,15,11,10,16,14,18,10,12,14,10,13,17,10,10,15,12,18,13,18,19,19,11,16,20,19,20,17,12,18,17,19,12,20,18,14,12,19,19,11,13,19,14,10,18,14,20,18,18,17
14,19,19,16,19,17,15,11,14,12,14,19,18,19,11,12,13,17,10,14,17,12,16,11,20,15,11,10,13,19,20,17,11,12,17,11,19,20,14,18,14,16,20,16,10,17,12,20,16,15
14,12,15,13,18,10,17,18,16,14,19,14,11,14,19,13,10,19,12,12,19,20,13,14,18,17,17,10,19,19,14,16,16,19,19,16,12,12,15,15,17,16,14,11,18,17,15,10,11,13
13,11,13,19,12,13,10,12,15,10,13,14,20,18,14,12,14,17,16,19,17,17,10,18,16,18,15,15,14,15,13,19,10,16,10,16,16,13,13,11,17,14,19,17,12,10,16,11,15,20
18,11,12,14,20,12,15,14,18,11,12,20,13,13,15,17,17,10,11,10,19,13,17,13,14,15,10,11,15,12,17,14,18,14,10,20,15,11,10,14,11,15,14,11,15,19,20,17,20,10
14,13,13,10,20,11,13,12,20,15,18,15,19,14,13,18,18,19,18,17,17,16,12,19,19,13,20,19,20,10,10,12,19,17,11,12,11,17,19,13,10,13,12,11,11,17,11,20,16,16
16,20,11,12,11,15,11,15,20,10,14,16,17,12,18,16,19,13,17,18,17,15,15,18,12,13,12,18,20,20,16,11,14,16,20,12,14,13,12,17,11,16,12,19,18,10,14,14,16,16
17,15,12,20,17,14,11,10,17,12,15,19,11,13,20,17,11,16,15,20,20,19,16,18,20,14,15,10,16,11,13,19,17,12,18,17,11,10,16,20,19,14,15,15,15,17,18,20,10,12
10,10,13,13,17,15,19,18,16,16,15,17,17,13,17,10,16,20,12,11,15,10,12,18,19,11,19,18,14,16,15,20,20,19,14,18,16,14,17,11,16,11,11,17,12,20,18,17,12,12
15,15,18,14,18,18,20,15,12,12,15,13,14,10,17,10,13,14,16,12,14,20,10,20,20,14,20,18,13,20,13,16,10,17,19,19,20,11,15,15,12,15,17,15,17,13,10,16,15,10
14,13,11,20,19,10,14,10,18,12,20,19,16,11,16,18,16,15,20,19,16,18,17,17,13,18,14,12,13,20,11,12,19,20,15,14,18,18,12,13,12,20,12,14,13,16,10,13,10,19
18,17,17,20,16,18,18,18,12,12,12,20,18,15,15,16,14,14,15,18,13,20,14,11,20,14,12,18,14,13,16,17,18,19,20,19,15,13,11,11,20,10,13,11,16,20,19,18,16,12
12,15,17,20,13,18,17,19,15,14,18,17,20,18,19,16,16,15,10,15,20,15,11,20,20,14,17,16,11,12,15,19,18,14,10,18,10,18,15,15,12,16,18,10,20,15,17,16,20,12
10,12,13,17,16,18,15,16,19,10,19,11,15,16,13,16,10,10,16,17,17,14,20,16,10,12,20,17,13,20,20,12,19,16,18,17,11,17,14,17,11,20,19,16,16,11,16,12,17,13
12,10,18,11,16,11,20,14,18,17,10,18,13,14,17,17,19,11,14,20,20,12,15,13,11,18,20,17,10,10,16,15,19,17,15,17,17,10,12,18,15,18,15,15,18,12,17,19,16,15
14,12,12,18,20,20,20,14,10,12,12,20,12,19,19,15,12,19,20,19,16,16,12,18,16,15,15,18,15,10,13,12,20,14,17,18,13,11,10,11,17,10,13,11,11,10,15,13,11,14
14,19,11,19,14,13,15,20,17,14,19,12,13,11,12,11,13,15,17,17,16,13,19,16,10,15,14,16,13,13,16,16,20,14,18,20,15,12,15,13,20,18,19,14,10,11,20,18,15,18
16,13,13,13,11,14,15,18,20,14,20,11,19,13,16,19,11,13,10,15,13,18,19,17,11,14,15,11,17,11,10,20,15,11,18,11,16,11,16,18,17,13,15,12,13,20,16,20,10,11
19,16,18,13,11,18,15,15,12,10,20,15,11,11,14,18,19,20,11,12,16,20,12,16,19,11,12,10,15,10,19,14,16,14,11,17,17,17,18,11,16,10,10,13,19,19,18,12,17,19
20,13,12,18,10,15,17,16,15,12,17,18,11,17,18,18,17,15,13,15,18,18,14,17,10,20,10,14,10,14,11,17,20,12,17,19,18,19,16,13,11,13,19,17,18,10,10,13,20,11
20,19,17,17,19,16,15,19,15,10,18,17,14,15,14,19,14,10,18,20,13,13,12,10,15,11,14,18,11,19,20,20,12,14,12,14,20,13,13,16,11,18,14,15,16,15,11,11,12,20
19,17,20,13,17,12,14,16,16,19,18,18,20,12,12,10,14,14,13,12,20,10,12,11,10,14,18,10,15,13,14,18,16,20,18,17,15,17,20,17,18,13,20,10,20,15,14,16,19,17
14,19,13,13,12,12,18,14,20,13,17,20,13,11,10,15,16,19,18,14,10,10,20,13,17,18,13,18,16,16,16,17,16,18,12,15,10,17,14,18,15,10,13,14,11,15,13,13,19,13
19,13,14,18,15,14,16,14,18,19,10,17,17,19,14,20,19,20,16,13,13,16,18,18,10,14,17,17,15,14,12,15,17,18,14,16,16,20,16,13,13,12,19,10,10,14,17,17,20,19
10,16,18,18,16,16,15,13,14,12,13,12,12,15,18,13,16,19,18,11,14,17,11,18,15,17,18,18,18,18,16,14,19,12,12,20,14,16,18,18,17,20,15,17,15,16,10,16,20,14
15,18,14,20,11,19,11,13,15,12,10,14,15,20,11,15,15,19,14,13,11,15,11,14,15,12,10,10,17,18,19,16,11,17,17,19,18,16,18,19,15,16,14,20,20,11,10,19,16,19
15,17,17,11,20,18,13,13,16,14,20,17,19,20,13,19,18,13,18,17,15,13,18,15,14,13,10,17,14,18,19,20,10,17,11,17,15,13,11,16,18,18,16,20,17,19,15,14,10,13
13,14,17,15,17,13,11,15,11,20,19,15,20,15,16,14,14,17,15,16,14,11,18,18,14,16,18,19,18,13,14,14,11,18,13,18,16,19,12,20,19,19,18,17,17,16,10,14,14,14
20,17,13,10,20,18,17,19,17,12,17,15,13,18,15,17,20,18,19,10,20,11,10,15,20,16,14,13,10,16,12,19,17,10,20,19,19,15,16,17,19,18,11,11,15,10,15,14,18,11
11,16,19,12,10,20,15,20,16,12,13,15,16,13,17,14,11,15,12,18,13,10,11,15,12,17,18,18,11,13,19,17,19,12,17,19,20,15,10,16,17,20,12,18,15,12,20,11,11,10
15,13,18,19,11,11,13,19,12,18,10,17,16,19,13,19,10,13,12,20,10,18,17,18,10,13,16,17,11,20,15,15,19,10,12,11,19,13,14,18,16,10,14,15,18,10,18,17,16,14
20,11,10,20,17,13,19,19,14,11,17,20,18,11,16,15,11,20,14,13,17,20,16,14,18,12,15,10,14,11,14,18,10,20,14,15,17,10,14,16,12,20,14,13,12,14,15,19,14,13
18,12,12,13,18,18,11,17,10,12,13,14,11,20,18,12,17,17,19,11,11,17,14,16,16,20,18,11,14,10,18,11,13,18,13,11,20,10,18,15,19,12,19,19,14,12,15,10,11,14
12,10,17,10,20,16,16,14,13,19,15,20,10,12,20,12,10,17,11,20,15,15,15,13,15,15,19,19,17,18,19,12,16,12,13,18,14,11,19,16,17,12,18,12,11,10,17,11,10,19
19,16,12,13,17,11,20,11,15,10,11,19,14,16,10,13,11,16,20,16,16,13,13,20,17,17,16,10,14,13,15,19,13,17,16,13,14,11,18,17,13,10,15,16,10,17,14,10,10,15
15,18,20,15,20,20,18,15,20,13,16,19,14,10,15,19,20,20,18,17,15,18,10,10,10,18,18,20,10,10,15,17,14,17,13,18,16,20,15,12,11,17,13,16,20,16,15,15,15,13
13,13,16,19,18,17,15,17,14,12,19,14,19,18,16,15,16,14,11,19,14,17,11,18,19,20,15,15,11,11,19,13,10,18,14,18,15,16,10,20,19,16,15,11,13,11,18,10,10,17
11,14,14,18,19,14,12,10,18,12,12,12,19,13,11,10,14,10,11,10,17,17,14,18,16,18,10,16,10,17,11,12,12,13,19,14,13,18,10,19,18,19,13,20,20,12,17,15,17,11
13,13,11,18,13,15,18,16,15,18,14,17,11,11,14,10,10,14,16,15,17,11,14,19,14,10,13,20,18,14,18,13,20,18,13,11,14,14,17,18,17,17,16,18,12,11,14,19,13,10
17,16,19,19,10,16,10,12,13,12,16,20,11,13,16,18,19,19,18,11,11,18,16,19,10,11,17,17,17,16,16,17,11,18,14,15,18,13,19,18,14,18,12,17,17,20,19,16,14,15
13,12,17,16,11,15,13,19,18,10,15,10,12,17,17,15,14,12,10,17,18,14,14,17,16,13,14,12,16,10,19,15,15,16,17,15,14,14,12,18,10,18,19,14,10,17,20,19,16,12
12,18,18,12,20,11,19,10,13,17,16,10,17,12,15,10,12,10,18,12,15,20,10,20,11,18,20,18,18,10,15,13,18,18,16,12,10,19,16,12,18,10,15,19,12,17,17,12,15,15
18,17,17,17,19,14,20,20,16,11,16,16,17,11,14,16,20,19,10,16,15,10,17,16,14,15,12,13,20,13,15,19,16,18,11,15,19,14,20,10,15,12,13,12,17,17,10,20,13,13
12,18,14,16,20,17,16,17,20,10,11,12,10,12,13,19,10,19,17,16,10,17,13,16,17,17,10,17,18,13,17,15,18,17,20,10,12,20,11,19,11,19,15,15,14,17,20,13,13,11

The sequence dependent setup time of each job processed on machine 2.
(Where rows denote jobs: 1 to 50 and columns denote jobs: 0 to 50.For example:The value of Sijk is in row j,column i+1.)
15,20,13,11,15,13,15,15,20,18,13,15,15,19,11,15,17,14,17,19,20,18,16,20,12,17,19,19,17,19,16,10,16,16,11,16,18,12,17,15,15,11,18,11,10,10,15,13,10,19
20,10,19,12,11,18,19,16,11,15,10,10,18,18,17,20,14,11,19,15,15,17,13,11,15,17,12,11,18,11,16,11,12,10,17,11,18,11,10,13,16,17,17,12,13,13,12,10,20,20
19,18,12,13,16,14,20,13,12,17,16,19,20,20,14,19,16,19,15,18,15,17,12,17,14,15,16,12,20,20,15,14,13,16,19,14,13,12,20,18,10,19,12,16,13,14,17,19,10,17
17,11,12,14,12,14,10,10,20,10,19,20,11,15,19,14,19,13,10,18,13,18,11,20,14,11,11,13,13,19,18,15,10,15,10,17,16,17,15,10,19,10,15,20,12,20,15,19,13,17
15,13,15,17,12,18,14,13,15,20,19,17,12,20,10,15,18,18,19,15,13,12,20,14,12,15,19,11,14,15,20,10,16,10,20,11,15,15,18,18,20,13,17,10,10,15,16,20,18,16
11,12,10,20,18,11,20,10,17,13,14,16,17,14,19,17,20,18,11,19,11,12,15,16,11,16,13,18,19,11,12,20,12,20,17,16,13,18,14,20,13,14,19,13,14,19,20,16,17,15
16,14,10,19,17,10,17,12,12,20,20,19,11,10,19,19,15,20,18,15,19,12,14,15,12,12,19,11,20,11,20,18,16,18,20,17,18,11,10,16,20,18,13,19,12,11,15,12,10,11
15,16,15,10,11,20,13,13,14,18,20,18,17,18,15,11,10,11,18,11,11,17,15,11,14,15,17,15,11,14,13,19,17,20,17,12,19,17,20,10,18,16,18,17,16,13,10,18,11,18
17,20,11,16,19,10,19,16,17,13,15,17,14,18,18,15,15,15,17,13,13,19,13,10,15,20,14,15,17,12,10,14,18,15,12,14,15,14,13,14,11,14,18,11,15,10,20,18,10,14
20,14,12,17,11,14,17,14,10,14,16,15,12,15,17,14,18,19,17,12,12,15,20,20,11,18,13,16,20,14,14,17,10,20,14,11,20,10,12,14,14,15,15,16,13,16,20,16,13,18
19,14,15,13,19,16,19,10,14,20,14,13,11,19,17,18,12,12,18,13,18,19,12,16,18,20,18,19,15,12,18,13,16,12,16,14,16,19,16,12,15,14,14,13,11,15,19,15,16,19
19,12,12,13,15,19,18,10,20,17,20,19,18,19,17,13,11,16,14,16,16,18,12,10,15,12,16,16,14,20,11,17,17,18,15,15,20,17,18,10,18,16,11,13,13,15,19,10,13,13
10,19,18,16,14,17,17,16,17,12,18,16,20,16,12,11,16,17,10,19,13,14,13,11,16,20,20,17,10,19,12,19,10,19,10,12,10,12,15,14,13,10,14,11,10,18,18,19,12,19
18,10,11,17,10,10,16,11,15,11,10,19,20,11,15,10,11,11,17,20,17,13,17,12,20,12,20,13,11,16,16,12,13,10,12,16,18,14,20,13,12,10,15,19,13,12,18,14,13,14
14,11,18,16,13,19,15,10,20,17,10,13,12,15,20,11,16,19,16,14,20,16,11,17,10,19,18,16,17,15,16,19,18,17,10,11,10,10,19,15,17,16,11,15,14,20,20,19,19,19
10,19,12,20,10,14,12,10,16,15,16,10,16,13,16,19,20,15,19,11,12,17,12,12,14,11,20,20,17,15,17,12,16,14,19,16,11,11,15,12,10,16,19,10,10,15,16,20,18,13
13,13,10,11,18,15,14,10,18,19,12,18,11,12,13,14,15,10,10,19,12,12,17,12,16,13,18,13,13,12,20,11,13,10,18,14,17,14,17,12,16,16,16,14,12,15,10,18,14,11
15,16,15,11,12,17,15,11,10,16,15,10,16,19,12,11,10,13,10,10,15,15,18,19,20,12,10,17,16,19,17,16,11,20,15,11,15,13,12,14,10,13,14,12,19,10,20,17,15,20
16,20,12,12,13,14,17,17,20,13,16,16,20,12,16,16,10,11,20,14,12,15,13,12,15,15,10,13,12,16,19,20,13,15,14,17,10,20,13,17,13,18,17,16,11,15,15,17,14,15
17,17,15,17,16,11,14,16,14,11,12,15,17,13,12,15,14,17,14,20,10,19,14,20,15,20,12,16,10,20,15,14,14,11,13,11,19,10,17,16,10,15,19,17,12,18,18,20,10,16
14,13,18,17,19,20,14,14,14,11,13,18,16,13,15,19,11,16,12,10,12,15,17,13,15,12,14,16,13,17,16,19,13,12,11,15,17,11,14,13,18,12,17,14,20,12,10,12,12,18
19,14,15,20,12,18,13,12,13,13,14,19,18,11,10,17,19,14,14,16,10,19,20,17,18,10,13,10,19,18,20,17,11,17,13,20,14,20,17,10,20,16,15,15,20,13,12,20,20,11
20,20,13,15,13,19,17,18,19,17,10,20,18,10,20,14,14,10,10,18,20,18,17,11,11,14,17,15,14,17,15,10,10,15,19,19,12,15,19,15,14,17,16,13,14,19,10,11,14,16
11,17,18,14,18,11,15,11,17,11,19,18,10,16,14,20,18,11,14,14,14,17,15,12,14,17,16,18,14,15,14,15,16,10,20,14,19,15,10,12,18,17,13,19,11,10,11,18,16,14
13,20,12,12,16,17,17,14,15,15,14,14,11,15,16,10,13,19,15,16,11,13,14,14,18,18,19,13,13,15,17,18,14,20,13,11,20,13,19,11,20,13,13,17,10,12,13,16,14,17
15,14,11,15,15,20,14,15,15,20,19,13,11,16,13,17,11,18,14,17,18,11,17,13,17,11,16,20,20,20,18,16,10,20,10,12,18,19,15,11,13,20,13,11,20,17,10,17,10,12
17,17,11,19,13,20,15,20,15,12,15,11,15,14,18,13,18,11,17,19,12,17,17,13,17,16,18,19,15,12,15,13,19,19,16,10,18,15,16,19,17,13,18,10,10,13,10,12,13,12
16,16,15,15,16,20,12,19,13,11,14,12,14,11,11,19,10,15,18,10,14,11,11,11,18,10,10,16,18,16,12,20,12,12,16,14,20,20,16,20,16,17,18,14,13,14,12,18,20,16
15,18,13,19,20,18,18,14,20,17,17,18,16,15,15,11,12,13,11,10,18,10,16,20,17,18,18,13,13,19,16,19,10,18,18,10,14,12,10,12,10,20,12,11,11,14,16,17,18,18
19,14,10,20,10,16,16,11,12,19,13,13,18,15,11,10,13,10,13,16,18,20,10,14,18,16,15,14,19,18,16,12,15,16,15,20,15,11,10,18,20,11,10,16,12,10,13,16,13,16
18,15,16,20,16,13,16,16,12,12,20,15,18,16,18,13,11,15,16,20,13,19,11,13,15,10,19,15,19,18,13,12,15,12,14,10,10,15,10,19,19,11,13,20,15,18,14,19,17,11
15,10,14,20,15,18,15,10,19,17,16,11,18,19,11,12,12,17,15,15,13,20,18,17,12,20,16,11,15,20,19,12,17,14,20,18,10,15,16,11,11,13,15,11,12,18,13,18,13,15
17,17,10,10,18,19,11,14,19,16,12,13,18,18,20,20,19,17,14,18,15,20,20,19,13,19,13,11,14,18,17,19,14,15,18,17,18,10,16,15,10,15,14,17,17,19,13,15,13,14
10,14,11,13,17,15,20,11,13,18,20,10,14,14,15,20,17,12,20,19,15,12,20,17,17,11,16,20,14,15,20,15,20,14,19,11,16,11,10,10,14,14,10,10,18,14,12,14,15,19
20,15,18,18,13,17,13,20,15,11,19,11,14,12,12,16,19,19,15,16,10,18,10,10,12,16,11,15,19,12,19,11,18,19,13,11,18,12,10,12,18,18,16,14,12,20,18,18,18,12
15,13,17,12,16,12,19,15,10,12,14,11,12,15,15,18,20,17,16,17,14,15,15,16,17,18,10,14,17,11,11,12,10,15,11,15,10,18,11,20,20,14,12,14,12,20,16,11,13,17
20,11,19,18,13,11,17,15,11,20,11,15,12,10,18,13,16,16,18,15,19,13,15,10,17,16,11,16,16,20,17,20,20,14,20,19,18,16,12,15,20,13,11,18,12,13,16,13,17,11
13,17,17,20,13,10,11,19,15,16,14,10,13,14,14,11,13,10,18,11,17,11,20,12,16,20,16,14,18,16,15,17,12,20,17,12,19,10,13,13,14,13,11,12,16,11,15,14,15,10
13,20,11,20,20,14,16,15,19,14,11,10,19,18,19,15,13,18,11,11,15,17,17,17,14,11,14,15,14,15,17,13,10,16,11,15,14,10,19,16,12,11,13,10,20,13,14,11,18,17
19,12,11,14,16,10,19,19,13,11,14,14,12,18,11,19,19,12,10,20,16,12,19,19,15,10,15,12,17,20,17,10,15,18,18,10,12,15,11,16,17,18,14,12,20,10,20,20,11,17
17,17,19,15,19,13,17,19,10,12,17,10,13,12,17,14,15,12,17,13,13,11,17,19,17,13,16,16,19,12,11,20,12,19,17,10,11,19,19,20,17,16,17,11,19,16,11,18,19,12
19,12,17,11,20,11,17,19,15,14,17,18,11,19,12,15,12,13,14,19,20,19,16,19,15,11,14,13,19,20,18,16,10,14,19,18,17,13,10,15,14,15,17,19,16,10,13,19,17,11
15,13,19,15,12,12,13,19,10,11,10,14,11,16,12,13,10,11,18,13,15,15,10,14,13,15,14,17,19,10,13,16,13,14,14,14,18,17,10,14,12,10,20,20,18,12,18,11,18,18
13,12,18,12,14,12,13,11,17,16,17,10,10,19,12,15,13,17,16,15,17,10,15,16,20,16,13,14,10,12,19,12,13,13,17,20,15,15,14,13,18,11,15,10,14,12,15,20,13,13
11,19,16,20,11,12,10,18,20,10,17,10,18,15,14,18,11,14,11,17,19,12,14,11,20,16,11,17,20,19,10,18,20,18,12,10,12,12,14,19,14,19,19,11,17,16,16,18,19,17
11,12,19,18,18,18,10,10,14,14,17,19,12,17,12,17,17,11,17,16,18,12,17,19,18,10,13,17,11,16,20,19,17,20,10,16,20,12,13,11,17,10,10,12,19,16,19,15,14,14
19,10,11,20,20,11,13,19,12,10,10,19,14,12,13,18,10,11,13,17,13,18,18,11,15,20,19,11,17,15,12,16,17,12,19,12,18,20,15,13,12,19,15,18,12,10,16,16,15,11
19,13,10,13,12,19,14,13,20,19,16,12,11,15,13,10,17,13,20,20,10,17,18,12,20,17,19,12,15,13,19,12,11,16,13,10,15,15,17,19,20,20,17,18,12,13,15,13,16,16
12,16,13,18,17,19,11,19,13,17,12,13,11,15,12,18,16,10,10,18,16,19,15,16,11,12,10,16,12,13,10,13,12,12,17,12,19,17,12,13,20,12,15,10,15,17,20,17,18,17
14,12,12,20,16,15,11,19,17,13,14,18,12,15,14,13,14,16,13,18,19,15,18,19,11,19,18,19,12,16,13,13,12,17,15,18,12,14,20,11,13,17,17,19,13,11,17,19,11,12
17,14,13,10,10,10,15,12,19,17,16,19,16,16,10,16,15,20,15,18,15,18,16,13,14,11,11,11,17,16,13,14,13,11,18,13,16,18,14,13,16,17,10,12,16,11,19,18,19,13

The sequence dependent setup time of each job processed on machine 3.
(Where rows denote jobs: 1 to 50 and columns denote jobs: 0 to 50.For example:The value of Sijk is in row j,column i+1.)
13,14,17,20,13,18,20,14,13,18,12,11,10,17,16,11,16,15,13,18,11,19,13,20,18,18,17,15,15,10,11,10,19,18,15,17,20,10,16,18,15,13,18,12,19,17,17,19,17,16
12,10,20,20,11,12,15,12,10,20,20,10,15,13,13,11,11,19,13,11,18,20,12,14,19,12,10,11,14,10,14,18,15,12,15,13,12,19,12,16,13,14,10,19,14,12,10,16,18,10
12,19,10,12,14,14,18,19,15,20,10,19,10,13,19,14,12,15,16,16,18,17,12,10,12,19,13,15,20,15,16,18,13,20,16,20,18,19,17,12,14,10,20,18,17,17,17,18,18,11
17,14,19,15,18,16,16,15,19,17,17,19,20,13,15,14,17,18,15,10,11,13,18,12,19,13,17,18,18,17,20,10,16,15,18,14,14,17,16,15,13,18,19,12,13,14,12,12,11,18
17,10,13,10,14,13,19,16,18,20,15,20,19,17,20,19,10,15,12,18,15,13,11,14,18,15,14,11,19,13,16,18,20,19,11,14,18,13,11,11,14,20,10,11,15,20,12,15,17,20
12,18,19,20,17,17,14,17,14,16,17,17,19,12,10,19,11,17,12,19,17,14,10,18,15,13,11,15,15,16,11,19,19,16,13,15,10,16,15,16,10,17,10,16,12,14,13,19,17,16
14,12,12,15,12,10,18,17,15,15,13,14,10,16,20,18,15,17,18,12,14,19,14,19,18,17,20,17,12,17,12,19,15,16,16,11,13,14,10,12,17,12,10,16,20,19,13,14,15,14
13,11,14,10,13,11,15,15,11,18,19,14,13,18,14,15,17,20,12,15,12,10,10,15,15,14,10,10,10,15,12,13,10,12,10,18,12,20,17,20,12,13,11,16,12,16,13,19,20,19
15,13,13,20,20,18,20,17,14,14,14,12,18,11,12,10,19,15,17,18,11,10,10,11,15,16,17,12,17,10,13,14,19,18,13,18,13,10,11,16,13,11,11,18,18,12,12,10,12,18
14,16,11,10,10,13,11,14,15,11,17,10,12,12,18,12,10,10,12,12,18,14,14,17,11,16,16,20,18,19,15,19,15,10,11,18,12,19,14,19,20,16,18,18,13,10,17,16,14,17
10,20,10,17,17,16,15,16,13,10,15,12,14,13,11,19,18,18,19,12,16,18,19,14,18,15,14,20,12,12,15,18,13,20,16,12,14,14,17,14,16,10,15,19,11,12,20,14,13,18
12,18,16,14,13,13,20,10,15,14,19,11,18,19,19,20,12,11,10,14,14,11,10,18,11,13,12,10,14,19,14,10,16,18,20,18,14,18,18,20,13,14,15,11,11,13,14,11,20,14
11,16,12,20,10,12,19,18,19,19,13,18,20,12,12,11,13,14,14,14,15,16,16,18,13,18,15,14,18,16,17,13,16,20,16,12,16,17,15,10,14,16,13,18,14,18,18,18,15,14
13,16,16,10,12,19,14,13,17,20,19,20,14,11,17,14,15,10,15,11,11,18,15,15,17,18,17,13,16,18,20,19,16,15,10,12,12,19,20,12,13,18,10,17,12,17,15,20,18,12
18,16,14,17,13,17,11,19,16,10,14,15,12,15,15,12,11,18,13,17,18,15,11,17,18,20,20,18,11,13,12,13,15,20,16,11,13,17,15,18,20,19,19,12,15,13,15,14,14,17
11,20,18,17,13,13,11,10,17,14,15,20,19,11,13,10,10,10,17,10,12,16,12,20,13,14,10,15,19,12,17,18,16,12,13,10,19,18,14,10,16,18,13,19,14,19,20,12,20,13
16,16,11,20,16,19,20,19,15,18,13,19,12,17,15,18,19,11,11,13,17,13,19,20,15,19,10,19,16,12,20,11,13,13,19,16,17,20,20,17,20,14,18,18,13,19,19,15,11,15
16,17,19,12,12,17,10,14,14,15,19,11,11,15,11,20,12,12,12,16,19,19,12,16,10,10,14,11,15,12,17,17,12,11,10,10,14,10,19,10,17,16,16,19,16,20,20,20,10,15
11,12,15,11,19,15,19,11,14,10,12,14,20,19,13,16,16,20,10,14,11,16,17,20,18,20,13,10,13,18,13,11,20,18,13,18,15,19,12,12,16,10,19,20,10,20,16,19,13,19
16,14,14,11,12,19,15,17,17,13,13,14,13,12,14,17,18,14,10,17,15,13,11,15,15,10,14,20,15,11,15,20,15,10,15,13,16,10,18,17,17,13,19,13,17,12,20,11,15,13
19,17,16,18,12,17,16,14,15,15,10,11,14,15,17,20,14,13,15,14,17,16,14,10,20,10,16,17,13,10,10,10,19,18,10,19,16,17,16,18,20,11,14,19,10,10,11,20,17,15
12,10,19,11,13,20,16,11,12,19,10,11,10,13,19,13,10,10,17,15,10,10,16,17,18,16,10,10,11,11,14,19,10,16,14,16,17,11,20,20,13,12,12,19,11,19,13,20,20,16
10,13,14,15,19,17,15,19,18,19,16,14,19,17,12,17,20,12,10,18,12,19,15,16,11,18,11,13,18,13,20,17,11,16,12,10,20,17,13,16,15,11,19,11,10,13,12,17,18,13
13,13,14,20,11,17,15,13,18,10,18,16,10,20,13,11,20,13,17,14,18,11,18,11,10,13,15,11,15,19,17,16,19,15,12,19,16,17,12,12,16,16,17,18,18,16,15,16,17,19
20,18,10,16,14,11,15,18,16,12,20,12,17,20,17,15,17,15,10,16,16,13,19,20,10,12,13,19,17,19,18,20,14,13,12,13,10,19,10,17,15,12,15,13,15,20,17,18,18,11
12,13,15,10,18,19,16,15,14,20,16,10,20,15,11,11,16,10,18,12,20,18,14,20,19,17,14,14,12,10,11,19,14,18,11,13,10,19,12,14,19,15,14,12,14,11,16,13,19,10
15,19,16,13,16,12,15,14,16,19,15,11,10,16,19,11,20,13,17,19,16,10,10,10,10,15,11,17,19,16,12,10,10,15,12,15,14,13,19,18,11,17,19,14,15,11,17,17,19,16
11,12,16,11,12,18,19,18,16,11,13,11,19,13,18,17,12,18,20,14,11,12,14,10,12,13,16,16,12,17,20,16,19,20,15,12,12,15,13,13,11,18,15,14,15,17,19,11,10,19
12,11,12,16,18,17,11,16,14,17,19,14,18,10,17,20,14,16,14,12,17,19,13,14,16,13,19,16,15,18,10,11,13,16,16,20,11,16,18,12,14,10,20,17,18,12,14,17,10,19
17,11,11,17,19,11,16,17,13,12,16,15,13,16,14,16,14,10,15,15,13,15,20,10,18,16,20,10,17,15,12,16,11,12,14,16,13,11,15,11,10,16,16,10,16,15,19,20,18,19
10,10,13,11,12,14,19,13,18,11,16,15,17,15,10,18,13,18,16,20,20,14,18,15,16,13,14,11,12,18,13,17,11,20,16,10,12,13,20,11,13,10,19,19,13,14,16,20,15,10
12,18,20,16,16,17,20,17,15,12,13,13,18,13,15,10,13,17,11,14,16,17,10,18,16,14,16,10,16,18,18,14,20,12,15,14,11,16,13,11,20,13,13,20,20,13,17,11,18,17
13,14,18,15,19,14,14,10,14,15,11,17,14,16,20,13,17,17,14,18,17,10,20,10,13,14,18,20,11,20,20,12,12,16,20,13,12,15,16,13,16,17,11,12,11,20,14,14,14,10
12,10,16,13,20,15,17,14,11,16,10,19,17,12,11,15,12,13,14,14,19,11,19,19,19,11,16,19,13,17,12,11,16,12,19,13,11,19,14,19,16,14,17,14,11,17,12,20,19,19
12,13,12,13,16,17,20,15,12,20,16,12,19,20,15,15,19,18,18,16,16,11,13,13,14,17,15,18,19,20,13,11,11,18,15,15,20,10,15,20,11,17,18,11,12,15,15,13,20,18
14,17,17,12,14,17,13,10,12,12,14,16,19,16,17,13,19,18,10,14,14,18,13,20,19,18,15,17,12,14,18,20,14,15,11,12,17,14,13,20,19,16,19,15,20,13,10,14,10,16
19,17,19,12,18,13,14,16,16,18,19,12,17,10,15,15,11,11,19,16,15,14,12,14,20,14,20,12,11,16,13,10,19,11,16,19,20,13,14,17,12,12,11,15,19,18,12,20,15,15
18,11,12,13,13,13,15,10,19,15,14,17,13,19,18,14,14,12,15,16,10,16,18,10,15,17,13,17,11,12,10,13,12,13,20,10,15,15,11,15,15,16,17,15,20,10,10,19,11,18
12,12,16,13,16,15,10,12,12,10,17,13,17,16,10,17,12,10,19,17,19,20,18,10,17,11,20,13,16,18,17,12,19,19,14,17,11,11,16,18,19,11,10,11,12,13,19,10,18,20
13,13,19,17,13,17,13,17,13,10,20,14,11,18,16,18,20,11,20,13,15,10,19,18,12,15,12,13,10,18,12,10,11,20,18,16,15,20,20,16,17,16,14,20,11,15,18,10,10,20
18,16,14,11,10,13,15,13,12,18,15,13,16,19,20,13,10,18,15,16,17,16,16,17,19,12,12,17,13,19,17,12,17,14,16,13,17,12,12,15,20,10,17,17,12,19,12,18,20,18
10,11,12,20,20,12,15,20,15,17,10,10,16,16,14,12,17,19,10,14,12,13,14,11,11,14,10,19,20,20,14,20,10,12,19,11,17,13,18,13,12,20,11,20,18,19,18,20,20,16
14,12,18,11,20,16,19,15,20,16,16,10,17,13,11,11,11,18,17,17,17,13,11,13,16,16,18,15,17,17,15,19,12,14,17,20,10,17,18,16,20,17,16,16,14,11,11,12,15,14
12,17,15,20,14,19,20,14,19,14,13,15,11,10,14,10,11,17,19,18,20,20,20,14,12,15,20,10,10,16,13,18,19,18,19,16,11,13,13,17,19,12,10,12,17,15,14,16,14,18
15,14,12,14,19,19,18,18,19,13,11,10,14,12,19,13,15,16,10,11,17,20,12,18,12,12,18,12,11,12,11,20,17,18,14,11,10,18,14,18,18,15,11,15,12,13,18,11,16,12
15,13,17,20,18,11,14,19,16,16,17,19,10,13,20,14,14,11,18,20,17,10,13,13,12,13,11,10,11,15,14,16,11,16,12,20,13,13,20,15,15,18,10,13,14,11,15,14,16,16
12,17,18,12,20,19,20,19,20,10,17,20,17,17,20,20,20,20,14,16,16,13,15,16,14,13,13,20,17,17,10,18,10,14,19,19,18,11,11,10,12,16,10,14,11,16,16,11,14,14
12,10,10,10,16,16,10,20,12,18,12,18,14,13,11,18,18,16,16,20,12,16,15,13,18,18,12,12,16,16,19,13,15,19,12,14,19,16,10,14,14,17,10,15,18,13,18,20,12,20
18,16,15,19,16,14,11,13,20,12,17,19,20,18,11,12,10,17,19,13,10,19,15,15,12,20,20,10,10,13,14,20,10,15,16,10,13,16,16,16,10,10,11,18,16,17,20,18,18,15
14,20,20,17,17,15,13,10,14,19,10,14,20,15,13,19,19,12,14,18,20,18,20,14,18,17,10,12,19,16,18,11,18,19,19,20,17,13,11,12,11,16,10,16,18,14,13,19,18,12
15,16,18,16,18,20,16,10,18,17,19,12,15,19,14,13,19,14,16,14,13,10,14,19,12,18,14,14,17,15,18,14,13,13,20,14,10,12,10,20,18,14,15,12,19,13,10,16,19,19

The sequence dependent setup time of each job processed on machine 4.
(Where rows denote jobs: 1 to 50 and columns denote jobs: 0 to 50.For example:The value of Sijk is in row j,column i+1.)
11,11,14,14,14,20,12,16,19,14,18,14,17,13,17,16,19,20,17,11,19,16,16,18,12,18,17,18,19,18,18,15,17,13,16,10,18,16,15,11,17,15,11,17,18,13,17,12,19,11
15,13,11,10,12,18,10,17,20,13,14,13,14,18,19,15,11,20,10,14,10,19,19,17,14,16,11,16,10,16,17,11,10,16,20,19,18,18,18,17,10,10,11,12,19,20,17,20,20,10
15,14,15,13,20,14,10,20,12,10,11,19,14,14,10,18,20,10,13,19,11,16,18,17,12,15,10,13,20,15,19,18,13,17,14,10,17,20,19,16,14,12,12,10,12,20,10,14,14,18
11,17,15,20,18,14,17,19,10,12,19,13,20,17,14,13,19,19,18,19,20,15,13,19,20,16,11,10,19,10,20,17,10,13,19,10,19,13,10,14,19,12,13,11,17,13,20,11,16,13
17,11,15,20,18,19,20,18,18,18,15,19,19,19,19,10,17,10,18,11,20,18,18,11,18,11,14,12,15,20,19,12,16,17,11,20,17,17,14,14,18,11,19,14,10,15,12,19,13,19
20,14,18,11,18,14,17,19,20,16,16,19,15,15,10,14,12,15,12,13,17,12,12,17,15,17,11,17,14,19,11,13,15,17,15,16,18,19,11,12,18,15,16,11,13,17,14,17,20,18
14,12,11,11,19,11,13,12,11,15,10,17,10,12,17,18,15,20,19,10,11,11,12,15,13,16,17,14,19,13,20,12,19,11,16,15,16,15,20,12,11,12,16,13,17,19,18,10,13,12
13,11,10,12,15,11,15,18,16,18,15,20,12,12,12,15,10,18,11,15,14,18,12,15,14,15,10,17,10,19,19,12,17,17,19,10,19,19,13,17,18,14,13,13,17,13,11,14,17,13
15,20,12,13,15,20,11,19,13,19,11,16,15,20,13,19,18,16,10,16,13,18,19,16,14,11,15,19,15,19,10,14,11,18,16,11,19,14,11,20,12,15,20,14,12,20,14,11,12,13
10,15,18,20,20,14,19,20,12,18,18,14,11,10,15,19,11,20,12,18,15,20,12,18,17,19,16,18,17,18,14,10,10,13,15,18,18,14,13,18,10,13,16,16,16,12,12,19,13,19
14,10,13,19,13,20,20,15,14,18,16,12,10,13,13,20,15,10,16,18,10,11,11,13,16,11,18,20,20,10,10,13,20,16,19,10,20,11,14,20,20,19,16,11,11,18,13,11,16,10
10,11,13,14,20,10,16,15,11,12,10,10,11,15,11,15,19,18,10,10,11,18,17,11,15,16,20,11,19,17,20,17,14,18,13,16,17,17,14,19,12,16,19,18,10,17,11,20,15,12
20,10,19,16,20,13,19,12,20,12,19,14,19,20,14,11,14,11,15,20,11,18,10,10,20,13,15,13,18,10,17,16,17,12,19,17,10,14,10,16,10,12,13,13,14,10,20,13,14,10
14,16,20,14,14,13,18,11,13,17,20,17,18,13,19,18,20,17,12,18,17,14,18,13,11,19,12,15,11,19,17,13,13,14,19,16,12,11,15,10,10,11,15,11,10,16,17,15,20,17
14,19,10,11,17,18,15,16,17,14,15,13,13,17,12,17,17,14,20,12,19,20,17,15,10,10,10,17,19,20,16,19,14,12,17,11,20,19,11,11,14,17,10,14,13,18,12,17,10,15
16,18,10,19,16,12,18,18,19,14,18,16,11,13,15,20,10,10,20,19,11,11,19,19,11,15,11,18,10,18,17,12,19,14,13,19,17,18,13,12,12,18,19,18,19,14,11,18,20,13
10,20,15,13,14,18,13,12,10,16,11,12,19,18,11,19,19,20,20,10,18,19,17,17,10,18,10,15,18,10,20,20,11,18,10,14,11,12,14,12,15,20,15,15,19,14,11,10,17,12
17,20,14,19,14,11,10,10,16,19,18,13,17,19,14,15,13,10,13,14,10,15,10,12,19,16,10,14,20,17,12,16,12,14,11,13,18,19,12,18,11,20,13,11,10,13,20,13,17,19
11,16,10,12,16,11,15,12,16,10,12,15,18,20,11,20,16,20,14,11,15,11,19,16,18,19,15,13,10,17,16,14,15,19,18,19,14,20,14,16,18,13,10,20,13,11,12,11,11,11
17,18,15,14,16,12,16,20,15,18,11,11,12,11,11,15,11,10,12,16,16,14,13,12,16,10,11,19,13,17,15,20,13,14,20,16,17,10,19,19,14,19,17,10,10,20,16,18,18,10
13,16,17,14,11,18,11,13,18,11,17,20,13,10,12,17,20,15,10,20,12,10,12,20,15,19,10,12,13,14,12,12,13,10,10,10,16,13,16,10,17,18,19,11,14,18,16,10,19,13
13,10,10,10,17,17,11,17,19,18,18,18,14,11,12,18,16,18,19,17,16,11,14,13,11,17,14,14,13,17,14,12,20,18,15,11,10,13,18,17,11,20,18,15,12,10,19,10,12,19
14,20,10,13,13,18,17,12,20,12,13,18,15,14,11,10,15,13,10,20,12,17,17,16,12,10,16,14,17,18,20,11,14,15,15,11,19,14,12,13,13,12,20,20,11,16,12,12,20,20
20,12,18,11,15,20,20,16,15,12,15,13,13,12,11,16,12,19,10,17,17,15,20,12,20,13,17,17,19,13,11,13,12,11,15,13,14,16,10,19,10,17,16,16,20,16,12,10,20,16
12,19,13,19,11,10,13,15,15,18,14,13,16,12,11,19,14,18,17,15,19,19,11,18,14,18,17,15,20,11,13,18,12,14,14,11,19,17,10,17,10,10,16,14,20,10,13,19,10,17
14,17,13,15,20,16,17,13,19,15,20,19,17,16,16,18,13,12,11,17,14,19,17,14,17,12,16,10,19,11,15,20,18,15,17,17,17,14,17,16,12,19,10,16,13,11,19,10,14,12
10,19,14,19,18,14,11,14,18,10,20,15,14,13,19,20,12,11,12,17,11,10,20,14,19,11,10,10,19,16,16,20,19,15,14,14,18,20,17,20,20,11,10,15,17,16,11,15,11,15
20,19,13,16,17,14,18,15,12,19,16,13,11,16,13,10,18,10,20,13,18,16,17,10,11,15,16,15,13,11,19,20,15,20,12,11,11,12,14,12,16,11,12,10,16,11,16,18,12,13
15,15,18,19,18,15,10,17,11,16,19,13,20,16,17,16,16,12,19,13,17,11,14,15,12,10,16,10,17,11,15,14,18,14,13,20,11,19,10,16,20,20,19,17,14,14,13,20,14,16
13,12,13,11,19,20,11,14,20,10,14,18,10,20,20,14,14,17,17,12,12,12,11,19,11,18,10,18,17,14,11,10,14,18,17,14,10,13,16,20,19,16,20,10,12,13,17,17,14,16
19,16,11,17,17,10,18,19,17,19,11,11,20,16,12,19,18,10,11,12,14,11,14,15,16,15,11,16,18,20,11,19,12,13,10,18,19,13,14,17,19,16,16,20,10,14,17,15,18,18
17,16,14,11,17,17,14,20,10,18,20,17,12,14,16,20,19,10,15,15,18,19,14,13,11,12,14,18,17,10,17,10,13,19,11,17,20,15,18,15,17,15,11,13,13,20,18,15,18,14
17,11,20,13,12,10,12,11,13,15,15,15,10,15,12,16,20,16,17,13,16,14,20,13,17,12,13,16,12,11,12,19,12,14,14,15,16,17,16,19,10,12,10,13,14,14,15,13,19,18
11,11,11,19,14,13,13,16,13,11,16,19,18,17,18,14,19,11,12,11,20,18,18,10,10,19,18,17,15,10,17,13,18,18,20,19,17,10,20,14,15,12,17,13,13,18,15,12,13,17
19,14,13,13,16,10,20,20,19,11,13,20,20,17,17,14,10,20,11,13,18,15,13,16,11,11,13,19,19,10,20,11,19,20,12,10,20,10,17,13,14,14,15,11,13,17,19,14,18,16
12,17,15,18,11,18,12,14,16,20,10,14,17,20,20,20,14,17,18,13,13,19,19,16,11,18,12,12,20,15,11,16,18,19,20,13,13,20,11,14,18,17,14,18,14,18,15,15,14,18
14,14,20,12,12,18,20,14,16,13,14,10,16,10,15,10,20,15,19,14,14,16,12,14,15,12,20,11,17,19,17,12,18,16,15,10,10,14,10,14,14,15,19,10,19,15,19,18,19,16
19,11,17,19,20,11,10,20,11,15,18,12,12,14,17,18,10,16,14,13,10,19,18,20,19,14,15,16,17,10,12,16,10,19,14,10,18,10,15,12,13,13,18,18,18,12,20,20,10,10
16,18,19,13,19,13,11,20,18,19,11,19,14,15,13,12,15,10,11,10,20,18,10,19,20,10,17,16,18,12,19,14,16,13,19,17,17,19,10,19,20,10,16,19,17,18,18,11,17,12
16,16,18,18,12,10,16,11,20,13,15,14,20,20,17,15,11,17,20,20,19,19,15,20,14,11,15,10,17,13,14,15,14,15,18,17,12,19,10,13,17,13,12,12,13,16,12,12,11,17
11,15,13,20,16,19,19,11,12,14,15,17,15,17,10,19,12,10,17,10,12,19,17,14,20,16,19,11,14,12,18,14,17,11,10,17,19,12,13,17,16,19,10,19,12,19,12,15,20,15
11,20,20,11,11,14,10,18,15,12,19,19,20,13,18,19,10,16,12,13,16,17,13,16,18,10,13,15,11,15,17,14,15,14,19,13,18,15,14,19,18,13,12,14,16,12,10,16,11,14
16,17,10,10,19,11,15,11,13,13,11,20,14,13,17,14,11,18,12,16,12,14,18,20,11,10,12,10,20,18,14,18,11,19,12,15,13,14,10,15,14,12,19,19,15,12,19,11,14,12
17,16,16,10,11,13,12,10,15,18,19,20,16,17,13,14,20,19,18,15,10,18,19,16,16,20,14,14,17,13,18,19,10,17,16,20,16,10,15,11,12,11,12,11,18,13,10,17,16,14
13,20,12,17,20,15,16,17,20,14,20,10,18,19,18,11,16,17,14,10,10,18,17,16,13,10,14,13,14,16,19,20,12,14,18,11,14,20,15,19,20,14,12,20,13,17,10,13,20,19
10,12,15,17,16,13,10,14,11,18,11,13,17,15,17,19,16,14,18,19,14,15,14,19,16,10,12,13,13,18,16,12,13,14,13,13,18,17,10,19,11,12,19,11,19,19,12,19,20,17
13,17,15,18,13,19,13,12,10,20,13,11,17,14,17,14,20,17,17,12,15,12,14,15,13,18,10,15,20,15,12,17,18,18,15,10,20,15,19,11,18,12,14,17,19,15,10,10,20,12
16,13,12,13,11,19,19,16,12,15,10,15,11,12,14,12,20,16,15,10,17,16,12,18,13,15,11,16,20,12,10,10,18,10,17,20,14,10,20,12,13,18,13,13,13,11,10,17,15,20
20,16,14,19,12,10,15,16,16,16,14,14,19,17,20,15,19,19,10,14,11,10,16,10,19,19,14,18,16,15,16,11,11,14,19,10,15,19,18,17,10,14,20,17,17,20,10,17,10,15
18,15,13,11,15,15,10,16,10,10,16,14,10,18,15,10,16,18,20,12,17,19,10,13,10,18,16,18,15,18,11,17,18,10,16,14,15,13,15,17,10,18,16,19,20,13,11,20,19,14
20,18,17,13,18,17,16,16,19,15,12,13,20,19,16,17,14,13,16,16,10,18,15,19,13,17,20,11,15,15,19,17,20,11,10,15,10,14,14,16,10,19,16,16,15,12,10,17,18,15

The sequence dependent setup time of each job processed on machine 5.
(Where rows denote jobs: 1 to 50 and columns denote jobs: 0 to 50.For example:The value of Sijk is in row j,column i+1.)
19,13,19,18,12,12,16,11,13,13,13,13,12,12,10,10,19,18,12,15,14,11,14,20,16,15,19,19,20,18,10,17,17,16,10,18,15,14,19,12,18,17,14,19,18,12,11,12,14,13
19,10,14,13,16,11,19,20,14,12,12,14,20,14,17,14,14,18,13,16,20,19,14,15,11,15,16,19,15,18,19,13,18,19,16,15,19,16,17,14,13,10,14,11,12,14,10,20,20,20
15,19,12,15,12,14,20,18,16,10,10,20,10,15,13,18,13,12,12,17,10,12,12,16,15,16,14,12,12,20,12,19,15,14,17,20,14,17,18,14,16,14,15,14,17,16,14,18,15,20
12,14,16,17,12,18,12,13,18,17,20,18,17,11,20,16,12,16,15,10,19,13,16,13,18,19,16,13,10,16,10,15,12,17,14,16,10,11,15,18,18,19,19,20,11,12,18,19,19,12
16,10,15,19,18,10,18,11,12,11,15,17,14,18,13,14,18,20,13,20,17,15,14,17,14,14,20,20,10,12,13,10,15,20,10,13,15,16,13,18,17,13,20,11,17,15,18,18,17,20
13,10,13,12,19,16,17,18,17,12,20,18,11,18,15,18,14,20,10,13,19,15,14,19,10,19,19,17,11,12,11,13,16,12,20,10,12,16,10,18,15,11,15,14,18,19,20,16,18,12
13,18,14,13,19,10,17,14,20,19,16,20,14,18,12,16,20,15,16,18,18,10,19,18,14,19,19,10,16,13,12,20,14,18,15,13,14,14,11,19,12,18,11,17,20,14,15,11,18,13
20,13,14,19,20,13,15,19,16,13,12,17,15,15,11,18,12,10,13,12,10,20,10,18,16,18,11,12,14,15,20,19,20,12,16,12,17,18,10,20,14,18,11,11,18,20,16,14,17,20
14,14,18,12,10,18,19,14,10,20,10,12,14,20,12,14,14,17,12,15,11,19,12,13,20,14,15,11,14,17,17,14,19,18,17,18,11,19,13,16,14,14,11,18,11,11,19,14,15,13
12,18,11,17,16,13,13,16,13,17,16,12,12,15,14,12,19,14,20,11,17,17,15,20,19,13,13,14,20,14,17,17,13,13,19,18,15,11,17,10,13,13,14,18,11,12,15,18,20,15
10,17,14,12,18,17,12,12,19,18,13,16,20,19,10,14,12,13,14,16,18,12,17,18,18,12,17,13,12,11,20,11,17,15,14,16,14,18,18,16,11,12,14,14,12,11,17,17,10,17
12,18,11,10,17,11,12,15,17,20,11,18,18,12,14,17,17,20,15,15,12,14,11,20,11,11,20,12,10,12,18,12,17,16,12,12,16,10,15,16,20,20,20,11,17,15,13,20,19,10
16,15,19,14,13,15,15,15,17,15,15,15,12,11,20,18,15,14,15,10,18,11,16,16,20,17,17,10,13,13,20,13,10,17,13,12,11,10,19,12,12,11,12,19,11,12,13,18,10,12
16,13,12,19,20,17,15,13,13,17,16,15,18,20,14,20,17,19,15,17,18,18,19,15,10,19,15,18,12,18,16,20,15,16,15,13,12,17,16,17,16,14,10,12,14,17,10,14,13,17
10,19,10,13,18,10,20,19,13,16,13,13,13,12,12,13,12,17,20,17,13,18,18,10,10,19,16,16,11,17,13,16,12,11,20,18,19,16,15,19,20,11,20,17,11,19,15,12,19,19
20,16,12,12,16,14,17,14,13,12,11,10,12,13,18,15,10,15,20,14,14,11,14,12,19,18,13,20,18,18,14,20,19,10,17,10,20,19,12,13,15,16,10,11,18,10,10,10,10,12
10,13,14,18,16,17,15,20,19,14,17,17,18,11,17,10,20,20,14,15,18,20,18,16,20,11,19,14,15,15,14,10,14,17,14,15,10,13,11,15,13,20,17,17,18,18,16,17,18,20
10,20,18,11,16,10,11,17,12,12,12,15,20,19,20,20,17,16,10,16,18,20,13,11,13,10,15,12,17,12,16,11,13,10,12,18,13,16,13,12,19,10,15,16,18,19,10,14,13,10
15,19,12,13,11,20,18,14,17,10,20,14,17,19,14,10,18,16,11,18,14,10,13,15,12,17,17,15,11,17,18,12,20,12,18,19,19,17,10,15,12,19,20,19,13,11,16,15,13,12
11,17,16,13,10,10,17,19,14,16,11,18,19,17,10,16,10,14,11,12,19,10,18,14,15,10,13,14,20,17,16,15,19,14,20,19,11,20,13,12,11,17,12,15,20,20,11,16,13,16
20,17,10,16,13,15,16,13,17,19,20,14,17,10,19,14,10,20,14,14,16,20,12,13,18,12,20,13,17,13,13,10,20,11,10,20,11,20,20,18,13,10,16,18,13,11,12,11,13,20
10,16,19,18,14,15,15,11,11,18,16,10,17,13,11,12,11,12,11,19,12,11,11,16,19,10,18,16,14,10,11,17,10,13,12,13,16,12,13,10,17,15,13,11,11,10,18,11,12,14
15,10,11,20,17,14,11,11,13,11,20,19,12,16,11,19,12,16,18,14,19,17,12,19,15,11,14,12,11,17,14,18,15,16,18,10,15,13,20,18,13,11,16,20,18,19,18,18,10,19
14,12,17,18,14,11,16,10,17,18,13,19,16,14,10,14,10,18,11,14,20,17,17,17,16,19,16,13,14,20,18,16,14,20,19,18,13,10,17,10,15,10,15,11,19,19,12,13,10,13
12,17,10,14,11,20,12,13,17,10,13,13,11,10,20,16,20,18,14,17,19,12,17,15,16,13,20,17,19,18,10,10,14,13,20,20,13,13,13,18,16,13,12,15,19,15,11,11,19,19
12,16,19,15,13,16,10,11,19,12,10,18,10,17,20,11,17,16,17,14,17,19,15,12,14,19,12,10,11,15,12,14,18,16,11,16,11,11,19,11,12,10,17,17,19,16,20,14,20,11
18,17,13,18,19,13,17,14,15,16,16,16,16,13,19,16,20,16,15,14,13,16,11,12,11,13,20,14,14,14,14,10,16,15,15,11,17,17,19,17,20,18,15,11,11,20,16,19,14,10
15,13,11,12,12,19,19,11,16,15,18,16,14,11,16,11,20,17,16,14,17,20,12,19,10,11,15,16,11,18,18,13,20,15,14,17,17,19,19,17,14,16,15,10,18,12,17,13,19,15
16,17,16,19,16,14,19,19,12,15,15,18,14,12,12,15,10,20,13,16,13,10,20,14,15,12,13,17,14,11,16,14,19,16,12,11,12,20,18,13,10,11,15,16,17,19,11,13,10,20
13,16,20,14,10,11,17,17,16,20,11,12,20,12,19,20,20,14,10,19,10,13,19,20,12,10,19,14,20,10,17,19,16,17,11,20,14,12,16,10,10,20,10,15,16,17,15,10,18,20
16,14,10,17,20,15,20,19,20,20,13,14,12,16,13,16,15,16,10,12,12,16,13,20,18,15,20,11,14,12,18,16,12,13,19,19,20,18,12,11,13,19,20,13,15,19,16,19,18,12
19,14,20,17,12,20,10,16,18,12,10,19,19,16,18,15,11,15,11,13,17,18,14,10,11,17,20,20,19,12,11,20,18,16,11,13,16,17,12,12,13,11,18,20,19,17,11,16,15,18
10,12,14,15,10,19,18,18,12,14,15,11,19,16,20,18,14,19,17,11,16,19,11,16,14,17,18,20,10,19,11,13,12,13,12,13,20,10,19,17,15,12,16,12,10,16,18,19,15,19
11,15,20,17,12,14,17,17,19,11,12,18,14,10,17,12,18,20,16,15,14,19,17,15,17,17,12,20,11,10,11,13,20,12,12,13,15,14,20,12,17,11,15,16,12,13,15,20,15,19
16,14,18,13,19,15,19,14,12,18,12,13,14,20,14,15,19,14,14,15,11,17,15,15,11,19,16,16,18,11,19,14,12,15,16,11,16,14,11,16,16,18,20,14,14,15,17,13,14,10
12,12,12,12,14,13,15,12,13,19,12,16,14,19,10,19,16,13,18,17,11,18,12,15,12,17,19,17,18,17,14,17,15,19,11,15,17,12,15,14,12,14,15,20,10,17,20,13,11,14
14,17,10,20,15,18,19,17,16,11,10,17,12,10,17,15,13,11,20,17,17,12,18,17,17,20,17,10,14,11,15,14,19,10,11,12,14,15,15,17,15,16,20,11,14,10,19,19,13,16
20,16,15,12,14,19,14,11,19,13,10,11,13,13,17,18,14,17,19,12,18,14,20,19,15,17,19,13,11,10,20,12,14,19,16,15,17,11,14,17,17,10,17,10,10,12,17,12,12,18
16,14,11,18,19,16,19,20,15,14,15,13,17,20,13,19,14,15,20,16,15,18,13,18,18,19,16,12,18,15,19,13,14,13,12,20,19,14,15,17,17,13,17,15,17,13,19,11,17,16
20,17,11,16,12,16,14,18,11,10,10,11,17,14,18,15,14,12,14,17,12,13,12,17,19,13,14,13,11,11,13,17,11,20,18,18,18,10,16,17,19,12,17,18,13,18,17,11,11,12
18,19,16,18,18,16,10,11,10,19,13,19,15,17,11,18,10,20,19,17,11,16,16,11,12,20,16,10,18,20,16,16,13,10,11,11,11,12,16,15,11,20,14,14,12,20,20,14,10,20
16,20,14,19,12,19,10,10,13,18,20,19,16,19,19,18,16,10,10,19,15,15,19,15,19,10,17,20,17,10,19,16,19,14,20,14,14,13,13,18,12,11,14,10,19,18,14,14,18,12
16,17,11,10,20,20,15,19,19,15,14,13,14,15,20,12,20,12,18,13,17,15,20,15,20,16,14,19,10,17,17,11,13,14,20,12,15,16,11,17,14,11,14,11,13,12,16,18,18,14
19,13,13,20,10,20,15,10,12,13,17,20,12,15,11,11,19,16,20,18,16,16,16,15,17,16,20,15,20,15,17,17,10,17,16,11,16,18,12,19,14,20,12,18,10,16,15,11,11,14
15,15,11,12,18,19,14,18,14,16,18,10,11,19,16,12,15,20,10,11,20,15,12,12,17,15,14,14,18,16,15,14,13,17,12,13,15,13,15,19,20,19,10,11,20,15,14,17,18,20
16,15,18,11,15,12,14,11,16,13,20,10,16,12,10,18,17,20,16,15,10,17,20,16,17,19,12,13,18,12,11,11,11,17,14,19,13,10,12,10,14,11,17,18,11,20,11,17,11,15
19,11,11,15,18,19,19,14,10,18,10,13,12,18,19,20,15,10,16,13,13,10,17,14,20,18,14,13,19,18,18,19,10,20,13,18,13,15,17,17,17,18,13,12,10,13,13,13,16,13
17,18,15,18,16,11,13,10,15,13,10,13,10,20,16,15,14,12,14,10,12,14,15,15,17,19,16,11,16,16,20,12,10,16,17,15,19,17,11,20,16,17,20,13,19,13,14,20,15,12
19,11,18,13,20,12,11,16,12,11,10,19,10,19,16,10,18,15,14,19,18,14,14,19,20,17,12,14,11,20,19,15,15,18,19,13,13,14,13,13,14,10,10,18,14,13,19,16,20,18
17,11,18,19,17,12,17,10,18,16,20,16,19,18,14,10,17,13,15,14,19,12,15,10,20,11,15,16,11,16,17,10,12,16,17,20,16,12,17,15,20,17,18,14,15,13,17,17,17,10
12,17,18,15,14,10,19,12,17,11,18,16,12,18,10,17,16,19,20,16,11,11,17,12,14,16,12,20,10,11,15,11,16,13,19,18,17,11,10,11,11,16,20,18,12,10,20,16,20,11

The sequence dependent setup time of each job processed on machine 6.
(Where rows denote jobs: 1 to 50 and columns denote jobs: 0 to 50.For example:The value of Sijk is in row j,column i+1.)
16,18,18,16,15,16,16,14,17,11,13,14,13,15,18,18,17,18,12,15,20,16,17,12,12,12,14,18,15,18,17,19,18,18,14,11,12,18,11,10,16,17,10,19,14,12,14,12,11,17
12,10,10,15,20,17,12,11,12,13,14,13,10,20,13,16,17,14,10,12,13,18,11,13,10,12,15,14,15,18,18,12,18,13,13,13,17,13,10,18,14,14,14,10,19,18,13,12,17,12
15,11,10,10,16,10,18,13,11,11,14,16,19,19,11,16,16,11,17,14,18,14,20,20,11,18,10,10,15,12,16,12,13,20,14,11,12,20,12,13,15,17,18,14,15,11,20,15,20,16
16,16,15,17,13,11,15,16,14,17,19,18,18,17,15,15,18,11,12,13,14,15,10,18,10,12,18,13,20,17,16,16,14,10,17,20,11,12,17,14,16,18,12,13,18,18,12,14,20,14
17,15,16,12,17,14,10,19,17,16,11,19,18,13,20,18,16,14,17,18,12,14,11,19,13,19,11,14,17,18,12,17,10,14,20,15,16,11,17,14,18,10,17,17,19,10,11,19,18,12
14,12,12,11,18,12,20,19,10,13,13,20,19,11,11,15,14,20,15,17,15,20,18,14,11,10,20,12,19,12,12,12,20,15,19,19,15,13,17,13,13,15,17,13,13,11,12,14,17,11
17,18,20,11,11,13,18,17,17,15,12,18,14,11,19,15,19,12,19,12,13,18,16,18,11,20,19,11,20,15,20,11,12,16,13,15,14,18,12,18,14,10,13,18,20,16,18,12,19,15
18,17,19,13,13,11,15,17,11,17,18,11,12,15,11,16,17,19,17,12,12,17,19,15,14,14,10,15,19,18,20,14,12,20,14,19,20,12,17,12,13,15,12,15,12,19,20,15,18,12
20,11,14,15,11,14,14,13,20,12,12,16,15,19,18,10,12,10,15,16,18,20,16,15,10,19,11,20,16,20,16,18,19,15,11,11,13,12,14,17,15,13,18,14,15,14,18,14,18,18
17,19,18,10,17,15,12,17,17,12,18,11,20,13,20,10,11,17,12,11,14,15,13,13,20,16,20,16,18,14,15,10,18,10,12,18,17,13,14,20,11,16,11,14,11,18,11,10,15,16
13,12,14,13,15,18,12,16,19,16,14,15,18,13,17,11,20,19,17,17,16,13,19,16,10,10,16,19,11,18,18,20,13,13,14,13,15,20,11,17,17,12,15,10,12,13,15,12,15,17
16,19,12,10,11,16,18,13,10,14,12,13,10,11,14,16,15,13,10,15,20,17,17,11,18,14,15,11,18,13,19,18,11,15,18,10,13,16,18,13,17,16,12,20,15,11,15,14,10,12
19,15,16,17,16,12,16,17,11,14,20,19,19,14,10,19,11,20,14,10,11,16,14,20,16,10,19,20,15,20,17,16,15,10,20,11,16,15,17,10,18,15,12,19,13,13,19,13,13,10
13,17,16,15,18,16,18,17,12,11,16,19,13,14,19,16,12,11,16,18,13,13,17,19,17,20,13,10,14,10,16,14,17,18,19,12,10,17,18,18,13,17,12,15,16,14,15,13,14,14
17,15,11,19,16,17,16,19,12,15,16,17,20,20,20,16,18,13,20,10,13,11,12,12,17,16,12,20,12,11,15,18,10,12,13,20,18,16,14,11,15,13,10,19,19,14,11,16,11,12
15,17,19,12,17,20,17,15,13,10,11,13,10,13,14,13,18,18,16,13,19,16,17,14,19,10,14,16,13,16,11,19,15,10,10,18,14,17,10,13,10,20,10,20,20,15,16,18,10,17
13,15,20,15,18,15,14,13,11,17,18,11,19,19,19,15,12,16,14,17,16,19,15,10,17,19,19,10,11,10,17,16,13,17,14,11,14,15,18,20,20,16,20,18,10,19,17,19,15,16
17,19,11,10,20,15,17,13,17,10,14,17,11,17,16,17,17,14,14,15,12,20,12,15,12,15,12,12,18,16,11,15,13,10,17,15,14,16,11,13,17,14,14,18,19,11,12,15,20,13
14,13,20,14,15,12,16,20,16,16,18,16,12,11,11,14,16,15,13,10,20,12,12,12,19,17,15,16,18,14,11,16,13,17,17,10,11,13,13,16,10,11,10,12,16,19,11,15,10,19
16,16,12,19,12,19,11,11,10,10,20,19,14,20,14,20,15,12,14,16,12,20,14,11,19,18,19,11,18,15,19,15,13,15,11,13,13,12,16,13,11,18,20,10,13,18,20,12,15,18
17,20,13,11,18,13,16,13,10,14,12,13,18,18,13,20,14,14,14,11,14,12,15,10,19,15,18,10,10,13,14,15,11,19,18,10,16,19,20,15,18,11,17,14,13,11,12,15,20,12
19,19,16,19,17,13,20,20,20,13,12,11,13,20,19,18,16,14,16,12,11,11,12,14,18,19,17,15,18,10,12,12,15,13,15,12,18,16,15,20,18,16,18,15,18,13,14,12,13,19
14,13,16,14,17,20,11,13,11,10,11,15,10,14,18,14,10,16,16,19,15,15,15,15,10,16,13,14,14,19,20,20,12,11,18,15,18,18,14,18,18,15,19,20,18,20,16,13,17,11
11,17,13,10,17,14,17,14,20,10,10,16,19,16,14,10,15,17,10,16,12,18,17,11,20,12,18,11,17,20,17,19,20,15,10,11,15,17,11,13,12,18,20,14,13,16,14,17,16,13
15,19,15,20,11,16,20,10,18,15,12,20,14,10,13,18,13,10,18,13,18,18,16,20,16,11,14,15,19,13,13,12,12,19,16,17,17,13,14,12,15,10,13,10,16,17,12,17,17,16
19,17,10,17,12,15,15,20,13,12,18,20,15,15,16,17,17,20,16,16,19,10,20,13,10,20,12,10,11,14,11,13,17,10,10,18,11,17,19,14,18,14,20,17,11,16,13,17,12,15
15,13,16,10,17,19,18,20,19,16,18,12,14,10,11,15,13,12,17,20,20,12,17,18,20,15,18,10,12,13,18,12,10,15,16,15,19,16,10,12,20,19,12,16,12,17,19,19,16,18
16,11,10,14,14,16,11,15,17,12,14,16,19,20,12,19,10,11,17,19,12,14,18,17,20,11,18,16,15,13,20,16,13,18,16,18,14,11,13,19,17,20,15,14,16,12,10,11,11,13
17,19,14,14,17,12,11,11,11,16,15,12,17,16,20,13,18,15,14,10,18,10,12,14,11,10,14,17,20,12,15,17,13,18,10,20,14,14,18,10,12,17,13,16,19,11,13,19,18,18
15,19,20,11,14,10,14,14,13,11,19,11,10,10,12,18,15,11,11,17,13,12,19,17,10,14,14,16,15,11,14,19,15,19,17,15,19,19,12,20,12,11,16,16,16,10,17,18,18,20
13,13,12,17,10,20,16,16,14,10,11,18,14,16,17,19,17,19,17,20,16,16,17,10,20,16,19,10,16,11,17,19,14,14,13,14,15,19,17,19,18,15,20,12,17,20,19,14,14,12
18,19,10,18,13,16,20,12,10,10,11,14,15,14,18,12,18,20,11,16,11,10,20,17,19,13,18,16,19,14,12,20,10,14,10,17,15,17,20,14,18,11,14,12,14,12,12,20,11,20
16,19,12,13,19,10,17,20,17,17,11,20,18,19,19,13,11,17,11,15,16,15,19,12,11,19,20,18,17,18,13,20,18,13,11,14,12,18,18,14,13,19,13,20,20,16,12,13,17,18
20,10,12,12,10,13,19,10,12,11,14,20,13,12,12,16,18,10,14,12,16,14,18,18,15,11,19,16,16,12,10,17,11,12,14,10,10,10,16,17,18,14,17,17,15,18,16,19,19,16
17,12,14,12,15,13,14,19,17,13,15,17,11,16,12,13,14,19,15,12,15,11,12,19,19,11,12,18,19,19,16,10,15,14,18,11,17,16,15,11,20,10,16,19,19,15,19,16,17,11
19,14,18,12,18,15,17,12,17,17,14,16,14,20,17,10,11,15,12,15,12,18,15,11,14,17,11,15,19,16,20,16,17,16,12,14,17,13,13,15,15,11,18,20,17,15,19,20,13,18
16,20,12,16,20,20,20,15,15,11,16,11,16,12,12,13,13,11,16,18,19,11,18,19,14,18,18,18,12,20,11,18,11,14,15,13,17,19,19,16,14,14,13,11,13,10,11,13,13,15
10,14,15,16,13,11,19,20,18,17,11,16,20,14,14,18,12,20,13,19,17,13,14,15,16,20,11,14,18,13,17,20,18,17,11,18,18,13,18,12,13,10,18,13,14,17,11,20,14,15
12,13,15,20,11,20,15,20,18,17,16,13,13,18,19,17,11,16,13,18,20,10,16,19,16,11,14,15,16,20,16,20,16,17,18,20,12,12,11,11,13,10,11,10,20,18,12,15,10,14
14,16,12,10,19,18,14,19,10,15,12,18,10,18,13,13,20,10,20,14,19,14,20,17,12,12,16,15,20,15,14,15,11,13,15,11,20,16,18,10,17,12,18,14,15,15,10,19,16,11
13,17,11,12,20,18,12,20,18,15,18,11,16,15,13,14,20,19,14,17,10,10,12,14,17,12,16,10,12,11,11,15,20,20,10,20,18,15,19,19,19,17,13,11,10,12,17,19,17,16
20,15,13,18,13,16,19,10,11,12,13,11,16,12,17,12,20,14,17,12,16,17,13,11,11,13,11,11,11,11,11,15,11,20,20,12,16,19,13,18,12,15,18,16,15,19,10,14,16,10
20,11,15,18,19,11,10,11,10,13,11,19,10,17,17,15,11,14,13,18,20,10,17,19,20,11,15,17,18,19,16,12,12,19,17,10,11,16,17,15,18,11,17,19,15,18,11,19,12,12
20,10,11,20,15,14,12,14,10,11,14,13,18,19,15,17,15,13,11,15,12,15,20,19,19,15,11,18,14,16,17,19,11,17,13,15,15,14,12,16,10,10,18,17,12,20,19,20,17,12
11,14,17,15,15,17,15,16,16,17,11,15,11,12,18,16,13,16,18,14,20,10,19,18,12,17,14,14,11,12,14,18,17,10,16,15,10,19,17,14,14,19,10,17,12,18,14,11,11,19
17,13,10,11,18,16,19,14,18,11,15,20,11,15,17,20,20,12,20,14,18,12,14,18,18,15,18,17,14,15,17,16,15,15,13,15,14,16,17,14,17,14,15,15,17,15,14,14,14,19
18,11,12,16,13,14,19,18,11,19,18,15,11,16,18,17,16,16,10,16,18,15,13,11,16,14,10,13,19,19,20,12,11,16,12,10,17,17,17,16,12,19,19,13,15,15,11,16,11,20
15,15,11,14,14,12,19,18,12,10,19,19,17,12,17,12,18,20,14,11,10,15,18,15,13,14,18,12,18,15,19,11,20,13,15,14,12,20,16,15,11,16,11,11,20,14,10,10,13,20
10,14,10,19,10,19,17,13,10,19,16,17,13,17,20,16,10,10,15,10,12,13,15,13,17,11,18,20,10,20,10,13,15,16,10,10,12,10,20,13,20,14,15,16,13,18,13,10,15,12
14,13,20,13,17,12,14,16,20,11,14,14,11,10,10,12,10,11,18,19,18,13,11,12,20,19,12,10,19,12,11,11,17,17,14,10,16,13,11,12,16,15,19,10,17,19,17,20,15,15
17,14,19,16,16,11,18,18,19,14,11,10,11,11,19,12,16,16,17,13,15,15,17,17,13,12,11,13,19,19,17,15,18,15,18,18,16,17,17,14,11,10,14,20,14,10,20,11,17,19

The sequence dependent setup time of each job processed on machine 7.
(Where rows denote jobs: 1 to 50 and columns denote jobs: 0 to 50.For example:The value of Sijk is in row j,column i+1.)
18,20,11,20,16,16,14,18,10,13,10,11,20,10,18,15,16,19,13,18,19,14,14,18,10,10,10,18,16,12,11,20,18,15,15,13,11,16,14,12,11,17,18,16,11,10,16,18,14,10
18,20,17,19,15,17,12,12,16,17,16,12,19,19,13,14,20,20,19,13,15,16,19,18,12,14,11,11,14,15,20,11,13,10,11,18,16,17,14,13,16,20,11,11,19,12,17,18,15,15
15,12,18,10,15,20,12,18,18,18,16,12,11,16,10,17,14,20,19,16,14,18,17,11,20,15,20,10,17,13,19,19,15,18,13,17,19,19,17,13,17,16,14,19,18,12,14,17,14,18
19,17,11,19,14,11,18,16,12,20,17,13,11,12,18,18,17,14,18,20,18,12,13,20,20,15,17,12,14,12,11,12,16,17,20,12,11,14,19,14,10,10,11,18,19,20,11,18,17,18
17,18,16,20,15,10,20,17,19,12,20,10,18,16,12,17,20,10,16,10,14,19,13,20,17,13,18,13,15,19,15,12,17,20,12,20,13,13,15,19,15,10,18,13,15,11,19,13,16,15
19,17,11,14,12,20,12,14,20,12,18,12,11,14,17,11,13,14,14,10,11,16,18,14,12,18,19,18,12,16,20,17,16,16,13,13,15,11,20,18,18,17,17,17,14,19,11,11,11,15
12,18,15,16,15,11,19,17,16,16,11,20,13,10,11,16,19,18,12,17,14,14,12,14,14,15,11,17,20,11,11,17,13,20,15,11,16,20,19,16,20,17,10,14,17,20,19,10,19,13
20,15,14,10,12,13,20,15,10,16,18,17,18,11,13,12,11,11,17,16,16,10,15,10,19,14,10,15,13,12,14,18,20,16,16,10,20,10,17,15,14,16,15,12,16,15,16,13,11,20
20,13,15,13,13,18,19,12,14,10,19,12,14,10,17,14,11,17,18,13,16,11,10,12,16,12,17,10,12,11,19,10,10,19,15,17,16,16,10,17,16,19,20,20,18,19,12,19,13,12
11,13,13,17,18,11,12,12,20,10,10,11,19,15,12,15,11,13,19,15,16,14,16,19,11,16,20,20,11,19,10,14,16,10,11,11,10,13,10,10,17,11,13,13,13,11,15,11,10,20
11,13,12,13,14,12,10,18,13,16,10,15,12,20,19,10,13,16,15,13,15,13,10,19,17,11,12,14,10,14,20,20,17,19,17,18,20,15,18,18,17,11,18,17,10,19,19,18,12,15
14,12,15,15,16,14,14,17,17,18,15,14,20,10,11,16,12,13,13,18,20,20,15,14,11,15,13,13,17,17,12,17,20,18,13,13,20,20,20,19,16,11,16,16,16,18,15,17,10,19
17,20,18,15,11,20,19,12,16,20,13,16,19,10,18,13,19,10,12,16,15,20,16,18,18,15,11,11,17,13,17,18,20,11,14,10,14,17,10,12,14,13,11,19,15,15,14,13,20,12
20,10,13,18,16,20,16,14,11,16,10,16,19,14,10,16,12,16,17,17,15,19,17,16,12,13,14,12,13,17,18,10,16,10,14,20,15,17,15,16,17,20,10,13,11,17,16,14,14,12
18,13,18,16,14,14,20,12,10,19,10,10,20,16,18,17,16,13,11,17,17,17,19,17,17,11,14,17,20,10,15,19,12,17,19,16,15,10,11,10,19,11,20,19,15,16,20,19,20,11
14,14,12,11,20,18,19,12,13,18,12,16,14,14,15,17,13,16,16,19,18,12,13,14,18,17,12,14,13,11,16,18,13,10,19,15,18,14,13,13,13,20,15,11,14,10,17,20,10,12
14,10,10,16,20,16,20,10,10,10,11,11,17,16,18,10,17,17,10,19,20,13,20,17,12,16,17,15,15,19,12,15,19,18,17,20,11,18,19,16,13,12,10,12,14,16,19,10,11,17
18,16,10,19,16,14,18,12,18,11,20,19,18,10,19,20,10,10,15,13,12,11,11,20,19,16,16,17,20,17,12,16,17,18,17,11,16,18,15,20,16,18,15,10,20,12,17,13,13,19
20,16,12,13,14,17,14,19,14,16,15,13,16,10,12,14,13,20,15,10,17,15,20,18,20,11,12,16,12,12,18,15,12,12,11,14,17,11,19,17,14,11,19,18,18,16,15,16,20,12
11,18,11,14,16,13,15,20,10,18,17,15,18,19,20,16,16,12,15,14,12,14,18,13,13,20,18,11,20,19,20,11,12,15,12,10,10,20,15,11,17,13,16,20,20,16,19,14,18,14
20,18,14,10,18,17,10,18,10,11,12,19,16,11,13,13,17,19,18,19,10,11,15,15,11,20,17,10,14,11,13,11,11,11,13,13,11,18,12,14,10,20,16,13,18,11,19,18,12,17
16,14,15,18,19,15,10,12,17,15,14,17,18,11,16,14,16,10,19,18,10,12,16,20,15,11,17,20,12,15,13,10,20,20,20,16,12,14,10,17,11,18,13,10,14,11,19,20,19,18
11,16,19,18,14,13,11,15,17,14,15,19,16,20,12,19,14,17,15,16,10,15,12,15,16,15,17,20,10,13,12,11,18,14,15,14,17,17,16,15,11,12,18,20,11,15,14,16,17,11
11,12,17,18,18,18,11,10,17,13,12,19,10,18,14,10,10,10,17,10,19,15,10,17,19,14,12,15,13,11,13,12,20,19,16,13,10,19,20,16,12,16,11,16,16,10,10,20,14,12
19,14,20,20,11,14,12,12,17,18,17,10,16,18,17,18,11,10,15,20,14,14,10,10,13,19,15,10,10,10,17,14,17,15,19,13,10,15,19,19,11,18,12,12,16,12,19,14,10,17
18,16,19,14,17,12,16,12,10,20,17,14,11,20,20,20,19,12,17,12,15,18,11,19,16,15,10,12,20,12,13,15,15,19,18,16,16,18,14,13,10,12,17,17,18,15,18,19,16,16
14,15,18,12,17,15,10,13,17,15,17,19,15,20,10,14,14,20,18,13,18,14,19,15,11,13,10,16,20,15,18,20,20,18,14,13,12,17,19,18,16,16,16,18,11,11,14,13,12,10
20,20,20,19,11,11,10,19,17,17,17,10,20,12,13,11,16,11,19,16,19,12,10,18,15,10,17,10,13,11,20,14,19,19,14,15,16,20,18,20,19,20,16,17,15,10,15,18,18,11
10,18,11,17,17,11,13,16,20,13,12,19,16,13,20,11,13,13,10,12,20,11,17,10,10,20,11,18,13,13,13,17,19,10,20,17,11,11,16,10,12,11,15,11,14,19,15,19,18,12
16,19,17,17,15,16,20,20,13,14,20,16,10,12,17,19,10,20,11,13,11,19,11,12,16,13,12,14,20,12,16,10,10,14,13,15,11,19,11,14,13,11,19,10,15,20,15,19,13,19
16,20,17,18,20,15,17,17,10,15,11,17,19,18,20,18,11,12,19,10,11,13,16,17,11,15,17,11,10,16,18,20,16,17,11,17,15,16,16,19,18,20,17,11,17,19,18,12,19,12
15,20,15,10,16,12,10,18,13,11,10,20,13,17,14,17,20,13,13,13,11,15,18,16,18,19,18,13,20,12,17,12,14,12,13,17,19,17,15,14,15,11,13,14,20,18,20,10,11,14
20,14,12,12,18,14,14,16,15,20,18,19,20,10,18,16,18,19,17,13,15,20,17,15,19,15,10,16,19,12,12,10,13,17,12,19,11,14,16,15,19,16,19,10,10,12,17,12,15,19
17,14,17,15,19,17,19,20,16,13,12,11,12,18,12,15,13,18,11,12,18,19,15,18,20,16,17,19,18,16,17,16,18,14,19,13,19,18,12,12,12,14,17,20,17,15,10,17,12,17
15,19,10,19,10,19,13,15,20,13,16,14,14,13,15,20,13,13,10,17,15,10,13,12,16,20,17,13,16,19,18,20,16,19,14,17,14,18,11,18,20,12,19,20,11,13,20,15,16,19
17,18,13,18,20,13,10,19,13,10,10,12,20,11,19,20,19,19,13,11,18,13,16,17,18,20,14,17,20,11,13,18,13,17,20,19,16,15,10,17,10,14,19,11,16,19,18,10,12,10
15,15,16,12,14,15,15,17,11,12,16,19,19,18,19,10,13,11,13,20,14,11,13,19,19,12,13,18,13,20,10,20,20,15,11,15,20,12,13,18,20,15,19,14,14,19,15,10,11,12
18,20,20,15,20,19,18,15,19,14,11,16,17,15,18,15,17,19,16,13,16,17,12,14,14,15,18,13,17,14,14,16,16,19,20,16,20,15,18,20,16,19,18,14,10,19,13,16,15,12
11,18,16,20,14,10,17,11,17,12,11,17,14,19,18,13,15,20,13,16,19,14,19,14,10,17,16,13,16,14,16,18,10,18,10,13,18,15,18,13,17,14,16,16,10,10,20,16,14,17
10,11,12,16,10,16,12,10,13,18,11,13,11,17,20,18,20,16,15,16,11,12,18,16,19,17,18,17,12,20,20,12,12,12,14,14,17,18,15,16,15,16,16,10,11,13,18,17,16,14
17,16,15,11,19,13,10,12,18,19,20,14,12,18,13,17,20,11,20,20,11,12,13,16,17,19,17,15,15,10,13,18,11,10,12,15,16,15,18,20,20,13,16,20,19,16,10,15,10,12
13,18,15,19,16,14,12,16,19,15,10,17,19,15,10,19,20,13,11,16,14,17,20,15,13,14,18,20,17,14,14,15,11,16,15,10,20,20,14,11,19,20,10,12,15,20,18,20,17,11
15,14,18,16,10,12,16,14,11,19,13,19,13,18,17,12,13,20,18,19,13,18,13,13,18,11,17,11,17,11,13,11,18,10,11,17,17,12,14,11,15,16,14,15,16,10,17,19,13,20
15,12,20,16,19,15,20,14,11,12,18,13,13,17,11,20,17,13,13,12,18,12,20,12,14,19,14,17,20,14,20,13,13,16,13,18,13,11,14,12,11,18,17,17,17,11,13,13,16,15
10,14,10,10,10,16,10,20,15,16,16,10,12,12,19,13,15,14,12,16,18,10,20,12,19,20,17,12,11,12,20,12,17,10,14,14,15,20,12,17,19,10,15,12,11,12,10,20,18,14
13,19,14,10,16,16,17,18,16,12,15,12,19,16,12,11,16,16,16,10,16,20,14,14,17,14,12,19,16,15,15,11,17,12,17,14,12,12,19,15,10,18,11,17,15,13,12,13,12,15
14,20,11,16,18,19,15,14,10,17,10,11,19,17,14,10,16,20,19,18,11,20,12,16,11,15,14,10,13,16,15,11,15,13,19,18,12,17,19,10,16,11,13,11,20,18,13,15,12,15
18,19,18,18,14,10,20,20,15,17,18,17,18,19,11,10,16,10,10,18,16,19,19,20,11,10,18,17,10,16,18,14,14,14,10,13,14,15,17,18,16,13,13,17,15,11,13,19,13,13
14,18,12,20,13,13,20,19,17,18,14,14,13,17,11,16,14,17,12,12,16,18,11,12,13,11,20,17,20,20,16,17,15,13,13,14,18,16,16,16,20,20,18,16,15,16,13,14,19,15
18,19,10,12,18,14,20,11,20,18,17,10,13,13,17,13,13,16,19,13,17,14,13,14,11,15,10,13,20,18,17,19,14,11,18,16,11,18,20,12,12,15,14,16,16,12,16,17,18,14
14,18,13,12,10,12,18,10,11,18,16,18,12,13,14,10,15,11,16,10,10,16,17,15,10,17,18,19,16,20,12,20,11,15,13,12,15,10,20,10,11,18,12,12,18,20,16,18,11,10

