The number of jobs:
50
The number of machines:
7
The number of vehicles:
6
The number of workers:
4

The processing time of each order processed on different machines:
(where rows denote machines: 1 to 7 and columns denote orders: 1 to 
50)
27,26,31,25,30,40,26,24,38,39,28,28,39,33,36,24,29,22,32,36,24,23,33,20,33,34,29,25,22,23,36,27,34,36,26,36,21,24,22,37,24,22,33,39,36,20,33,21,37,27
31,29,21,30,21,25,30,31,35,26,20,26,28,37,32,31,34,27,30,31,25,21,29,22,40,22,24,21,39,21,35,24,27,29,32,31,40,25,20,20,30,35,26,28,38,27,24,29,23,40
21,36,38,28,21,38,31,21,28,24,38,38,37,25,29,21,27,30,22,39,30,23,31,28,23,37,38,24,26,39,34,27,38,21,37,21,26,36,32,40,22,32,38,36,34,25,32,22,20,40
37,34,23,28,36,21,40,33,21,36,38,31,39,37,38,31,32,22,38,35,40,25,22,28,25,35,34,25,39,35,38,29,30,25,27,31,40,31,20,33,37,37,34,37,23,33,25,23,34,27
25,34,24,20,37,20,38,22,21,32,32,36,29,34,33,34,21,36,23,21,30,36,32,37,32,32,29,27,26,21,28,37,39,29,22,34,27,27,31,32,32,36,36,22,26,25,20,32,38,25
32,36,26,26,22,35,39,36,26,23,31,26,31,30,21,31,24,36,23,36,31,25,32,20,28,26,22,36,27,27,32,25,34,28,23,22,26,21,32,39,39,21,40,20,30,36,28,27,28,35
30,30,21,39,39,32,37,22,23,39,28,25,26,40,36,36,24,38,40,39,29,27,21,33,20,32,30,39,39,23,20,27,20,27,34,22,40,23,36,30,26,22,25,34,35,40,40,24,24,33

The coefficient of each worker on each machine:
(where rows denote workers: 1 to 4 and columns denote machines: 1 to 
7)
1,1.5,1,1.5,1.25,1.5,0.75
1.25,1.25,1.5,0.75,1.5,1.5,1.5
1,1.5,1.25,0.75,1.5,1.5,0.75
1.5,1.5,1,1,0.75,0.75,1.5

The unit processing cost of machines:

9,9,7,10,9,8,6

The unit idle cost of machines:

2,1,1,5,2,4,1

The distance between each location:
(where rows and columns denote locations: 0 to 50)
0,99,118,91,63,57,109,91,89,15,112,68,56,39,91,132,50,100,65,100,121,81,68,75,125,99,114,59,65,109,95,105,96,90,117,75,63,121,45,41,108,72,111,66,99,123,29,59,19,114,49
99,0,88,84,117,107,60,64,172,84,73,122,43,84,162,220,128,75,144,190,208,169,120,158,97,75,60,48,159,99,175,109,179,188,203,171,113,188,56,58,74,35,98,127,26,90,93,108,87,203,80
118,88,0,29,85,161,146,144,141,111,16,85,89,133,122,249,167,19,182,218,239,199,174,133,182,20,31,72,149,179,141,37,214,183,235,189,80,137,86,91,15,69,18,93,113,175,93,162,120,231,70
91,84,29,0,57,137,136,130,115,85,30,58,71,110,97,220,140,16,156,189,210,171,150,105,169,15,43,52,120,163,115,25,187,154,207,160,52,116,64,69,25,55,21,66,105,163,64,139,95,203,42
63,117,85,57,0,120,153,139,59,66,87,6,83,97,45,176,110,72,123,146,167,130,130,49,177,71,98,70,66,165,60,55,148,99,165,114,5,71,69,71,81,82,70,10,130,174,37,122,77,158,37
57,107,161,137,120,0,83,63,141,55,150,125,75,28,147,117,31,141,41,89,104,70,14,127,82,141,147,90,109,62,147,156,76,122,99,83,120,177,75,69,147,97,158,123,93,84,84,2,44,102,98
109,60,146,136,153,83,0,21,197,96,131,158,70,75,193,199,113,131,125,173,187,154,92,182,37,131,120,87,174,45,201,161,158,196,181,164,150,223,83,81,131,81,153,161,34,30,119,83,91,185,117
91,64,144,130,139,63,21,0,180,79,130,145,61,55,178,179,92,127,104,152,166,133,72,165,39,127,120,78,155,36,185,154,138,176,160,143,137,208,72,69,129,76,149,147,40,35,104,62,73,164,105
89,172,141,115,59,141,197,180,0,101,145,57,132,128,23,151,119,131,126,128,147,119,147,14,214,130,157,124,37,198,7,108,137,57,146,95,64,42,118,118,140,137,125,49,180,213,80,143,108,137,92
15,84,111,85,66,55,96,79,101,0,102,72,41,31,101,143,56,91,72,112,132,91,67,87,114,91,103,46,79,100,106,101,105,105,127,88,66,131,31,27,99,58,105,72,84,112,29,57,11,125,44
112,73,16,30,87,150,131,130,145,102,0,88,77,122,127,243,158,15,174,212,233,193,164,135,167,16,16,61,149,165,145,47,208,183,229,184,81,145,76,81,5,56,30,96,98,161,88,152,112,226,66
68,122,85,58,6,125,158,145,57,72,88,0,89,103,41,178,115,74,128,150,170,134,136,47,183,73,100,75,67,171,57,54,152,100,168,117,9,66,75,77,83,87,70,8,135,180,43,127,83,161,42
56,43,89,71,83,75,70,61,132,41,77,89,0,48,126,180,89,70,106,150,169,129,89,118,100,70,72,18,117,93,136,94,141,145,164,129,80,154,14,15,75,22,90,92,48,95,53,76,45,163,47
39,84,133,110,97,28,75,55,128,31,122,103,48,0,130,136,44,114,60,106,124,86,42,114,86,113,119,62,101,70,134,129,96,121,119,91,97,160,47,41,119,70,130,102,74,85,60,29,21,120,72
91,162,122,97,45,147,193,178,23,101,127,41,126,130,0,171,129,113,138,146,166,135,155,25,214,112,140,115,54,200,20,87,153,80,165,113,49,30,112,113,122,127,105,35,173,212,75,149,109,156,82
132,220,249,220,176,117,199,179,151,143,243,178,180,136,171,0,92,231,77,31,12,51,107,146,188,230,246,189,118,167,158,229,41,96,18,62,179,193,173,169,239,200,239,172,209,193,156,117,136,18,179
50,128,167,140,110,31,113,92,119,56,158,115,89,44,129,92,0,147,16,62,80,42,30,107,113,147,158,100,84,92,126,155,52,93,75,52,111,158,84,79,155,110,160,111,118,114,79,32,47,75,98
100,75,19,16,72,141,131,127,131,91,15,74,70,114,113,231,147,0,163,200,221,180,155,121,165,1,28,53,135,161,131,37,196,168,217,171,67,132,67,72,9,51,23,82,98,159,75,143,101,213,52
65,144,182,156,123,41,125,104,126,72,174,128,106,60,138,77,16,163,0,48,64,29,35,114,120,163,175,116,90,99,133,170,36,92,59,46,125,166,101,96,171,127,176,123,132,123,93,42,63,61,114
100,190,218,189,146,89,173,152,128,112,212,150,150,106,146,31,62,200,48,0,21,21,81,121,166,199,215,157,93,144,135,199,18,77,19,34,149,170,142,138,208,169,208,143,180,169,125,90,105,14,148
121,208,239,210,167,104,187,166,147,132,233,170,169,124,166,12,80,221,64,21,0,40,94,141,176,220,235,177,112,155,154,220,29,93,6,54,170,189,162,157,229,189,229,164,196,180,146,105,125,10,169
81,169,199,171,130,70,154,133,119,91,193,134,129,86,135,51,42,180,29,21,40,0,63,110,149,180,195,137,82,128,126,181,18,74,36,25,133,161,122,117,189,149,190,128,159,152,107,71,85,34,129
68,120,174,150,130,14,92,72,147,67,164,136,89,42,155,107,30,155,35,81,94,63,0,134,86,155,161,103,113,65,153,168,66,122,89,80,131,184,88,83,161,111,171,133,105,88,95,13,56,93,111
75,158,133,105,49,127,182,165,14,87,135,47,118,114,25,146,107,121,114,121,141,110,134,0,200,120,146,110,28,184,20,100,128,56,140,87,54,52,104,104,130,124,117,39,166,198,66,130,94,131,79
125,97,182,169,177,82,37,39,214,114,167,183,100,86,214,188,113,165,120,166,176,149,86,200,0,165,156,117,186,21,219,193,149,203,170,165,175,244,110,107,167,114,187,184,71,8,141,80,106,176,144
99,75,20,15,71,141,131,127,130,91,16,73,70,113,112,230,147,1,163,199,220,180,155,120,165,0,29,53,134,161,130,36,195,167,216,171,66,131,66,72,10,51,22,81,99,159,74,143,101,212,52
114,60,31,43,98,147,120,120,157,103,16,100,72,119,140,246,158,28,175,215,235,195,161,146,156,29,0,58,157,156,157,63,209,191,231,188,93,159,74,79,20,50,46,107,86,149,94,148,111,228,72
59,48,72,52,70,90,87,78,124,46,61,75,18,62,115,189,100,53,116,157,177,137,103,110,117,53,58,0,113,111,127,76,151,144,173,133,67,141,16,21,58,14,72,80,60,112,46,91,53,171,33
65,159,149,120,66,109,174,155,37,79,149,67,117,101,54,118,84,135,90,93,112,82,113,28,186,134,157,113,0,169,44,121,100,34,111,59,70,78,103,102,144,127,135,59,163,186,67,111,83,102,87
109,99,179,163,165,62,45,36,198,100,165,171,93,70,200,167,92,161,99,144,155,128,65,184,21,161,156,111,169,0,204,187,128,184,149,144,164,230,102,97,164,110,182,171,75,26,128,60,91,155,134
95,175,141,115,60,147,201,185,7,106,145,57,136,134,20,158,126,131,133,135,154,126,153,20,219,130,157,127,44,204,0,106,144,64,153,102,65,35,122,122,140,140,124,50,184,218,84,149,113,144,95
105,109,37,25,55,156,161,154,108,101,47,54,94,129,87,229,155,37,170,199,220,181,168,100,193,36,63,76,121,187,106,0,198,154,217,167,51,100,86,90,43,80,19,62,131,188,76,158,112,211,58
96,179,214,187,148,76,158,138,137,105,208,152,141,96,153,41,52,196,36,18,29,18,66,128,149,195,209,151,100,128,144,198,0,90,23,42,150,178,135,130,204,162,206,146,168,153,123,76,98,27,145
90,188,183,154,99,122,196,176,57,105,183,100,145,121,80,96,93,168,92,77,93,74,122,56,203,167,191,144,34,184,64,154,90,0,94,49,104,97,132,130,178,158,169,92,189,204,99,124,106,83,119
117,203,235,207,165,99,181,160,146,127,229,168,164,119,165,18,75,217,59,19,6,36,89,140,170,216,231,173,111,149,153,217,23,94,0,52,168,188,157,153,225,184,226,162,191,174,143,99,120,12,165
75,171,189,160,114,83,164,143,95,88,184,117,129,91,113,62,52,171,46,34,54,25,80,87,165,171,188,133,59,144,102,167,42,49,52,0,117,137,119,115,180,146,178,110,165,167,96,84,84,45,119
63,113,80,52,5,120,150,137,64,66,81,9,80,97,49,179,111,67,125,149,170,133,131,54,175,66,93,67,70,164,65,51,150,104,168,117,0,75,66,69,76,78,65,15,127,172,36,122,76,162,34
121,188,137,116,71,177,223,208,42,131,145,66,154,160,30,193,158,132,166,170,189,161,184,52,244,131,159,141,78,230,35,100,178,97,188,137,75,0,140,141,140,153,119,62,201,242,104,179,139,179,108
45,56,86,64,69,75,83,72,118,31,76,75,14,47,112,173,84,67,101,142,162,122,88,104,110,66,74,16,103,102,122,86,135,132,157,119,66,140,0,5,73,27,84,78,62,106,38,76,37,156,34
41,58,91,69,71,69,81,69,118,27,81,77,15,41,113,169,79,72,96,138,157,117,83,104,107,72,79,21,102,97,122,90,130,130,153,115,69,141,5,0,78,32,90,79,62,103,38,71,33,151,37
108,74,15,25,81,147,131,129,140,99,5,83,75,119,122,239,155,9,171,208,229,189,161,130,167,10,20,58,144,164,140,43,204,178,225,180,76,140,73,78,0,54,26,91,98,160,84,149,108,221,61
72,35,69,55,82,97,81,76,137,58,56,87,22,70,127,200,110,51,127,169,189,149,111,124,114,51,50,14,127,110,140,80,162,158,184,146,78,153,27,32,54,0,73,92,51,109,60,98,64,183,46
111,98,18,21,70,158,153,149,125,105,30,70,90,130,105,239,160,23,176,208,229,190,171,117,187,22,46,72,135,182,124,19,206,169,226,178,65,119,84,90,26,73,0,78,121,181,84,159,115,221,62
66,127,93,66,10,123,161,147,49,72,96,8,92,102,35,172,111,82,123,143,164,128,133,39,184,81,107,80,59,171,50,62,146,92,162,110,15,62,78,79,91,92,78,0,139,181,43,125,81,155,47
99,26,113,105,130,93,34,40,180,84,98,135,48,74,173,209,118,98,132,180,196,159,105,166,71,99,86,60,163,75,184,131,168,189,191,165,127,201,62,62,98,51,121,139,0,64,100,93,83,193,93
123,90,175,163,174,84,30,35,213,112,161,180,95,85,212,193,114,159,123,169,180,152,88,198,8,159,149,112,186,26,218,188,153,204,174,167,172,242,106,103,160,109,181,181,64,0,138,82,105,180,140
29,93,93,64,37,84,119,104,80,29,88,43,53,60,75,156,79,75,93,125,146,107,95,66,141,74,94,46,67,128,84,76,123,99,143,96,36,104,38,38,84,60,84,43,100,138,0,86,40,138,23
59,108,162,139,122,2,83,62,143,57,152,127,76,29,149,117,32,143,42,90,105,71,13,130,80,143,148,91,111,60,149,158,76,124,99,84,122,179,76,71,149,98,159,125,93,82,86,0,46,102,100
19,87,120,95,77,44,91,73,108,11,112,83,45,21,109,136,47,101,63,105,125,85,56,94,106,101,111,53,83,91,113,112,98,106,120,84,76,139,37,33,108,64,115,81,83,105,40,46,0,119,55
114,203,231,203,158,102,185,164,137,125,226,161,163,120,156,18,75,213,61,14,10,34,93,131,176,212,228,171,102,155,144,211,27,83,12,45,162,179,156,151,221,183,221,155,193,180,138,102,119,0,161
49,80,70,42,37,98,117,105,92,44,66,42,47,72,82,179,98,52,114,148,169,129,111,79,144,52,72,33,87,134,95,58,145,119,165,119,34,108,34,37,61,46,62,47,93,140,23,100,55,161,0

The weight of orders:
18,19,13,20,16,20,19,17,13,12,10,18,11,13,12,14,17,11,19,17,13,12,12,19,10,12,18,20,15,14,12,15,19,13,15,14,10,17,12,20,11,18,13,19,17,15,13,10,19,10

The unit tardiness penalty of orders:

6,10,6,7,9,7,6,6,7,6,9,7,10,10,9,10,9,10,8,7,9,7,10,10,8,6,8,8,9,7,6,9,9,6,9,7,9,8,9,10,6,9,8,7,9,7,6,6,7,8

The due date of orders:
488,221,469,789,472,420,560,322,131,228,308,187,471,770,225,471,463,604,322,246,285,295,470,872,688,273,425,507,737,284,337,358,350,357,178,431,467,336,266,256,220,518,382,374,723,271,158,468,472,585

the loading and unloading time of each order:
5,5,3,5,4,5,5,4,3,3,3,5,3,3,3,4,4,3,5,4,3,3,3,5,3,3,5,5,4,4,3,4,5,3,4,4,3,4,3,5,3,5,3,5,4,4,3,3,5,3

The sequence dependent setup time of each job processed on machine 1.
(Where rows denote jobs: 1 to 50 and columns denote jobs: 0 to 50.For example:The value of Sijk is in row j,column i+1.)
17,15,15,17,20,15,11,20,13,10,18,19,14,19,13,20,12,17,12,10,12,14,10,15,10,14,10,13,18,16,17,20,13,15,13,20,16,14,17,11,13,16,19,16,13,13,17,10,20,10
19,15,17,20,16,18,19,10,11,20,14,16,10,18,10,19,15,13,12,19,13,17,19,12,11,19,11,18,10,12,13,18,12,10,12,16,16,19,14,18,18,14,11,12,15,14,20,14,16,12
15,10,12,19,17,13,13,16,14,13,10,13,14,11,20,19,12,12,15,19,19,15,15,11,16,12,15,20,20,12,10,12,14,15,12,15,12,12,19,16,17,18,16,17,13,15,20,12,15,18
13,17,11,19,17,10,18,13,11,10,11,20,16,20,17,10,14,18,17,11,18,14,13,18,18,17,13,12,15,20,15,12,14,10,17,11,20,11,17,18,14,17,11,19,18,20,10,13,14,12
12,15,13,19,13,18,17,14,16,16,15,13,17,18,18,15,20,16,17,13,10,12,10,20,17,18,12,13,13,14,16,11,17,20,16,16,11,19,19,11,15,13,20,20,12,19,10,18,17,18
14,19,16,12,12,14,14,15,15,17,16,19,12,10,14,12,18,20,13,19,13,10,15,11,10,19,13,16,15,15,10,11,19,11,18,16,18,16,19,13,13,18,12,19,18,12,16,16,18,13
11,12,12,11,19,15,15,19,17,12,19,16,13,20,17,15,12,17,13,15,18,20,15,18,20,19,16,18,19,15,18,18,15,10,10,16,10,17,12,12,12,10,18,17,19,15,18,14,15,15
17,14,19,11,20,11,17,17,13,20,15,12,10,13,11,15,16,13,14,10,10,10,12,17,12,17,12,14,20,16,12,19,17,12,12,14,17,20,11,20,17,19,17,10,16,10,14,17,12,16
14,19,20,10,19,10,15,10,10,17,12,19,12,12,14,11,19,15,19,19,19,19,11,10,19,13,19,14,17,19,15,10,13,18,17,10,14,20,12,20,19,14,15,19,11,11,12,10,18,19
11,18,10,18,19,18,11,18,10,17,20,20,18,19,18,11,13,12,12,18,19,18,17,13,14,13,14,18,14,12,14,16,16,16,13,11,20,17,10,20,14,19,12,15,15,11,13,19,13,15
20,10,20,14,14,13,10,13,17,20,15,20,10,10,11,16,16,14,16,14,14,20,15,18,15,10,14,10,15,16,20,16,20,16,20,14,18,16,10,16,11,18,20,17,20,20,20,19,10,17
19,13,17,10,12,12,10,18,11,16,15,13,15,16,12,13,20,10,16,12,15,17,16,10,19,19,13,12,16,10,16,16,15,17,17,20,17,19,17,11,12,18,10,10,11,10,11,20,10,18
17,17,15,10,18,17,11,17,13,18,16,14,20,12,20,11,10,19,17,14,10,19,20,15,14,18,19,15,16,10,11,19,12,11,10,15,17,16,14,16,11,15,15,17,10,18,18,13,19,15
17,13,12,17,17,14,15,16,16,16,12,19,15,17,18,16,10,16,17,10,10,19,15,10,10,19,10,12,17,16,13,19,14,10,13,18,10,11,12,17,17,11,13,12,10,19,16,17,13,12
13,14,16,10,17,20,15,16,13,10,12,10,18,10,16,19,14,20,14,10,18,11,11,12,18,14,17,16,18,14,14,18,10,17,16,15,20,11,12,19,15,17,10,17,16,13,10,11,12,12
18,17,12,18,16,20,10,20,10,19,17,12,17,14,10,19,14,15,19,20,19,14,12,12,19,10,12,17,19,17,15,10,10,18,17,15,10,16,12,12,20,20,16,20,18,12,11,11,10,15
10,14,20,13,18,16,11,14,13,13,13,14,20,18,17,19,15,20,20,17,14,14,17,11,13,18,14,17,12,11,17,18,19,20,15,12,20,12,13,12,15,13,19,19,10,20,15,11,11,15
18,17,16,17,19,12,18,13,18,19,13,11,13,15,12,20,16,12,19,14,14,13,15,20,13,16,12,20,10,16,18,19,20,17,18,11,16,16,17,19,13,10,17,15,11,14,10,13,19,19
20,18,12,18,16,18,20,11,12,14,12,13,13,19,15,17,17,14,15,14,14,11,15,16,13,18,18,20,13,20,20,11,14,15,19,15,16,17,13,18,13,20,11,10,20,20,17,20,19,18
11,19,18,20,16,13,11,15,19,19,18,16,11,16,10,15,11,12,11,14,20,18,15,17,11,16,12,12,19,16,11,18,15,18,19,13,18,17,19,14,17,11,14,13,13,13,12,11,17,11
20,14,10,11,10,16,17,14,11,17,14,10,10,12,16,12,10,12,12,11,10,14,19,10,11,20,10,10,18,14,12,11,16,10,20,10,20,19,20,20,16,16,20,13,13,18,12,19,19,17
16,15,15,14,18,10,18,14,16,15,18,17,20,10,19,10,16,16,10,19,19,12,14,10,18,18,16,11,14,16,17,10,14,10,15,12,12,10,13,15,19,20,10,17,19,17,14,18,16,12
13,12,17,10,18,20,11,11,17,16,18,12,11,16,11,16,19,11,16,17,16,16,16,10,19,13,17,15,18,18,15,10,19,15,16,18,11,12,20,15,15,12,10,10,17,18,19,14,15,18
11,15,10,15,15,16,15,13,13,17,19,19,17,20,18,19,11,17,18,11,19,18,16,19,10,17,15,15,18,13,13,20,14,13,13,13,20,13,10,18,15,10,12,10,18,18,14,18,16,20
15,16,13,10,11,15,13,20,11,19,18,20,12,11,20,20,19,17,19,14,12,19,10,19,10,17,20,17,20,17,20,17,20,11,20,12,11,13,18,12,11,15,16,20,19,15,18,20,12,20
19,13,11,11,20,11,20,18,10,19,17,15,14,12,18,19,20,20,16,20,14,17,11,14,18,15,16,18,15,12,16,13,12,16,10,13,10,13,14,16,15,20,20,12,17,15,17,19,16,11
13,14,11,18,19,17,16,18,18,19,17,19,16,11,12,20,11,14,10,15,15,18,18,13,14,17,14,18,14,20,15,13,10,11,13,13,17,15,15,17,15,10,15,17,13,12,12,20,10,11
17,16,11,10,19,10,12,20,18,13,13,18,13,19,15,13,16,11,12,18,15,13,10,12,11,12,11,13,14,14,20,20,17,10,13,15,11,11,17,15,18,16,11,16,18,12,16,10,13,16
20,16,16,11,16,20,16,17,16,13,19,10,20,13,11,14,10,19,16,13,15,18,17,10,10,15,14,12,18,18,11,13,17,15,15,20,11,13,11,17,17,15,18,19,10,15,18,20,14,16
14,12,14,11,18,15,20,19,11,10,11,16,13,19,11,20,20,16,11,19,19,17,14,19,17,16,13,12,11,15,20,11,11,10,18,11,13,17,17,16,16,20,15,17,17,10,10,16,16,12
20,17,20,16,16,13,20,14,15,18,18,14,20,19,14,12,12,12,17,19,20,11,19,19,20,13,11,13,19,16,10,13,14,20,12,17,19,13,19,14,13,11,11,18,20,18,20,14,14,15
12,16,15,11,19,13,15,10,16,15,15,20,15,17,19,13,14,20,14,18,19,11,11,16,18,14,17,17,12,12,16,12,10,20,16,19,20,18,13,18,15,20,19,12,10,16,11,18,12,11
14,19,18,16,10,14,11,14,16,11,13,12,11,18,19,15,11,18,16,17,16,13,11,10,14,13,12,13,19,17,13,16,20,14,11,10,20,13,16,19,17,20,11,19,16,16,16,18,10,17
13,19,17,17,18,14,13,13,20,19,17,15,17,14,20,16,16,15,14,11,12,19,12,18,13,10,14,17,17,10,16,18,10,13,16,16,16,17,11,10,13,14,20,20,15,17,19,17,11,16
15,19,10,19,11,19,11,15,12,18,10,17,14,20,12,13,12,18,12,17,18,11,15,14,10,15,14,19,15,20,19,19,15,14,18,18,18,12,17,13,17,14,13,17,17,19,18,12,17,13
18,10,16,10,11,20,10,14,14,15,19,11,17,15,17,12,13,13,15,18,13,10,18,17,12,16,12,19,10,12,16,14,15,14,12,14,12,19,11,19,18,18,17,15,18,17,10,18,15,16
11,14,18,14,18,17,18,18,19,16,18,14,13,18,10,13,17,20,13,19,13,16,20,15,18,19,15,16,12,12,12,10,20,20,19,13,13,14,14,17,15,15,10,17,10,16,13,16,14,13
12,12,13,16,16,14,17,15,10,18,15,15,15,12,15,20,14,16,12,14,18,20,20,12,10,18,20,10,18,14,19,19,20,17,11,18,14,15,10,11,17,11,15,16,10,10,15,16,13,12
20,13,13,10,18,17,14,10,17,19,10,13,18,15,16,14,15,16,19,15,10,15,20,14,13,15,16,16,18,10,10,15,13,15,14,12,18,16,18,19,16,17,15,12,19,15,10,20,18,14
19,19,10,11,15,15,13,18,10,18,10,13,13,16,14,14,10,20,16,19,19,13,15,17,14,13,19,14,18,12,16,11,19,18,13,17,20,12,10,17,17,11,11,20,13,19,18,17,17,14
20,15,19,12,15,12,17,11,17,16,16,18,10,12,11,11,15,11,16,15,17,16,14,20,13,10,12,18,10,16,14,17,14,12,14,14,20,17,12,10,19,17,12,18,20,18,12,19,10,11
12,16,17,18,19,15,10,18,12,11,13,20,13,11,14,13,17,19,20,16,18,16,19,13,20,18,11,16,12,14,18,15,15,13,14,11,15,20,20,17,11,11,15,20,16,12,19,10,15,20
19,15,10,15,20,10,17,12,15,12,10,17,19,15,11,11,10,14,13,12,19,11,14,11,11,11,15,17,17,18,14,11,19,16,18,20,18,20,14,13,13,20,14,18,11,17,13,16,13,10
11,12,17,16,12,15,16,15,14,18,19,16,18,13,12,14,13,14,12,16,18,15,18,20,10,19,13,15,20,14,17,14,15,11,18,19,16,17,14,10,14,10,14,10,18,16,17,13,15,12
20,17,16,14,20,20,11,18,15,14,15,10,20,20,10,20,15,12,18,13,13,17,17,13,19,10,16,15,12,12,15,13,12,10,13,20,10,11,17,17,17,12,19,16,14,13,19,10,15,15
13,17,17,13,20,15,18,17,16,16,12,10,12,18,17,11,17,14,18,12,17,19,13,16,19,19,19,20,19,20,14,13,19,12,14,12,18,10,14,11,17,20,13,20,19,13,16,11,12,19
16,13,20,17,12,10,18,20,10,14,20,12,19,15,15,14,12,18,12,10,15,14,20,16,16,14,18,10,16,14,12,10,10,17,12,11,10,13,12,15,17,19,12,13,16,10,15,16,15,13
19,18,15,10,18,10,19,14,17,16,15,20,19,20,11,20,16,15,14,15,17,17,18,19,16,14,20,16,14,10,17,19,10,12,18,20,15,16,19,13,16,17,15,17,12,20,17,19,19,18
14,19,14,10,20,14,13,17,15,19,12,17,20,18,11,15,19,15,16,20,17,12,15,15,20,17,12,16,19,10,10,10,20,17,18,16,17,17,20,15,10,10,15,18,12,13,11,14,15,20
15,18,13,11,16,10,11,14,10,12,16,11,12,19,13,10,13,11,16,14,12,13,19,15,19,13,14,14,17,14,11,19,13,18,12,10,14,11,10,20,15,16,15,13,15,12,12,17,12,13
13,16,11,20,15,15,18,19,12,13,15,20,20,14,20,18,16,13,20,17,14,16,10,18,12,12,15,17,16,15,20,17,13,20,11,14,13,10,19,14,13,13,14,12,13,13,15,14,16,17

The sequence dependent setup time of each job processed on machine 2.
(Where rows denote jobs: 1 to 50 and columns denote jobs: 0 to 50.For example:The value of Sijk is in row j,column i+1.)
16,16,16,19,20,20,20,11,16,11,10,11,10,14,11,20,11,10,19,11,15,14,10,11,16,11,18,18,20,11,13,18,14,12,13,13,17,20,17,13,14,10,16,14,17,15,16,10,13,12
20,18,18,20,15,14,16,10,19,20,11,20,17,13,16,11,16,17,11,13,17,17,18,17,18,17,11,14,14,13,14,19,14,20,17,10,19,20,16,16,16,11,20,20,19,12,20,17,18,15
20,16,12,10,18,10,16,20,14,19,18,13,18,12,20,17,11,12,10,15,14,19,18,18,14,19,14,18,10,12,19,11,18,20,18,12,11,10,14,19,12,14,15,17,16,18,18,12,11,14
19,11,13,14,12,16,14,19,17,18,20,18,16,12,19,11,15,15,18,17,17,12,10,19,15,19,20,11,20,16,12,14,17,19,11,10,10,13,18,12,20,16,15,11,11,19,19,19,12,11
12,10,19,15,13,14,14,10,19,14,19,20,18,12,19,10,12,18,16,11,18,20,19,15,16,11,11,10,10,14,16,15,11,10,10,18,15,14,13,14,19,17,15,18,19,13,10,14,19,13
17,13,19,18,15,12,12,17,15,14,15,19,19,12,17,13,10,20,17,13,10,16,19,14,12,19,13,15,18,14,19,11,13,20,12,17,20,13,17,12,14,16,14,11,17,15,10,14,12,18
14,17,11,15,11,13,17,13,20,17,17,16,18,12,20,13,14,14,12,19,17,12,17,13,12,10,19,10,11,13,19,18,15,13,11,12,18,14,12,13,20,13,11,19,10,11,15,15,12,16
14,20,12,13,18,11,18,20,18,17,10,18,11,19,15,10,13,12,16,15,15,16,15,11,18,15,19,10,20,11,19,13,14,14,11,18,18,19,16,18,18,15,18,12,11,20,20,16,19,14
20,17,14,18,20,19,20,11,20,13,14,15,11,17,16,12,15,18,16,12,13,16,19,12,10,13,13,12,13,19,10,18,19,18,20,10,20,20,12,17,14,18,18,10,11,18,11,19,17,11
10,13,15,19,20,18,19,13,19,16,13,19,10,16,13,13,11,16,11,14,16,15,13,12,19,13,17,16,19,20,12,10,10,10,15,12,20,10,11,12,10,10,20,17,17,10,12,20,19,16
13,13,10,20,18,17,13,20,16,15,15,16,17,18,11,19,15,11,19,13,11,16,15,17,13,13,16,10,10,17,16,16,12,10,18,19,18,12,10,10,15,16,18,11,14,13,10,20,20,17
13,13,20,15,14,11,14,15,16,18,18,14,16,13,20,17,16,10,20,13,19,14,18,10,16,13,14,15,20,10,17,19,13,10,16,16,17,20,10,16,14,11,19,11,11,16,10,10,12,17
12,19,12,17,19,18,12,15,18,13,15,20,11,12,19,14,16,12,14,18,18,13,15,10,19,12,11,11,15,20,13,12,14,17,10,10,16,19,17,11,10,13,20,16,14,17,10,15,14,12
10,16,20,18,13,13,18,15,16,17,20,11,10,11,17,16,11,12,18,14,17,19,18,13,13,12,18,12,15,10,19,12,20,20,15,19,18,13,18,13,12,10,10,15,18,10,12,11,17,11
11,20,14,20,11,19,10,18,15,16,15,10,17,19,14,18,15,15,15,13,12,12,17,19,17,20,15,13,16,12,17,20,12,16,13,12,20,13,13,18,14,18,16,18,17,17,20,20,18,20
20,10,19,12,15,13,15,20,19,19,14,15,20,14,15,10,13,12,11,13,10,17,13,17,19,12,11,11,13,10,10,18,19,11,17,14,14,20,19,11,14,10,17,15,20,17,14,15,11,17
16,17,11,10,16,12,17,18,13,19,10,11,10,13,10,12,19,19,15,12,14,14,15,16,12,10,16,17,17,15,13,10,18,10,15,10,13,17,10,12,19,11,10,10,17,12,16,11,17,16
16,14,15,17,13,15,10,10,11,17,16,13,14,18,20,20,19,12,10,17,10,10,16,12,11,10,17,13,11,19,11,20,13,17,20,20,18,20,10,13,17,14,18,17,16,16,10,18,15,12
19,12,20,15,20,20,19,10,15,11,15,16,14,10,10,10,15,17,19,15,13,14,11,16,20,19,15,11,19,11,11,20,10,16,12,10,17,11,17,11,18,10,15,20,13,11,19,14,18,16
15,11,11,14,10,11,14,17,13,12,15,19,16,18,11,13,16,16,16,13,16,12,12,10,20,19,19,18,18,19,12,12,15,19,13,16,13,14,16,20,17,14,12,17,17,18,17,14,14,11
18,10,14,13,19,10,17,12,10,14,20,19,15,13,10,15,11,18,20,14,12,17,18,19,11,19,10,13,19,13,14,10,15,20,19,19,19,16,15,12,17,13,11,20,16,18,20,15,11,14
17,13,16,15,13,10,10,14,13,13,12,16,13,18,16,18,17,11,11,20,20,18,18,19,15,17,15,19,11,13,15,13,19,12,10,10,15,15,17,19,15,20,13,17,14,16,13,10,14,12
18,10,18,17,18,18,12,20,16,14,17,14,10,15,15,10,12,15,16,14,17,16,17,15,17,11,12,12,10,11,11,14,18,18,16,20,14,19,15,16,15,14,13,14,15,20,11,14,12,11
15,20,19,14,18,18,13,16,16,10,12,17,17,14,15,16,18,17,15,14,15,20,20,10,13,13,19,18,12,14,17,12,12,18,16,19,17,15,11,20,18,14,18,17,13,18,17,20,15,18
17,17,13,12,18,15,19,13,11,12,19,20,17,10,17,15,15,17,19,17,16,15,15,16,13,20,13,12,14,20,17,12,19,16,13,18,11,10,11,14,19,17,17,13,10,16,19,19,10,12
10,15,12,19,14,15,16,11,15,10,10,10,10,20,10,12,20,15,18,18,10,13,20,15,10,11,19,19,14,13,14,16,14,10,20,19,12,17,20,16,16,19,10,16,12,14,17,18,15,11
19,15,14,17,16,15,13,14,18,18,19,19,18,17,19,19,12,16,16,13,12,12,16,20,15,12,10,15,20,10,12,20,13,19,18,12,12,18,10,20,14,15,14,17,12,11,17,17,20,10
17,17,10,19,16,19,20,17,20,13,19,19,10,14,13,16,14,18,15,15,16,13,10,16,17,11,17,10,18,17,12,12,19,12,19,15,20,20,16,16,11,13,15,20,15,18,13,17,16,12
12,10,18,15,17,12,17,16,14,15,16,19,14,10,20,13,19,19,11,11,11,18,17,11,14,12,11,15,10,14,17,12,18,14,20,14,14,11,14,12,15,11,19,20,19,16,10,16,14,11
12,18,11,11,17,10,17,19,18,15,19,10,12,10,11,13,16,15,18,14,11,13,16,18,17,16,13,12,12,10,11,16,16,14,17,14,17,20,12,16,13,16,16,20,16,13,18,18,20,15
10,11,10,13,20,12,14,10,20,10,20,20,14,10,17,11,17,11,17,11,10,12,18,16,16,11,18,17,10,13,19,14,13,18,18,19,13,12,10,18,18,14,20,16,11,13,14,11,10,16
20,19,11,20,13,12,19,14,10,12,17,16,20,20,17,20,18,14,19,10,10,15,14,16,16,16,12,17,15,13,19,13,12,19,11,18,15,17,13,20,20,18,10,17,12,17,10,16,16,19
11,13,18,17,11,10,20,14,10,17,17,20,18,10,12,12,13,14,17,12,11,18,17,11,18,14,16,19,18,16,10,17,15,15,19,15,19,10,13,16,10,10,11,10,12,17,18,19,16,20
19,16,11,14,16,20,19,20,19,10,18,12,19,18,19,18,16,18,16,19,14,15,14,11,12,19,11,17,11,18,18,10,10,13,18,11,15,11,16,15,14,17,13,13,10,16,18,17,19,12
12,10,10,15,13,16,17,20,10,19,19,18,10,16,19,16,20,16,13,17,15,20,12,13,17,11,11,13,11,13,10,20,11,17,10,11,15,10,19,11,20,19,14,20,18,17,19,16,20,18
15,19,18,12,17,10,12,20,12,18,16,14,14,14,20,12,11,14,20,16,13,16,17,10,13,13,19,13,11,20,16,19,20,14,13,20,19,14,14,19,11,17,20,11,20,13,12,16,13,15
15,18,18,18,12,15,20,12,11,14,10,17,15,14,12,10,13,15,18,11,12,20,10,15,13,19,10,19,14,14,13,12,20,15,14,10,11,20,15,20,10,18,15,17,17,10,14,11,17,15
10,15,19,10,17,14,15,16,18,20,15,16,14,14,14,10,16,15,15,17,15,11,18,14,17,20,16,20,17,19,17,13,12,11,13,15,20,18,13,19,16,17,12,20,18,15,11,17,13,14
10,15,16,15,11,15,10,19,11,16,17,15,15,11,13,15,14,14,17,14,12,12,10,13,16,15,10,14,11,19,14,12,18,11,16,14,12,13,15,15,13,13,12,19,12,10,19,15,18,14
17,13,16,14,16,15,18,14,18,19,12,14,11,18,10,14,11,20,11,16,11,19,15,16,16,19,14,12,19,13,17,13,19,17,19,17,18,19,13,13,12,18,18,17,18,11,17,13,14,10
12,17,12,15,16,18,20,10,20,14,16,18,16,13,10,16,13,11,12,18,14,19,13,15,20,20,16,10,18,12,12,16,15,14,11,16,18,20,11,14,19,11,14,19,11,10,13,18,14,19
11,15,12,18,10,20,17,18,13,18,17,15,14,18,19,10,17,20,19,20,19,12,12,10,14,16,13,10,20,20,15,18,18,17,18,15,20,19,10,20,18,14,11,11,18,16,18,19,15,14
18,20,14,18,20,15,15,12,17,14,11,12,14,17,15,14,15,20,10,19,18,11,11,14,13,19,14,13,20,10,19,15,20,11,14,10,18,14,10,10,20,16,18,17,11,11,16,20,14,15
16,17,15,14,10,18,20,12,12,11,14,18,19,18,14,19,12,18,15,12,19,16,12,15,16,17,18,17,12,12,18,12,17,15,16,11,17,10,19,13,11,11,20,16,14,12,20,11,18,15
16,13,10,11,12,17,20,14,14,15,14,17,10,17,15,12,13,14,11,17,19,18,13,17,17,17,18,18,10,17,16,14,19,19,18,20,13,13,15,14,18,16,14,10,17,18,17,11,14,18
14,13,20,15,10,17,19,10,14,15,20,13,15,16,20,13,20,20,11,12,14,10,17,12,18,11,10,11,13,14,20,17,20,20,12,10,17,12,18,18,13,19,12,10,15,15,15,13,14,15
14,11,17,17,10,16,13,20,12,15,13,10,20,18,13,16,14,10,17,16,11,15,10,11,14,15,15,20,17,17,12,19,20,16,10,14,17,17,11,20,13,12,17,12,20,20,16,19,13,19
19,20,12,10,14,13,11,17,17,20,19,11,13,12,16,14,20,20,19,20,11,15,15,11,13,15,12,17,19,17,11,20,18,12,10,18,16,15,10,15,18,20,18,12,11,20,20,19,12,15
10,19,10,12,15,13,16,16,10,19,18,12,16,16,11,13,14,14,15,13,17,16,15,13,13,13,16,20,12,16,18,12,11,18,12,19,12,10,18,16,13,19,16,19,14,10,11,15,10,11
17,10,10,19,15,11,10,10,16,16,10,12,14,17,17,15,19,15,19,17,12,16,15,20,17,11,15,20,17,13,12,20,13,13,17,20,16,18,18,10,16,19,19,10,11,20,13,12,18,12
16,20,20,11,15,15,15,15,20,16,13,14,12,16,11,16,15,10,17,17,14,16,10,10,12,18,11,16,20,19,19,12,10,13,12,14,17,13,17,19,19,14,18,12,12,10,11,14,16,15

The sequence dependent setup time of each job processed on machine 3.
(Where rows denote jobs: 1 to 50 and columns denote jobs: 0 to 50.For example:The value of Sijk is in row j,column i+1.)
14,14,12,14,15,13,17,17,15,20,13,14,10,19,10,16,19,15,12,18,11,18,12,19,14,16,12,19,10,17,18,11,18,20,20,20,17,12,11,11,18,18,14,19,19,14,13,17,18,15
16,18,16,15,11,15,15,14,13,18,11,20,11,19,16,16,16,15,18,18,17,19,18,20,19,15,11,14,14,17,18,19,13,17,10,19,18,12,19,15,14,13,16,19,19,11,19,14,14,13
18,18,19,14,19,19,16,12,13,19,14,18,11,14,16,17,14,16,15,11,19,12,18,13,14,11,13,19,19,19,19,14,16,12,17,15,12,17,19,19,10,14,12,20,13,20,11,11,17,18
18,11,20,20,10,14,18,15,16,14,20,10,15,18,11,18,16,18,13,20,12,18,14,13,14,10,14,20,13,16,17,11,18,10,19,17,14,16,15,15,17,12,17,12,11,16,12,20,10,14
20,18,19,18,14,18,11,20,16,15,12,13,19,19,12,11,14,14,14,19,18,17,10,13,10,10,19,11,18,18,10,20,13,20,18,16,15,16,14,14,17,16,13,17,11,19,12,17,15,10
12,17,15,12,20,13,17,12,12,17,13,19,19,12,12,13,18,11,14,14,20,10,15,19,20,11,17,18,17,20,20,14,11,10,10,10,20,13,10,15,15,19,19,10,10,19,14,20,14,13
17,13,20,17,16,15,12,14,12,16,20,20,17,11,18,14,16,18,10,13,10,19,10,17,17,18,20,16,14,18,16,20,16,14,19,16,18,13,13,14,18,19,10,14,20,11,12,10,11,20
11,11,15,12,10,13,13,18,18,13,20,10,10,11,13,16,11,11,14,19,20,11,17,16,17,18,20,19,16,18,12,14,18,19,15,14,19,19,18,17,10,15,16,13,10,14,20,15,12,13
15,16,18,15,12,17,19,20,12,19,18,14,15,15,13,14,13,18,12,10,20,12,14,16,11,20,10,19,19,20,11,11,18,14,20,11,20,16,17,20,20,12,14,15,14,16,17,13,17,14
17,11,19,19,18,16,14,20,12,12,19,13,10,20,10,16,12,11,13,12,20,11,11,13,13,14,16,11,15,10,17,18,19,19,17,17,14,18,14,13,12,10,18,13,17,12,14,14,18,12
12,15,13,15,18,11,10,10,15,14,10,16,17,17,16,13,10,18,10,12,19,16,14,19,19,20,18,19,13,12,19,18,10,20,14,20,10,17,16,12,14,18,16,10,18,14,10,20,15,20
12,18,14,12,13,16,19,12,12,14,13,17,17,12,13,15,19,18,15,11,16,18,14,13,15,17,10,11,15,19,10,17,16,11,20,13,16,10,11,18,11,16,12,17,19,13,11,18,16,19
11,16,15,16,13,14,18,15,15,15,18,19,20,15,16,13,14,17,19,12,10,16,14,10,20,13,20,12,17,17,16,16,10,20,14,10,20,11,17,19,12,15,13,11,17,20,17,19,14,12
12,10,18,10,17,15,18,13,12,17,14,20,12,17,19,18,13,20,12,11,14,20,15,18,18,10,20,16,14,19,14,17,17,13,13,16,14,13,18,17,15,16,12,16,20,10,10,14,12,10
14,19,14,17,14,17,19,12,10,14,18,17,12,12,18,16,11,14,12,15,15,19,19,18,18,10,15,14,11,16,14,16,19,11,11,11,13,20,14,17,16,15,15,18,11,14,17,18,20,16
14,11,16,18,11,13,14,19,16,11,10,16,19,18,18,15,15,20,14,16,16,18,10,12,15,11,19,15,16,12,11,14,14,20,18,10,10,12,14,19,11,18,12,19,14,16,12,12,12,19
16,10,19,12,12,18,20,12,17,17,15,18,12,10,11,20,19,18,14,20,16,14,17,18,18,10,12,13,12,15,18,12,11,20,19,17,12,11,11,20,15,12,19,19,14,12,15,19,17,17
19,10,16,15,10,16,15,19,16,14,12,19,11,16,14,19,20,11,16,16,13,15,12,20,13,12,10,15,16,11,15,11,17,13,20,10,14,18,12,15,12,11,12,13,15,15,20,10,14,11
10,16,18,12,20,18,16,12,19,18,17,19,18,16,16,15,20,17,16,16,11,11,20,19,17,19,17,14,18,20,18,16,13,20,19,10,11,11,12,15,19,14,20,13,17,15,15,16,19,17
13,13,17,16,19,13,14,17,12,17,13,17,20,16,19,13,14,13,17,20,18,19,15,11,20,18,12,15,16,14,10,12,13,14,18,12,18,16,17,16,17,11,12,15,16,17,20,15,12,16
11,11,13,14,14,13,13,20,13,15,19,11,16,13,19,17,18,14,19,11,13,13,18,12,13,10,18,20,14,15,10,12,13,20,17,20,10,15,15,18,18,18,20,18,10,18,11,18,20,14
13,14,12,10,15,13,15,11,12,12,15,13,10,12,15,15,19,10,12,10,14,13,11,18,15,17,17,17,20,10,20,19,11,20,15,14,20,11,10,16,12,14,14,15,15,12,16,20,10,10
13,13,17,10,19,13,15,20,13,17,18,16,12,20,14,17,18,20,12,17,10,15,15,16,18,17,12,11,15,11,17,15,10,14,19,15,20,12,15,19,17,15,20,17,18,19,13,12,13,19
11,20,13,14,20,15,17,18,14,16,13,18,10,12,14,17,16,14,18,16,20,14,14,17,16,20,10,14,16,12,16,17,16,14,19,19,12,11,18,11,17,18,11,12,16,15,16,12,18,20
12,19,11,15,20,18,10,16,18,14,16,10,17,12,20,16,19,12,18,20,20,12,17,18,18,13,12,15,14,19,13,15,13,16,13,10,20,10,18,17,15,14,13,11,20,18,20,16,11,10
19,19,13,17,16,10,10,10,11,16,17,19,10,17,11,16,11,14,18,20,19,15,12,16,19,10,15,18,10,20,12,13,10,13,11,11,10,12,15,20,13,17,16,16,18,17,12,13,16,14
20,11,19,15,18,20,15,20,11,19,11,20,13,20,17,17,15,17,17,17,17,19,14,12,15,17,17,17,19,15,15,19,17,18,16,10,13,10,11,16,11,19,13,14,18,17,13,10,15,11
17,11,19,19,11,15,18,15,15,12,15,19,11,11,11,17,11,17,20,13,10,10,12,19,16,13,11,17,11,15,12,12,11,18,13,13,19,13,13,16,20,17,11,14,12,19,17,13,12,13
19,20,18,13,13,13,10,19,17,15,13,14,14,17,12,19,19,19,11,11,15,11,20,13,15,19,18,11,10,16,12,18,20,18,13,14,11,20,14,17,14,12,17,16,11,16,14,14,11,11
16,14,18,15,15,15,12,15,19,20,13,19,20,14,11,19,12,10,18,17,15,13,10,13,15,18,10,11,10,20,10,18,16,16,20,13,18,15,18,16,14,13,12,12,10,20,17,15,12,17
15,16,16,11,18,12,17,16,12,11,12,16,13,20,10,20,19,19,13,11,12,19,17,20,11,10,12,20,12,20,16,12,12,14,19,19,19,10,20,12,11,14,20,19,15,19,18,12,16,13
14,20,19,20,10,19,17,18,18,13,19,19,17,19,19,18,16,14,20,16,10,17,20,19,20,11,18,12,11,11,14,14,19,12,10,18,20,14,17,20,19,15,11,15,15,13,19,17,19,16
19,11,14,19,17,11,19,12,15,17,12,16,18,14,12,18,14,19,12,20,18,14,19,12,10,16,20,16,12,13,20,16,12,20,16,11,14,18,18,11,13,17,11,11,13,12,20,11,17,12
14,20,20,17,20,13,12,20,13,11,20,17,14,14,15,12,19,15,13,14,18,10,15,18,19,12,19,17,10,13,20,16,10,13,12,13,10,13,20,18,10,17,18,16,14,17,19,13,20,13
14,11,13,10,18,16,18,19,20,10,10,17,10,18,12,19,20,11,18,16,20,10,15,13,18,14,13,13,16,13,20,10,16,19,14,15,12,11,10,11,10,11,12,11,17,15,17,16,18,10
19,12,12,13,12,18,13,11,13,16,14,20,16,20,16,11,12,13,14,16,18,16,10,11,18,11,18,16,15,15,10,18,15,16,11,12,16,18,17,15,16,19,11,18,10,20,20,13,17,15
15,11,17,15,10,10,11,15,11,18,20,12,16,20,17,14,16,12,12,12,18,13,15,16,20,16,18,12,18,12,19,17,16,17,13,20,20,17,15,19,19,18,12,17,18,15,19,20,14,19
12,15,20,11,18,15,14,13,19,20,17,14,12,14,18,16,11,16,17,13,15,15,15,16,11,12,11,17,11,13,12,20,15,13,20,13,10,19,12,13,17,13,11,10,12,13,20,15,10,20
19,11,12,18,14,12,14,17,20,12,11,20,18,13,15,10,20,15,10,12,10,12,11,16,14,12,13,16,17,14,16,12,11,14,12,16,14,13,15,20,17,17,18,10,20,18,13,20,10,18
15,13,15,15,13,15,18,11,16,11,12,12,11,20,20,13,17,13,19,14,10,16,13,15,13,18,12,11,20,17,17,15,13,20,13,10,13,12,17,15,16,17,10,18,18,18,11,20,13,13
19,19,20,20,20,12,14,12,12,14,14,15,12,16,15,19,18,18,17,19,16,20,17,19,11,11,15,20,18,15,17,16,14,10,10,13,18,15,17,16,17,18,11,19,20,14,18,20,13,11
14,16,10,17,13,19,17,19,16,17,20,12,15,17,15,19,17,15,16,11,20,13,20,18,18,16,19,12,12,15,12,19,18,16,16,10,18,16,20,19,11,16,12,17,14,20,14,20,10,11
13,19,16,16,15,20,14,12,15,20,13,15,19,11,20,10,10,13,16,11,10,15,20,11,12,20,19,14,20,12,10,11,19,18,16,11,17,19,10,15,14,11,16,16,18,16,10,16,13,12
17,12,15,16,19,18,15,12,17,20,15,18,16,15,20,16,12,13,16,12,15,12,15,10,12,11,11,16,14,16,17,15,15,10,12,14,19,11,14,15,15,17,18,19,12,19,14,12,18,18
18,19,16,10,19,15,16,16,12,13,16,17,12,19,13,11,18,15,12,13,12,19,20,16,18,18,17,10,17,14,12,12,19,12,15,11,11,11,12,20,11,13,20,12,12,15,15,10,14,16
15,16,11,12,12,14,14,11,19,16,17,15,19,18,19,15,16,18,14,20,11,19,10,13,15,12,16,16,12,17,17,16,14,19,12,13,16,17,10,13,10,12,17,15,19,14,16,16,10,15
18,16,20,20,13,15,17,13,14,17,13,10,16,11,18,14,19,20,15,18,16,17,11,19,11,18,12,10,14,11,10,18,11,10,18,15,13,12,16,14,12,18,19,19,18,13,15,12,16,17
19,15,14,17,18,12,12,17,19,18,16,11,15,19,19,12,11,10,14,17,11,11,20,20,17,12,18,20,15,15,17,16,14,18,17,11,10,14,14,11,13,11,16,18,11,18,11,18,15,18
11,19,18,18,15,13,18,10,16,13,17,16,17,10,12,10,17,17,14,20,16,18,15,19,16,20,18,16,18,16,17,16,14,13,16,19,18,20,15,20,18,10,13,12,13,10,12,11,17,13
12,13,17,15,13,16,13,14,20,16,20,12,12,14,13,13,19,17,12,17,17,14,20,13,14,12,15,20,16,11,19,11,13,19,15,16,20,17,17,11,12,12,15,13,20,12,16,18,15,10
16,15,16,17,18,18,19,20,12,10,13,13,15,16,18,19,18,20,11,15,15,11,18,14,20,10,13,10,12,16,18,11,18,12,11,13,18,14,12,10,10,17,11,13,20,17,16,19,18,20

The sequence dependent setup time of each job processed on machine 4.
(Where rows denote jobs: 1 to 50 and columns denote jobs: 0 to 50.For example:The value of Sijk is in row j,column i+1.)
12,10,11,15,11,19,12,18,16,12,17,15,17,18,10,12,14,14,12,12,11,12,15,18,18,12,18,13,20,18,12,14,11,11,18,11,15,13,11,13,14,20,18,19,20,10,17,10,18,16
16,11,20,13,12,18,17,11,16,17,11,10,13,15,20,11,20,17,12,15,15,18,19,12,20,13,15,18,15,19,14,19,12,14,11,17,14,13,16,19,12,13,18,11,18,15,17,15,10,19
17,15,10,14,17,11,19,12,10,18,18,10,20,20,15,14,11,20,20,13,11,13,15,17,13,11,12,14,14,17,15,20,11,10,19,13,13,20,19,19,14,11,12,14,16,12,12,12,17,11
14,17,18,15,11,11,18,19,13,11,19,13,20,20,15,11,15,13,12,17,17,16,16,17,11,19,16,14,10,20,10,11,18,12,19,19,20,18,11,20,11,19,20,13,17,19,10,17,12,19
11,18,14,20,13,15,15,17,12,18,14,17,17,17,17,12,17,17,12,20,15,16,12,12,13,13,15,20,12,17,17,12,11,12,20,20,11,18,19,13,18,14,19,14,12,19,15,11,11,10
13,11,16,16,14,18,10,15,10,20,11,15,17,17,10,19,10,19,10,17,10,13,18,10,15,11,11,20,20,20,11,13,19,20,19,14,19,11,16,14,13,14,12,17,10,15,12,11,18,12
18,11,17,10,17,19,14,13,17,14,10,20,16,15,20,14,19,17,17,19,18,19,19,16,11,12,17,18,11,11,13,18,11,16,18,17,19,19,13,17,12,13,16,12,16,12,18,19,14,14
14,15,10,10,16,10,10,20,15,19,12,14,14,17,13,10,16,17,19,12,15,17,10,16,16,13,20,11,12,10,15,10,18,20,18,10,20,10,17,16,13,13,18,15,11,16,18,11,12,18
14,12,11,19,13,16,10,12,20,10,20,12,15,14,12,18,14,13,20,10,17,15,13,16,18,16,13,13,17,10,11,18,20,19,11,18,13,10,17,20,11,13,14,16,16,16,15,10,19,18
13,11,11,11,16,16,15,18,10,15,10,11,20,18,11,17,14,19,16,18,18,14,16,15,12,15,20,15,12,20,14,11,16,14,12,17,16,11,16,13,19,12,13,13,12,16,11,11,15,18
16,17,11,18,13,18,18,15,11,17,17,14,18,10,17,12,10,13,15,19,10,12,17,10,19,19,10,10,13,20,16,10,12,20,10,11,13,10,13,11,13,15,19,12,19,18,11,20,12,13
11,11,12,10,12,14,12,18,18,15,19,18,12,17,12,10,10,18,20,17,20,13,14,19,13,13,17,20,10,14,17,11,14,10,15,10,17,18,12,15,13,11,12,15,15,14,11,19,14,17
10,12,16,20,16,19,15,20,15,19,19,18,14,20,12,13,15,19,16,19,17,18,18,10,16,12,18,14,14,15,14,12,13,20,11,17,10,17,15,18,17,20,15,17,19,14,10,20,18,12
10,14,20,18,20,19,14,11,17,11,16,20,19,15,14,18,19,12,11,18,20,18,12,11,10,18,10,17,13,10,15,17,15,11,20,12,11,11,11,13,15,17,13,15,18,19,12,19,15,16
11,19,19,14,11,13,11,20,16,10,15,16,18,18,20,14,19,10,17,12,13,17,15,18,11,11,19,13,13,16,11,12,10,20,18,12,11,10,17,20,17,20,10,19,12,12,14,19,20,17
18,16,15,14,17,13,10,16,12,11,19,11,10,18,19,15,12,17,10,17,13,11,10,14,14,12,14,17,20,15,12,16,18,16,18,14,19,13,11,12,16,19,13,17,19,15,19,10,17,18
11,16,14,15,18,10,18,11,16,13,20,17,15,10,15,10,12,20,14,18,11,15,16,16,20,11,15,10,11,17,13,18,12,17,14,14,10,20,10,20,10,15,20,17,16,14,15,10,10,14
20,13,13,14,13,18,10,13,15,17,12,11,11,10,16,13,11,10,17,16,15,12,15,10,15,11,14,12,16,12,12,20,13,11,10,20,13,14,18,11,19,17,14,12,17,16,18,12,15,17
13,16,18,16,16,19,16,10,13,19,15,15,11,20,19,14,17,16,20,20,20,12,20,14,12,19,17,13,18,16,14,17,18,13,13,16,18,18,10,16,15,20,19,10,11,13,12,17,11,19
20,14,16,20,14,11,13,17,20,19,13,11,12,11,19,17,19,20,10,16,14,12,20,17,17,13,16,13,12,13,17,12,10,10,14,11,12,10,14,20,17,11,19,13,14,11,13,12,10,19
12,17,19,13,19,11,15,10,13,19,12,14,13,16,20,14,10,16,16,13,13,14,13,18,13,15,12,19,14,13,19,19,12,18,10,19,20,19,15,15,18,11,16,13,12,10,10,20,15,18
15,14,19,15,19,11,20,19,17,15,16,14,10,20,13,13,11,13,20,13,10,18,14,11,14,18,11,12,16,16,12,14,17,20,11,12,11,13,20,11,16,20,10,17,12,18,18,19,11,16
13,14,17,14,14,20,15,13,20,11,11,11,20,20,17,13,11,17,10,16,16,19,13,18,18,18,14,12,15,17,19,12,12,20,14,19,17,19,20,17,12,18,11,11,14,12,11,13,12,10
16,16,14,19,18,19,18,12,20,15,12,18,19,17,12,10,19,16,12,20,11,17,15,14,19,17,18,20,11,11,12,17,16,13,13,18,14,20,19,11,16,11,16,18,12,16,15,17,20,18
19,20,18,18,15,10,14,20,19,15,12,11,14,11,19,20,18,12,10,11,19,10,15,10,16,14,11,17,11,11,18,19,15,19,17,16,18,10,19,19,11,20,16,17,19,16,17,15,10,11
17,14,14,19,17,20,17,15,17,19,16,20,15,14,16,10,11,20,11,13,17,12,15,15,20,12,11,11,15,20,14,15,15,15,11,15,16,19,15,11,16,12,10,20,16,19,15,11,18,14
12,14,20,18,12,11,19,13,14,12,10,10,19,11,17,10,11,19,19,12,16,17,18,17,19,19,12,16,12,16,18,16,18,12,11,13,16,19,13,16,10,18,18,13,15,15,17,10,13,20
19,16,11,12,18,17,11,19,19,14,20,14,13,10,17,17,11,18,20,15,15,10,15,12,10,19,13,17,10,16,19,15,11,12,15,13,16,17,19,11,13,20,10,13,10,15,15,11,15,14
19,12,19,16,18,14,11,18,10,11,18,16,18,19,12,13,17,13,15,18,10,13,16,13,18,10,16,11,11,17,20,18,14,20,13,18,14,20,12,19,12,19,13,20,17,13,18,11,10,10
20,20,11,20,14,18,20,15,19,11,16,17,18,15,11,16,13,14,16,20,16,20,18,11,19,13,16,11,18,14,16,10,15,14,13,20,12,20,10,11,10,20,19,14,14,16,19,16,12,10
17,18,12,15,19,17,18,20,11,19,14,19,19,16,12,20,20,18,16,16,20,17,16,20,18,18,11,13,11,18,11,15,10,16,15,16,16,13,16,15,10,18,20,18,12,15,20,17,20,19
10,17,15,19,10,13,19,14,20,19,13,15,18,12,13,15,13,16,12,12,10,19,18,17,13,19,17,16,19,18,19,15,17,19,12,17,15,12,18,10,19,11,11,15,17,15,11,19,13,17
15,15,10,13,18,17,14,14,16,19,12,11,20,17,12,19,13,16,11,18,16,19,15,12,18,16,20,16,12,11,17,16,18,18,20,17,19,13,19,10,20,11,20,18,18,20,19,14,19,16
10,11,20,12,15,10,17,13,14,15,15,13,20,10,19,17,13,12,18,15,19,17,17,20,14,19,14,17,18,10,20,18,10,19,16,10,12,15,15,19,13,20,15,20,18,15,10,11,12,14
11,13,11,16,12,11,15,11,19,18,11,12,18,15,10,19,19,10,20,10,17,16,12,12,13,10,13,14,13,20,20,19,20,15,11,14,13,13,20,15,11,13,19,16,12,12,20,15,15,12
19,14,19,15,14,20,13,18,20,13,16,12,11,11,19,16,19,12,19,13,14,15,17,18,15,12,11,20,16,18,15,15,16,14,17,20,11,19,16,17,13,20,14,14,16,12,15,10,12,13
16,18,10,17,17,12,15,11,15,11,20,20,16,16,13,16,13,20,18,15,12,16,16,19,15,16,19,19,12,17,17,18,10,18,17,19,14,15,17,15,15,15,14,20,18,12,12,15,14,10
17,18,10,14,12,10,19,12,10,20,17,10,10,12,13,18,11,15,17,11,10,18,18,12,10,19,10,20,11,20,16,12,14,11,15,19,16,10,14,17,10,16,17,20,19,14,11,18,17,13
12,12,12,10,17,14,16,19,18,20,10,15,14,12,18,16,10,17,14,13,20,10,15,20,17,12,16,15,15,14,15,10,11,16,16,10,17,16,18,14,14,11,12,12,15,11,17,16,12,16
11,18,14,12,14,12,11,11,17,13,17,20,12,13,15,16,12,18,12,19,10,13,16,18,19,19,13,12,19,18,15,12,13,20,12,14,18,20,18,16,20,20,11,20,10,13,19,17,15,18
11,15,20,16,10,16,19,18,16,12,16,17,15,17,12,15,19,20,17,12,14,10,15,16,10,15,19,16,11,13,16,10,11,14,13,17,13,14,18,10,16,20,20,11,15,10,18,16,14,20
13,19,11,14,13,17,14,13,15,14,17,16,20,13,17,11,20,20,13,18,10,11,14,17,15,20,14,11,16,16,12,20,20,10,18,18,15,20,11,13,12,11,16,19,11,20,14,12,15,18
13,19,17,13,15,18,18,19,12,12,16,12,20,14,18,10,18,17,13,12,18,13,19,10,15,12,19,20,17,14,11,13,11,17,11,13,16,11,11,14,16,13,12,16,13,13,16,16,18,10
12,13,11,12,10,15,18,15,14,14,19,15,16,12,18,18,12,17,10,13,11,20,16,19,11,20,13,11,12,17,11,20,20,12,12,19,16,13,14,16,15,18,17,11,18,18,15,19,17,17
14,14,20,11,11,20,15,10,15,18,10,11,10,18,16,15,15,15,18,11,15,20,11,19,11,17,18,19,15,19,16,12,18,13,13,17,18,15,15,18,11,11,11,11,14,12,13,18,20,17
16,12,17,18,13,13,17,17,16,16,13,12,17,19,19,14,10,16,19,17,12,11,20,10,18,10,17,10,11,20,13,15,14,10,11,14,14,20,12,20,17,11,17,15,15,12,15,13,20,20
15,20,11,15,18,20,18,12,17,18,12,16,15,12,11,13,11,11,20,15,13,11,13,14,20,19,19,13,14,16,13,15,13,17,14,15,16,19,17,15,20,18,12,12,20,20,19,11,19,18
17,12,17,13,16,11,15,14,16,16,18,10,15,15,16,11,10,15,12,11,13,13,20,12,19,12,10,14,19,19,15,11,10,13,13,16,11,15,18,13,17,12,13,12,20,10,11,15,14,20
19,11,15,16,19,16,10,20,11,13,20,18,15,18,10,15,17,13,15,17,20,17,20,12,11,19,19,14,17,15,13,10,18,19,16,16,19,12,20,18,12,17,11,10,11,19,15,20,13,14
10,16,15,11,11,16,15,12,17,11,10,10,11,14,19,18,18,17,14,17,14,15,16,16,14,10,11,13,14,17,13,14,18,17,15,19,17,12,12,12,12,17,19,14,17,10,11,18,18,16
15,16,18,12,14,20,10,16,12,18,19,13,15,19,17,10,16,12,12,12,11,20,17,10,14,14,19,20,18,13,20,15,16,19,16,17,19,15,14,19,11,20,15,18,15,14,18,13,20,11

The sequence dependent setup time of each job processed on machine 5.
(Where rows denote jobs: 1 to 50 and columns denote jobs: 0 to 50.For example:The value of Sijk is in row j,column i+1.)
19,14,11,11,15,19,11,13,18,16,18,18,11,10,18,10,18,18,13,12,17,17,18,18,12,17,17,17,19,11,12,20,11,18,19,13,11,16,12,17,19,19,19,10,19,20,19,13,18,18
15,17,10,18,19,14,15,12,17,13,16,12,17,11,14,10,10,18,20,18,18,16,13,10,17,10,13,13,11,12,19,18,17,18,15,17,14,12,19,14,11,20,15,11,19,12,17,14,20,13
20,10,20,17,13,12,19,19,20,17,19,20,17,14,14,14,17,11,14,14,10,19,11,13,11,17,15,18,14,10,11,15,11,14,15,16,17,16,11,20,18,15,11,18,19,16,10,15,19,18
13,17,10,15,13,18,18,13,16,13,13,12,19,18,12,18,13,13,18,14,12,10,13,18,12,14,16,17,13,11,14,12,13,16,16,19,16,13,13,16,20,15,10,20,17,14,11,20,13,16
19,12,12,12,19,14,17,14,16,17,19,20,16,14,20,18,10,20,16,12,15,17,10,18,11,20,18,15,12,10,17,16,16,16,19,17,10,11,12,14,13,12,17,16,15,17,10,19,14,19
10,13,15,18,14,19,19,11,14,19,17,17,18,11,10,19,11,15,11,14,18,14,12,14,19,19,13,16,11,20,10,12,14,13,16,10,19,15,20,12,15,18,18,17,11,20,20,15,20,12
13,15,11,13,12,14,17,20,14,17,13,13,14,17,16,16,20,11,13,20,19,11,12,16,16,15,12,15,12,17,18,10,14,12,18,17,16,16,10,15,20,15,16,14,13,12,10,17,10,10
13,16,12,10,14,13,12,17,16,17,17,15,11,19,16,16,18,17,14,19,12,10,15,14,20,16,10,11,20,18,11,18,18,13,11,20,19,12,20,16,12,13,14,11,20,10,16,10,14,12
13,20,19,19,15,16,19,17,20,17,10,16,17,10,10,14,16,13,18,19,11,13,11,10,19,18,15,14,20,19,14,14,10,15,18,11,12,20,18,14,19,10,15,16,15,10,10,20,10,17
16,19,12,18,13,19,20,18,19,19,13,15,20,16,15,10,16,16,20,20,16,14,20,13,18,15,11,19,19,14,13,10,11,13,15,16,13,11,19,20,18,13,10,19,10,11,10,20,13,14
15,17,14,19,17,15,15,17,15,16,14,16,19,12,19,19,14,11,13,10,10,15,12,13,19,18,18,14,17,16,20,16,17,17,18,20,11,16,11,19,17,12,19,14,19,20,16,10,15,17
19,13,17,15,11,10,13,16,18,14,11,16,17,14,16,20,11,13,14,20,13,13,20,14,16,16,14,13,10,13,10,10,12,10,18,16,12,17,17,15,11,11,12,12,20,12,19,10,13,14
20,15,20,13,18,20,20,16,11,13,12,16,15,17,13,10,15,10,15,11,17,10,15,15,11,10,13,13,14,19,18,12,14,14,11,12,10,17,19,17,12,17,19,11,10,16,18,19,14,19
14,13,16,20,13,12,20,15,18,18,20,15,17,16,15,16,18,10,18,20,16,15,14,11,18,19,15,12,18,20,20,19,13,14,20,12,19,11,11,14,14,14,12,11,13,14,10,15,14,19
12,16,11,12,13,18,17,10,12,14,11,16,20,12,19,11,14,15,11,17,17,20,17,11,15,19,20,15,18,10,18,13,19,13,10,20,13,15,17,13,18,12,13,19,18,13,15,18,20,13
12,10,17,19,11,18,18,19,11,20,10,10,18,16,20,17,16,11,14,20,17,16,17,19,16,15,20,17,11,18,14,13,18,18,15,16,12,20,15,12,12,13,16,17,12,17,14,11,20,13
17,16,10,11,10,16,13,10,20,10,19,14,20,18,15,10,19,16,19,12,16,20,14,18,12,13,10,17,15,19,13,18,13,15,19,13,13,16,12,15,15,13,10,16,13,11,11,11,20,15
17,19,20,19,10,15,12,12,14,17,17,12,10,11,17,16,14,12,19,19,18,10,15,14,15,20,12,14,15,13,13,18,11,12,13,10,20,15,10,20,14,10,17,19,18,16,16,13,17,18
20,16,16,18,17,16,18,16,16,20,18,16,12,18,18,14,15,12,13,17,10,15,18,18,16,14,20,17,18,17,20,12,15,12,18,20,17,19,13,19,11,17,11,13,20,10,12,19,12,17
20,12,14,13,12,14,15,15,12,11,19,19,15,16,12,16,14,17,12,11,19,13,18,11,18,16,15,17,16,17,18,10,19,10,18,12,13,15,16,16,13,16,13,14,11,20,17,13,15,11
11,14,14,10,18,17,13,16,14,14,10,14,12,17,12,19,13,17,12,15,12,12,10,18,11,19,14,16,10,18,14,17,14,18,11,18,11,17,18,20,10,18,16,11,11,19,13,13,19,14
17,15,14,19,19,10,10,10,10,17,14,10,19,14,14,13,16,19,15,16,18,14,10,13,18,19,11,14,10,10,10,16,10,14,14,18,11,20,20,17,20,17,18,12,18,19,13,20,12,11
12,18,17,16,14,15,16,20,20,14,13,19,19,19,20,16,18,13,15,11,20,13,20,13,17,10,17,20,16,13,16,20,17,16,20,17,17,14,15,12,10,15,16,10,18,19,16,19,15,16
19,13,13,13,14,19,14,18,10,17,14,17,19,11,10,14,18,13,17,10,20,17,16,13,11,15,11,16,14,13,15,13,18,14,16,20,14,17,17,12,11,16,14,17,20,10,15,17,12,20
17,12,18,16,16,19,10,17,10,10,20,13,17,11,10,20,11,19,10,15,20,10,20,19,14,10,13,17,14,15,18,16,20,13,11,12,10,17,13,17,13,15,10,12,20,14,11,19,18,19
16,13,16,15,10,20,13,10,12,19,13,20,17,18,18,18,17,12,18,14,19,13,11,15,11,16,14,19,11,10,17,13,11,12,20,19,18,16,16,10,10,18,17,14,11,19,15,13,20,18
14,11,20,19,19,19,19,15,17,10,17,18,16,19,12,13,11,18,19,14,20,10,17,14,15,13,19,11,12,11,10,14,14,13,12,12,16,11,11,20,19,11,16,20,17,16,15,13,10,20
20,13,12,14,16,17,17,18,17,14,19,13,11,14,12,10,18,12,14,16,13,19,10,17,15,14,14,12,20,15,13,18,17,14,13,12,12,16,15,14,20,18,11,19,13,19,15,16,11,12
14,14,10,16,16,17,15,13,19,14,15,20,19,13,15,13,15,13,15,10,12,16,16,12,13,17,15,19,16,19,19,14,12,19,20,13,15,19,17,13,10,11,18,15,18,16,15,10,14,18
20,12,13,20,13,19,18,19,14,19,13,19,18,13,16,18,15,19,13,17,11,13,18,18,10,10,17,13,17,15,15,15,20,17,11,13,12,15,13,18,10,15,17,12,20,17,16,16,11,16
17,19,16,18,10,17,12,12,13,12,18,11,13,11,15,13,12,17,11,15,10,15,20,15,18,12,16,14,20,17,20,17,10,13,17,17,10,17,15,12,20,10,11,20,15,12,20,13,20,20
16,11,11,12,12,18,19,14,18,15,10,16,16,17,16,12,12,17,10,12,10,15,20,18,16,17,18,15,19,11,14,16,10,18,10,19,11,14,15,16,19,19,17,14,19,15,18,15,20,10
12,13,11,12,13,16,20,16,18,17,19,14,17,14,19,11,14,14,15,19,20,18,16,17,10,11,18,15,18,10,11,12,17,14,19,15,12,10,15,20,14,12,12,14,17,19,13,14,19,14
11,11,19,20,16,20,13,18,11,16,10,20,14,17,11,13,14,16,16,11,20,13,17,13,15,11,17,17,10,15,16,10,20,20,11,12,12,11,10,16,19,17,15,13,14,20,10,19,14,15
13,14,18,15,14,18,19,11,11,16,20,13,13,11,11,17,17,19,10,10,20,20,14,13,18,18,10,18,13,17,19,13,14,10,18,14,20,17,14,19,13,11,16,14,11,13,17,20,14,13
10,17,12,19,14,18,11,11,19,11,12,15,11,18,20,20,19,17,17,19,18,19,12,12,17,16,15,13,16,16,17,10,13,15,18,19,10,20,15,12,13,20,20,16,17,20,17,20,18,17
13,10,18,12,13,19,12,14,18,17,14,17,13,18,20,12,13,17,16,19,10,13,19,13,19,14,11,15,13,14,15,19,17,15,17,15,11,15,20,16,14,16,13,14,17,18,12,11,15,15
11,10,20,13,19,11,12,17,15,14,14,17,15,15,14,18,20,10,17,18,13,18,12,13,17,15,15,18,18,13,19,20,13,17,20,15,16,12,16,19,14,10,10,19,10,16,18,10,12,12
17,19,19,10,20,13,12,19,16,17,14,11,14,10,19,17,20,14,16,14,19,20,17,19,10,13,18,16,13,19,19,17,17,14,16,16,13,20,11,12,12,10,10,20,13,16,16,19,15,11
15,18,10,16,11,14,13,13,18,10,16,20,14,16,16,13,14,15,13,13,16,20,10,15,11,14,19,11,16,12,12,17,19,13,18,15,16,12,18,15,20,14,12,13,12,11,15,18,10,12
11,13,16,19,10,11,14,13,20,14,20,20,15,15,19,16,17,14,18,15,17,17,18,15,20,18,17,14,20,15,18,20,17,20,12,11,20,14,17,16,15,10,18,10,15,16,17,10,14,19
19,17,14,11,17,16,17,11,13,15,15,18,17,13,14,12,12,18,15,19,13,10,20,20,20,18,18,14,15,14,20,18,20,15,10,15,19,10,14,20,11,17,11,11,13,16,11,16,10,16
11,10,10,10,17,18,18,14,12,13,16,19,19,19,19,10,10,17,20,18,13,20,14,11,13,16,10,20,19,10,14,12,11,12,10,10,17,11,13,11,19,17,20,13,14,20,20,12,18,14
15,17,16,11,10,12,20,10,17,10,20,10,19,13,12,11,12,14,18,13,16,18,15,16,20,18,13,12,16,20,13,11,17,15,14,16,19,15,16,19,19,18,18,20,20,15,11,13,19,14
12,19,15,16,13,17,12,13,11,16,11,15,20,11,14,18,17,15,10,10,11,19,10,15,12,19,10,20,11,12,19,10,13,15,19,14,10,15,16,15,11,10,16,12,20,11,14,13,13,10
16,12,20,15,18,16,17,17,11,16,17,19,16,17,16,19,17,18,12,19,16,15,12,13,14,13,14,17,11,15,12,15,12,19,10,20,12,12,10,15,17,12,18,17,17,17,12,18,20,20
15,18,17,12,16,15,15,17,10,14,16,18,11,11,10,11,17,17,15,18,19,15,10,11,13,14,12,19,13,11,13,19,17,12,19,18,16,12,19,10,16,20,17,13,18,13,18,19,13,16
20,16,13,17,20,12,10,14,15,10,17,17,18,19,17,18,20,15,11,11,16,17,15,12,14,16,20,20,19,18,11,12,19,12,11,20,13,13,11,17,11,11,10,14,20,14,12,11,13,19
11,12,16,13,14,14,10,17,12,20,10,13,12,17,14,14,13,12,19,20,20,10,18,10,11,16,19,16,15,12,14,14,20,15,20,11,11,13,20,11,11,14,17,18,13,14,20,17,18,12
19,14,20,20,12,14,15,19,18,16,19,19,20,15,19,11,12,20,11,15,10,14,10,10,19,16,19,10,18,19,18,10,16,18,16,11,17,17,17,14,11,10,13,17,20,13,10,10,20,17
11,16,15,14,11,10,15,13,12,14,19,19,12,11,10,12,10,14,20,14,12,18,19,12,10,10,20,14,17,17,20,19,15,20,10,12,16,16,15,17,13,20,12,18,12,19,17,15,16,16

The sequence dependent setup time of each job processed on machine 6.
(Where rows denote jobs: 1 to 50 and columns denote jobs: 0 to 50.For example:The value of Sijk is in row j,column i+1.)
14,13,18,14,10,15,16,10,12,19,13,13,15,14,16,17,13,18,10,15,20,15,14,10,20,19,16,19,16,12,10,10,11,13,10,19,15,10,17,13,13,10,19,19,15,10,19,12,11,16
19,12,13,16,18,11,19,16,10,10,20,10,18,15,15,16,20,18,17,12,13,12,15,17,20,18,15,16,17,15,15,10,19,19,11,10,19,13,13,10,13,15,12,10,19,12,15,19,17,20
15,15,18,15,20,15,14,11,13,11,16,11,16,12,19,15,13,15,13,11,13,17,18,17,14,20,17,13,16,10,18,13,11,11,17,10,14,10,20,20,11,15,19,12,18,17,13,14,12,15
16,12,10,20,14,14,10,13,15,19,14,11,16,12,19,12,12,19,12,13,13,15,20,14,15,15,19,13,13,17,10,17,19,19,20,16,10,16,14,10,13,13,13,11,15,20,13,17,14,11
10,19,13,15,13,11,14,13,17,19,10,17,13,15,20,18,19,18,12,19,15,17,15,11,11,12,16,10,10,19,14,13,12,15,20,10,18,10,12,14,17,17,14,16,15,19,12,11,16,19
10,15,17,18,18,14,19,11,13,17,17,12,19,12,15,15,15,20,14,14,18,11,18,17,18,18,15,12,19,13,11,11,20,14,17,20,10,17,18,10,12,12,15,11,11,12,20,14,10,18
13,20,10,10,17,10,20,10,14,20,11,19,15,18,14,16,19,13,15,15,10,19,19,15,18,18,18,14,11,15,17,19,14,10,13,19,20,13,15,17,10,13,12,12,15,15,12,12,20,12
19,19,16,19,17,12,12,15,18,19,19,14,20,10,13,19,16,16,10,19,14,18,20,11,16,10,19,10,18,17,14,19,16,13,14,10,19,13,19,13,13,11,10,12,18,20,12,16,19,13
19,20,17,10,12,16,16,12,15,17,18,14,19,15,12,17,14,14,12,16,20,10,10,16,20,18,11,20,12,19,12,11,16,11,14,10,13,18,11,19,11,18,16,19,18,20,10,12,17,20
15,14,19,19,18,18,14,12,15,20,17,14,13,20,14,16,14,16,10,20,12,14,19,14,20,20,16,19,11,12,12,12,11,12,10,13,18,13,11,15,20,12,16,11,16,13,17,16,14,13
20,17,19,15,15,18,13,16,14,17,13,18,14,15,16,16,15,12,11,13,10,15,19,12,15,16,19,13,13,18,10,14,19,20,18,11,16,15,16,12,14,17,13,17,15,13,12,12,14,10
12,10,17,15,17,12,12,10,14,14,16,13,11,19,11,17,18,15,14,14,18,16,10,19,20,14,15,17,12,17,17,11,14,18,10,14,19,18,10,15,20,14,11,15,11,13,17,13,12,17
10,18,10,18,16,13,11,13,19,13,12,19,10,15,20,12,12,14,17,18,16,11,20,17,12,17,10,18,15,10,18,20,15,11,17,11,11,12,17,17,10,19,13,20,14,17,12,11,20,16
18,14,12,19,13,17,17,13,16,12,20,15,11,16,10,13,14,20,13,13,12,12,12,12,14,12,16,15,19,17,11,20,20,15,20,14,14,18,16,11,11,19,13,12,14,16,12,10,16,19
12,17,12,19,16,18,13,10,20,20,17,16,19,16,17,17,16,20,14,17,18,10,12,18,14,17,15,19,15,17,16,10,19,15,19,10,15,19,20,18,16,13,20,13,18,11,16,16,11,17
13,13,12,17,19,10,20,11,11,19,13,12,12,13,19,11,19,16,12,16,13,10,15,14,10,12,18,14,13,13,15,20,12,12,20,11,18,15,19,15,18,11,19,10,20,14,18,11,12,15
14,10,16,13,20,16,17,13,10,17,18,12,14,11,16,18,17,14,18,20,18,15,19,16,15,20,18,15,14,20,20,16,13,13,13,18,18,19,15,12,13,17,14,12,17,10,14,19,20,20
11,14,13,17,15,14,17,14,18,16,14,20,17,13,12,13,16,15,11,17,15,15,18,13,19,20,16,16,16,15,15,11,16,14,15,14,18,10,10,15,13,14,13,12,15,18,14,11,18,17
20,16,18,15,15,15,16,20,15,19,18,13,20,17,16,12,17,11,19,20,15,14,12,18,11,19,10,18,18,17,14,19,15,15,18,11,12,15,20,15,12,19,17,18,16,11,14,19,18,14
14,13,20,16,15,11,18,10,10,18,16,14,12,14,20,14,12,19,15,16,10,16,13,10,19,14,11,10,16,14,12,18,20,15,17,16,10,12,16,19,13,12,19,11,16,15,15,13,19,14
20,12,15,17,12,13,13,12,13,15,11,15,13,18,17,12,13,10,12,16,13,17,17,11,14,20,17,18,13,19,10,14,20,11,20,19,15,19,13,13,13,10,11,13,14,17,14,10,19,17
10,14,10,10,11,11,15,12,13,14,13,12,10,13,12,18,16,19,14,18,10,18,18,15,13,18,19,17,14,16,20,14,11,20,11,20,16,19,12,10,19,12,12,18,17,17,19,12,16,12
18,13,10,10,14,15,15,11,10,11,20,14,15,12,20,19,10,16,16,18,18,11,18,17,12,18,13,15,16,17,12,15,14,19,15,14,14,19,15,14,19,12,19,10,14,12,17,18,15,11
17,15,13,10,14,12,20,13,20,14,12,14,11,14,14,12,11,14,12,16,16,18,16,18,13,15,12,19,19,14,16,12,16,18,16,11,13,17,17,13,18,20,13,12,18,18,19,19,17,17
12,18,12,12,10,20,11,14,10,14,13,19,12,18,10,14,13,13,16,20,12,13,19,17,10,15,16,18,12,19,11,11,19,12,14,19,10,13,14,15,17,18,19,10,10,16,12,16,11,12
18,19,11,10,18,11,17,19,14,17,20,12,16,14,16,16,12,10,13,19,18,15,19,14,15,10,11,10,20,11,19,11,12,19,20,20,17,14,20,15,19,20,12,10,10,18,14,14,17,13
16,12,10,13,15,20,20,10,10,18,19,19,12,10,11,17,13,15,12,20,14,18,18,17,20,15,14,10,13,11,16,10,20,10,14,19,15,12,13,17,14,19,13,15,14,12,18,12,15,20
12,15,19,17,14,13,11,15,18,11,15,17,11,16,16,18,18,15,15,10,13,16,11,15,16,11,19,15,10,17,18,20,18,16,14,17,17,19,12,15,15,13,13,18,12,14,16,20,13,16
13,13,13,12,15,10,12,10,12,16,18,15,13,18,10,18,14,10,20,18,14,20,11,18,13,12,19,18,12,11,14,20,18,11,18,14,18,11,15,13,12,11,14,18,19,10,17,12,17,14
17,10,18,12,14,13,12,18,13,19,14,19,12,17,10,11,18,12,19,14,14,18,18,17,17,12,15,16,19,13,14,17,18,19,18,13,10,18,14,16,16,18,19,20,13,16,17,12,15,11
12,13,10,18,11,20,10,14,16,18,12,13,15,14,16,19,10,15,18,15,15,13,14,16,16,12,12,17,14,16,16,15,19,11,20,14,12,13,10,19,12,20,15,14,18,16,15,14,12,18
18,19,11,11,16,20,13,16,10,17,11,12,17,17,20,18,15,13,18,18,19,19,14,18,13,18,12,12,16,19,19,17,17,15,12,13,14,13,10,20,13,18,16,15,10,16,20,11,19,20
11,20,18,20,18,16,15,12,10,16,17,13,16,16,17,20,19,12,12,20,17,13,11,13,16,16,20,11,12,18,19,17,18,13,15,15,18,10,17,15,11,20,19,11,19,13,14,18,14,15
16,16,14,15,17,10,14,17,13,14,12,19,17,20,18,11,11,16,17,20,17,20,12,10,11,17,13,11,14,20,12,11,14,16,15,16,12,15,19,12,10,18,10,10,17,15,11,11,17,10
16,14,14,12,14,12,13,18,10,13,16,18,12,10,14,13,14,19,15,16,19,17,19,16,12,17,15,12,12,18,17,19,18,15,19,12,14,18,14,18,13,18,12,15,12,10,13,16,10,13
15,19,10,15,15,19,17,13,16,10,10,19,19,16,14,13,20,19,13,19,14,14,19,12,17,17,13,17,19,13,11,20,15,18,18,20,15,12,19,15,18,15,12,10,15,19,19,18,20,20
14,16,20,13,14,11,13,13,15,10,11,17,12,16,17,16,17,12,17,19,17,19,19,12,19,16,19,11,11,19,14,16,12,20,11,18,20,11,15,10,18,17,12,13,17,11,11,12,13,13
13,14,12,18,17,10,15,20,17,13,16,12,13,14,18,13,20,18,15,12,16,14,19,14,17,13,15,16,12,15,15,14,15,14,17,10,18,13,13,18,20,19,20,10,11,14,15,18,20,12
16,17,12,15,13,19,11,17,13,10,13,20,20,12,16,13,12,14,13,14,16,12,13,19,10,10,13,16,17,14,19,15,20,14,19,11,19,11,10,20,14,19,17,16,19,16,12,17,12,11
15,13,11,18,19,18,19,10,16,19,13,12,15,10,16,12,12,15,20,17,17,14,13,10,11,10,14,13,19,10,15,20,15,18,10,12,13,10,15,19,19,10,20,11,20,17,11,20,18,10
11,19,10,12,20,18,12,10,17,15,15,20,11,12,13,16,12,12,11,13,14,11,15,20,13,18,20,12,16,19,18,19,20,10,17,20,15,16,12,18,18,19,16,11,12,11,18,10,14,15
14,19,14,18,18,15,13,19,19,12,16,12,19,14,10,11,11,11,19,14,19,17,15,13,20,11,20,18,17,13,15,12,18,14,14,15,14,14,12,17,11,14,12,19,18,13,10,10,13,11
12,14,20,20,17,14,16,14,12,10,15,12,18,18,20,12,10,16,10,20,18,18,20,10,15,10,19,10,11,13,19,20,17,20,13,14,14,18,16,15,14,19,20,17,16,17,20,15,13,15
15,11,17,11,10,16,15,16,14,18,13,12,16,11,12,12,16,10,13,14,14,17,16,20,16,17,19,19,12,11,15,20,12,11,20,12,11,17,14,11,20,20,20,17,18,10,15,19,15,12
10,14,14,10,13,10,19,10,11,18,15,17,10,16,19,20,19,15,20,19,12,17,19,20,10,13,15,20,19,12,15,20,15,17,19,19,10,16,18,18,20,11,13,17,10,19,17,19,10,19
15,12,12,19,14,20,10,15,11,20,11,19,17,13,19,18,14,13,13,16,16,17,18,12,12,11,11,11,19,15,15,18,13,12,10,12,16,14,13,14,19,19,18,19,10,16,14,16,14,18
19,12,11,13,10,17,18,13,12,17,13,13,10,16,17,13,16,10,13,16,17,12,18,18,14,20,16,10,17,16,16,10,10,11,20,19,14,15,17,12,12,15,16,11,17,12,20,17,13,17
16,12,13,20,13,14,15,12,18,14,12,12,10,16,15,16,16,15,12,13,15,14,18,15,12,17,16,13,16,12,11,13,20,10,12,15,12,18,18,10,12,20,12,17,18,12,13,13,18,19
10,18,15,17,18,12,15,16,14,14,12,16,15,10,11,19,18,13,18,10,17,15,20,16,13,15,15,11,13,14,13,18,12,15,13,12,11,13,15,18,15,15,14,17,20,16,10,13,14,19
14,16,12,17,12,16,18,17,12,11,11,20,19,13,20,13,20,14,18,16,11,16,11,13,12,17,16,16,13,11,13,11,15,14,14,20,17,10,20,16,10,20,20,16,15,20,13,12,18,18
10,10,20,14,20,10,10,16,18,14,12,10,14,19,18,16,13,17,18,10,10,14,16,16,17,13,18,10,10,16,13,14,14,18,10,16,16,17,11,12,11,20,14,18,16,13,19,16,12,13

The sequence dependent setup time of each job processed on machine 7.
(Where rows denote jobs: 1 to 50 and columns denote jobs: 0 to 50.For example:The value of Sijk is in row j,column i+1.)
13,19,13,20,13,20,13,17,12,11,19,14,12,18,13,18,11,16,15,18,20,15,14,18,18,16,16,19,18,19,12,13,14,18,19,13,15,14,14,13,12,17,16,16,20,17,15,13,16,17
17,13,17,17,14,19,13,19,13,18,13,19,19,13,13,19,11,11,12,16,16,18,18,13,14,16,13,15,10,10,12,18,16,16,17,14,18,18,10,19,16,17,12,16,18,16,11,20,10,14
15,18,12,10,10,14,17,20,19,20,19,18,11,20,19,19,14,16,19,15,16,16,13,11,13,18,18,14,12,20,19,20,13,11,19,19,18,12,18,18,17,19,13,10,20,16,15,19,10,12
12,11,19,11,13,14,19,15,11,19,19,19,16,15,14,16,20,14,19,18,15,20,13,17,16,15,16,10,16,11,15,13,17,12,11,19,20,20,15,17,19,15,18,19,15,17,18,12,12,20
20,19,14,18,18,12,13,10,18,18,11,19,15,14,14,17,16,13,11,17,11,17,10,19,10,20,18,15,12,16,20,20,12,10,15,14,10,15,11,20,17,11,18,16,16,19,17,10,13,19
16,14,19,11,18,17,13,15,20,11,18,14,11,20,18,10,12,10,20,16,14,15,17,17,18,11,20,19,16,20,19,12,11,18,12,11,17,15,15,10,16,17,15,20,19,12,13,10,15,15
13,10,15,17,12,14,20,12,10,16,14,10,14,10,20,13,17,10,10,20,18,16,10,13,13,20,19,18,14,10,11,19,13,14,15,17,17,13,19,20,10,19,20,18,14,20,16,16,18,20
18,19,14,12,12,19,13,12,16,16,15,19,16,10,16,11,16,16,16,17,11,11,18,15,14,20,16,10,14,14,11,17,16,14,17,16,11,20,18,17,16,19,13,19,20,14,17,15,20,17
13,12,13,20,20,16,14,10,14,18,15,17,14,10,17,12,10,18,12,12,13,15,14,17,15,19,16,17,12,13,13,18,19,19,14,13,13,16,13,16,13,11,11,13,17,15,19,15,15,12
20,20,11,19,17,17,17,11,10,16,19,19,14,20,10,19,15,19,11,17,14,18,17,18,20,10,17,17,13,16,16,18,11,18,14,14,10,12,16,14,13,15,19,12,10,13,11,16,20,15
14,19,18,20,14,10,11,19,13,19,20,10,15,10,14,12,18,11,10,17,11,14,16,10,20,17,20,17,14,15,19,17,20,13,19,14,18,15,12,19,18,15,11,18,13,12,11,11,15,14
17,16,10,18,17,16,13,20,12,13,19,17,16,11,15,17,15,17,18,20,17,15,16,15,14,10,11,12,20,17,16,16,12,18,18,14,19,19,17,14,19,10,15,16,18,15,18,20,17,20
17,18,17,10,14,15,12,10,20,13,13,13,17,19,12,17,10,20,19,13,14,20,16,10,10,19,14,19,18,10,20,17,12,10,17,15,13,13,18,18,11,16,17,19,10,11,12,19,11,18
13,15,15,11,11,18,12,13,14,14,15,20,14,18,12,12,16,13,20,12,20,14,15,15,13,19,18,19,15,13,10,16,17,17,13,16,14,16,20,10,18,17,15,16,20,10,13,11,12,10
16,11,12,11,17,20,20,10,17,15,17,19,12,16,17,18,19,17,17,19,14,20,10,14,12,13,12,20,10,11,13,19,20,14,14,14,11,18,14,11,19,20,12,19,20,12,17,13,19,15
13,13,17,14,18,11,15,20,16,12,14,20,11,16,16,14,13,11,12,16,12,13,15,13,13,10,14,14,10,19,10,11,14,19,17,14,13,12,17,18,14,10,12,12,18,14,17,17,12,18
17,13,14,14,12,12,14,13,14,11,14,12,17,14,15,15,19,16,17,10,18,16,14,18,12,13,10,13,14,14,19,16,10,10,14,15,12,14,17,20,20,14,16,16,20,12,14,18,13,20
12,13,12,20,18,15,11,17,19,11,12,14,13,14,17,15,11,20,16,19,12,16,20,19,20,12,20,16,15,15,18,12,19,11,14,11,13,17,14,16,16,13,19,14,14,12,11,17,16,13
12,10,12,13,13,19,16,10,18,20,16,20,11,17,10,20,17,13,18,18,16,14,16,14,19,20,17,18,19,16,15,11,11,20,11,14,16,12,17,20,12,18,10,16,12,10,10,11,15,11
14,17,10,15,10,20,20,15,11,13,16,14,14,20,13,20,11,12,13,10,12,18,17,19,10,16,12,18,10,20,16,19,17,17,16,15,12,15,13,11,11,17,20,16,17,20,13,10,10,18
16,12,19,20,17,15,13,19,17,11,11,15,16,19,20,20,11,14,12,10,12,12,17,12,16,10,13,17,14,12,19,15,12,17,10,11,19,19,12,10,11,11,11,14,20,14,14,17,17,13
15,11,13,12,15,10,20,20,15,18,16,17,19,19,19,11,14,16,12,14,16,20,17,10,11,17,16,15,19,13,16,19,14,10,20,20,17,14,19,16,19,19,17,16,15,14,12,15,15,19
15,12,19,17,20,10,14,10,12,20,16,11,11,14,13,12,10,19,19,15,19,10,13,17,15,17,13,14,18,15,18,14,10,18,11,13,11,12,18,20,18,20,18,12,15,18,15,15,20,17
16,15,19,11,16,17,17,18,10,17,18,19,14,15,16,12,15,18,15,15,19,20,15,14,15,12,11,19,15,15,20,12,18,17,15,19,11,11,10,12,10,15,17,17,11,11,14,16,20,12
17,17,19,18,12,20,15,13,10,13,18,13,13,16,20,20,20,20,12,15,18,12,20,14,19,15,14,16,18,16,12,13,18,10,17,16,15,13,19,16,10,12,16,20,11,17,15,19,16,18
17,10,12,20,20,15,16,19,18,12,12,12,13,11,18,12,20,14,10,18,16,20,14,19,14,17,17,14,16,16,17,10,10,14,18,11,14,17,11,10,19,10,20,14,13,17,10,19,11,13
10,15,19,15,12,16,11,12,17,17,19,14,15,11,17,11,16,12,12,18,17,14,16,15,15,11,12,19,12,10,10,17,18,16,14,12,15,18,13,12,19,15,20,19,17,17,14,15,11,10
12,17,12,14,19,19,11,14,14,17,17,12,18,17,10,15,19,15,13,14,10,17,17,19,13,17,19,13,10,17,10,12,19,14,18,20,13,17,20,18,17,18,11,11,11,18,11,17,13,10
19,10,10,15,11,14,11,19,14,15,11,16,16,16,17,18,10,13,13,14,16,11,19,12,14,11,19,14,20,19,20,18,15,13,10,18,18,13,11,11,20,18,15,14,15,18,15,15,19,14
14,15,19,14,19,12,13,11,12,16,17,20,15,15,10,11,11,16,10,14,13,20,17,16,16,10,16,18,10,19,16,13,14,16,10,20,17,12,10,18,13,15,15,10,14,16,19,13,20,20
13,12,17,10,17,10,11,18,12,10,19,11,18,13,17,16,16,18,17,11,13,14,10,16,20,16,15,20,14,20,19,12,17,18,11,14,15,14,14,13,17,16,10,13,15,11,18,10,17,11
10,16,19,19,14,15,16,17,12,13,14,19,15,16,19,10,13,20,11,16,11,10,14,14,19,15,15,12,14,18,11,19,14,15,15,15,11,18,10,16,17,12,12,15,17,18,14,17,17,11
18,16,17,11,12,10,15,13,19,18,12,18,14,12,16,18,20,13,13,14,16,14,16,15,11,11,12,20,17,19,17,16,10,10,11,18,11,14,10,16,15,13,12,14,14,20,12,13,13,20
15,17,10,10,14,14,12,11,14,20,13,19,16,16,15,17,19,20,19,18,16,20,10,17,20,15,16,20,14,14,18,13,18,19,20,19,19,13,16,10,18,18,20,20,14,13,18,11,20,16
17,13,16,12,12,17,13,19,12,18,13,18,12,13,10,10,15,20,19,11,13,20,18,14,14,13,19,15,17,14,19,10,20,11,12,11,12,13,17,13,15,18,10,11,10,14,10,10,10,15
15,14,19,17,15,12,17,13,13,11,18,16,18,15,14,16,10,19,16,12,11,11,15,12,14,18,19,16,20,16,12,13,16,17,12,11,17,18,20,20,12,11,14,10,12,20,14,10,16,12
13,18,13,16,19,11,15,20,11,11,15,19,16,19,14,15,13,16,14,16,13,14,12,16,15,10,12,14,13,10,15,18,19,19,17,13,17,18,18,16,20,17,13,18,15,14,11,12,12,20
18,18,18,18,17,20,18,11,15,20,14,17,19,15,13,16,10,10,20,13,16,20,17,14,20,12,13,12,12,14,16,14,20,14,13,15,12,15,19,14,16,10,14,19,10,18,12,12,15,13
19,17,17,19,20,17,12,18,10,17,12,18,14,20,18,17,20,11,17,14,16,20,11,19,15,10,12,12,12,15,12,10,11,15,17,13,13,11,17,18,15,12,14,20,10,18,12,12,13,19
19,10,17,11,13,11,15,19,18,10,14,17,16,12,14,12,17,18,18,14,20,17,17,11,12,12,13,17,15,16,14,13,17,16,12,18,10,11,18,14,17,20,18,11,17,20,16,10,13,16
20,10,17,13,11,15,10,11,12,14,13,19,15,18,11,17,15,20,17,12,10,11,10,20,17,18,12,11,10,10,10,20,19,14,17,18,19,15,11,14,17,19,10,18,18,16,18,16,17,13
15,11,13,15,10,13,20,20,20,15,20,18,17,14,12,12,13,13,18,14,18,15,20,15,13,11,19,19,14,20,18,12,14,14,15,14,16,18,17,16,18,18,10,14,19,19,13,11,16,11
16,12,16,13,16,14,20,15,14,13,13,11,20,19,11,19,11,18,12,16,13,18,14,12,18,14,20,13,18,16,20,20,13,17,13,10,16,14,14,18,13,13,15,17,15,15,20,12,18,17
11,18,17,20,19,15,16,14,20,18,16,10,18,15,14,13,19,13,12,20,18,16,13,16,11,10,11,20,19,13,13,15,20,16,17,20,20,17,17,19,11,10,16,11,12,15,14,18,20,11
16,14,12,16,10,14,11,17,13,12,10,14,20,12,11,11,20,20,18,20,19,14,18,15,11,13,13,12,18,20,11,15,11,16,13,14,15,17,16,12,14,18,19,10,17,18,18,14,18,19
10,11,11,10,10,19,12,15,13,11,12,11,15,20,16,18,19,19,13,19,14,12,11,11,18,18,13,16,10,12,15,12,19,15,10,10,10,13,12,13,14,14,20,18,16,20,19,11,17,15
11,11,20,19,13,12,10,15,14,16,18,10,13,10,17,11,17,18,13,19,16,18,16,15,10,19,10,20,12,10,18,16,15,11,11,20,12,19,16,16,12,20,19,20,12,13,10,10,12,14
16,18,14,19,15,15,11,19,20,15,19,11,12,13,17,15,11,18,13,20,13,12,15,17,14,15,13,15,19,13,13,18,10,19,12,16,16,18,15,19,20,20,10,19,13,15,15,20,12,17
12,14,15,15,13,10,16,14,14,17,13,11,15,13,18,11,20,20,15,16,16,11,19,20,12,15,17,17,17,13,15,15,16,11,12,12,16,14,20,11,12,13,12,17,14,16,11,20,16,19
17,12,17,19,20,18,12,18,16,12,16,10,20,16,16,10,13,16,20,14,16,10,20,20,18,17,12,15,12,19,15,17,17,20,18,10,15,15,20,15,19,18,17,19,10,19,15,13,10,10
20,17,12,18,16,11,19,20,16,13,10,13,11,16,14,10,11,14,19,17,17,13,15,15,10,19,20,11,18,14,13,17,18,12,19,18,14,15,19,14,20,12,12,17,19,20,16,19,11,12

