The number of jobs:
50
The number of machines:
7
The number of vehicles:
4
The number of workers:
4

The processing time of each order processed on different machines:
(where rows denote machines: 1 to 7 and columns denote orders: 1 to 
50)
22,40,40,27,31,39,28,27,20,30,37,34,31,25,25,31,32,31,25,35,27,34,34,37,22,24,31,27,31,35,27,27,23,37,38,27,26,35,25,39,30,27,34,36,40,35,36,23,38,25
32,31,23,38,39,23,27,28,34,27,32,34,22,37,37,21,38,28,29,25,36,31,27,23,33,27,29,40,21,26,37,27,39,22,24,20,32,25,31,39,31,38,21,20,31,25,23,34,31,40
28,40,21,36,34,27,35,39,26,31,24,37,32,38,34,36,37,26,24,31,29,40,36,38,33,20,27,38,22,23,38,22,30,33,31,31,24,20,22,31,35,26,28,35,25,23,40,30,23,38
40,35,38,21,20,40,26,33,34,26,37,36,26,24,25,22,20,22,23,31,33,40,29,26,37,28,26,26,38,35,25,22,39,35,33,35,22,35,22,27,31,39,30,24,33,35,30,26,30,33
28,24,22,35,20,37,32,24,31,36,24,23,39,21,36,38,25,30,31,36,34,20,25,24,37,22,24,29,20,22,22,21,30,30,25,26,37,37,28,26,34,24,24,24,31,23,20,31,35,38
40,27,21,31,29,23,29,23,33,35,33,27,33,33,28,38,30,27,23,30,28,24,23,34,23,32,37,21,22,26,22,24,31,39,29,26,25,37,27,32,22,35,21,24,25,30,36,22,23,36
24,36,20,25,37,20,25,31,33,36,20,35,28,32,35,23,22,29,24,33,25,35,33,25,36,31,35,37,31,20,31,35,37,40,29,24,31,26,26,23,24,34,20,40,38,40,31,35,31,29

The coefficient of each worker on each machine:
(where rows denote workers: 1 to 4 and columns denote machines: 1 to 
7)
1,0.5,0.75,1.5,1.25,0.75,1.5
1,1.5,1.5,1,1.5,1.5,0.5
1,0.5,0.75,0.5,0.5,0.5,1
0.5,1.25,1.5,1,1,0.75,1.25

The unit processing cost of machines:

8,9,7,7,6,6,7

The unit idle cost of machines:

2,3,1,3,1,4,3

The distance between each location:
(where rows and columns denote locations: 0 to 50)
0,97,101,88,45,91,26,95,93,76,107,79,77,32,79,52,92,48,55,43,104,116,125,39,44,128,105,88,39,135,88,34,103,68,35,57,71,7,65,78,69,113,59,32,119,98,111,74,84,47,68
97,0,137,183,89,178,72,143,43,84,34,40,21,124,125,106,67,50,134,137,79,188,201,133,123,79,101,42,128,222,172,109,28,93,130,41,162,100,145,175,141,174,155,67,201,58,169,67,123,73,166
101,137,0,158,143,89,109,16,162,168,166,149,119,86,22,153,75,109,64,128,71,210,216,93,143,204,198,158,133,119,176,135,160,165,119,113,153,108,64,133,51,212,110,97,93,174,210,160,185,73,120
88,183,158,0,102,87,111,145,167,129,185,155,164,77,138,90,177,134,95,46,187,69,68,68,65,191,149,163,55,110,36,77,182,115,54,143,23,85,95,28,108,86,49,121,113,165,89,139,106,133,40
45,89,143,102,0,132,36,139,66,32,84,55,76,75,122,17,115,52,100,61,128,99,111,79,37,91,60,61,48,175,84,26,82,23,59,57,79,40,110,103,115,87,93,51,162,64,83,37,43,77,99
91,178,89,87,132,0,115,73,183,164,195,168,157,59,76,132,140,131,44,81,144,153,154,53,109,219,192,178,94,45,117,110,190,154,78,140,93,93,34,59,43,164,46,113,31,188,165,165,161,106,49
26,72,109,111,36,115,0,107,68,59,81,53,53,56,89,50,80,23,75,65,93,127,138,64,55,105,89,63,57,160,105,42,77,56,58,32,91,27,86,103,88,120,85,15,142,74,116,53,80,40,94
95,143,16,145,139,73,107,0,165,166,170,150,124,76,19,147,85,110,51,117,84,199,205,81,135,206,195,160,123,103,164,128,164,161,109,115,141,101,50,119,37,202,96,96,77,175,202,159,179,74,105
93,43,162,167,66,183,68,165,0,47,19,15,47,124,146,80,103,55,142,124,116,158,172,132,103,41,59,5,113,228,149,91,20,60,120,49,145,92,154,166,153,141,151,72,210,15,135,31,87,90,159
76,84,168,129,32,164,59,166,47,0,67,44,77,107,148,39,127,64,130,92,141,111,125,111,65,61,30,45,79,207,106,57,67,14,91,65,106,72,141,134,145,93,124,72,194,39,88,17,40,97,130
107,34,166,185,84,195,81,170,19,67,0,30,47,138,151,99,100,64,153,141,113,177,191,146,121,45,75,23,130,240,168,109,6,80,136,57,163,107,164,182,163,160,166,82,221,31,155,51,107,97,175
79,40,149,155,55,168,53,150,15,44,30,0,38,110,132,71,93,41,127,111,106,151,164,117,91,55,62,10,100,213,139,79,27,54,107,35,133,78,139,153,138,135,137,57,195,25,130,26,83,76,145
77,21,119,164,76,157,53,124,47,77,47,38,0,103,106,93,56,30,113,118,69,174,187,112,106,88,99,44,110,201,156,92,40,84,111,21,144,80,124,155,120,162,135,46,180,61,158,61,113,52,145
32,124,86,77,75,59,56,76,124,107,138,110,103,0,64,78,102,75,27,41,111,123,130,10,60,160,135,119,47,103,90,57,133,98,33,84,67,35,36,58,43,127,34,57,88,129,126,106,109,59,45
79,125,22,138,122,76,89,19,146,148,151,132,106,64,0,131,70,91,43,105,71,188,194,71,120,187,177,141,110,112,154,113,145,144,97,97,131,86,46,114,34,189,89,77,87,156,188,140,163,55,100
52,106,153,90,17,132,50,147,80,39,99,71,93,78,131,0,130,68,104,54,143,82,95,80,26,100,62,76,41,173,69,22,97,25,55,74,67,46,114,96,120,70,89,66,162,76,66,49,32,90,94
92,67,75,177,115,140,80,85,103,127,100,93,56,102,70,130,0,64,98,134,14,206,217,112,134,143,153,100,131,181,180,121,94,130,125,62,162,98,106,160,98,200,136,65,156,117,196,113,157,45,147
48,50,109,134,52,131,23,110,55,64,64,41,30,75,91,68,64,0,89,88,78,148,160,84,78,96,92,51,80,176,127,64,59,66,81,9,115,50,100,125,98,138,106,18,157,65,134,52,93,36,116
55,134,64,95,100,44,75,51,142,130,153,127,113,27,43,104,98,89,0,66,104,148,153,30,87,180,160,137,74,88,113,83,148,123,59,97,90,59,11,70,16,153,46,71,68,149,152,128,136,62,57
43,137,128,46,61,81,65,117,124,92,141,111,118,41,105,54,134,88,66,0,144,82,89,36,29,152,116,120,13,120,49,35,138,79,9,97,29,38,72,42,82,87,36,75,112,124,87,98,80,89,39
104,79,71,187,128,144,93,84,116,141,113,106,69,111,71,143,14,78,104,144,0,219,229,120,146,156,166,114,142,183,191,134,106,144,135,76,173,110,111,168,101,213,144,78,158,131,209,127,171,56,155
116,188,210,69,99,153,127,199,158,111,177,151,174,123,188,82,206,148,148,82,219,0,14,118,73,166,117,155,79,180,36,85,177,98,91,155,60,110,153,95,164,24,109,142,181,150,30,127,73,163,104
125,201,216,68,111,154,138,205,172,125,191,164,187,130,194,95,217,160,153,89,229,14,0,124,83,180,131,168,87,178,40,96,190,111,98,167,64,119,157,95,169,37,112,152,181,164,43,140,87,172,106
39,133,93,68,79,53,64,81,132,111,146,117,112,10,71,80,112,84,30,36,120,118,124,0,59,166,139,127,45,97,83,58,141,101,29,93,60,40,36,48,46,123,24,66,83,136,123,112,110,69,35
44,123,143,65,37,109,55,135,103,65,121,91,106,60,120,26,134,78,87,29,146,73,83,59,0,126,88,98,16,149,50,14,118,52,31,85,42,37,95,69,103,69,64,69,140,100,68,74,52,90,68
128,79,204,191,91,219,105,206,41,61,45,55,88,160,187,100,143,96,180,152,156,166,180,166,126,0,50,46,139,263,166,117,50,75,150,90,167,126,191,194,192,145,183,112,247,31,139,55,94,131,190
105,101,198,149,60,192,89,195,59,30,75,62,99,135,177,62,153,92,160,116,166,117,131,139,88,50,0,59,103,234,120,82,78,38,116,91,126,100,170,157,174,95,150,101,222,45,89,40,45,126,155
88,42,158,163,61,178,63,160,5,45,23,10,44,119,141,76,100,51,137,120,114,155,168,127,98,46,59,0,108,223,145,86,22,57,115,45,140,87,149,161,148,138,146,67,205,17,133,28,85,86,154
39,128,133,55,48,94,57,123,113,79,130,100,110,47,110,41,131,80,74,13,142,79,87,45,16,139,103,108,0,133,49,22,127,66,16,89,34,33,81,55,90,79,49,69,124,112,79,85,67,86,52
135,222,119,110,175,45,160,103,228,207,240,213,201,103,112,173,181,176,88,120,183,180,178,97,149,263,234,223,133,0,145,152,235,196,118,184,124,137,77,86,83,195,84,158,26,233,197,209,200,150,82
88,172,176,36,84,117,105,164,149,106,168,139,156,90,154,69,180,127,113,49,191,36,40,83,50,166,120,145,49,145,0,63,166,92,58,135,24,82,117,59,128,50,72,117,145,144,53,118,76,135,67
34,109,135,77,26,110,42,128,91,57,109,79,92,57,113,22,121,64,83,35,134,85,96,58,14,117,82,86,22,152,63,0,106,45,34,72,54,28,92,77,99,80,68,56,141,90,77,63,52,78,74
103,28,160,182,82,190,77,164,20,67,6,27,40,133,145,97,94,59,148,138,106,177,190,141,118,50,78,22,127,235,166,106,0,79,133,51,160,103,159,178,157,160,162,77,216,33,155,50,107,91,171
68,93,165,115,23,154,56,161,60,14,80,54,84,98,144,25,130,66,123,79,144,98,111,101,52,75,38,57,66,196,92,45,79,0,79,69,92,63,133,121,138,81,113,71,184,53,76,29,29,96,118
35,130,119,54,59,78,58,109,120,91,136,107,111,33,97,55,125,81,59,9,135,91,98,29,31,150,116,115,16,118,58,34,133,79,0,90,38,31,65,46,75,94,34,67,109,121,94,95,83,80,40
57,41,113,143,57,140,32,115,49,65,57,35,21,84,97,74,62,9,97,97,76,155,167,93,85,90,91,45,89,184,135,72,51,69,90,0,123,59,108,134,106,144,115,27,165,61,140,51,97,41,125
71,162,153,23,79,93,91,141,145,106,163,133,144,67,131,67,162,115,90,29,173,60,64,60,42,167,126,140,34,124,24,54,160,92,38,123,0,66,93,38,105,71,48,102,122,142,73,116,83,117,44
7,100,108,85,40,93,27,101,92,72,107,78,80,35,86,46,98,50,59,38,110,110,119,40,37,126,100,87,33,137,82,28,103,63,31,59,66,0,70,76,75,106,59,36,123,96,104,72,78,53,67
65,145,64,95,110,34,86,50,154,141,164,139,124,36,46,114,106,100,11,72,111,153,157,36,95,191,170,149,81,77,117,92,159,133,65,108,93,70,0,69,13,159,47,82,57,160,159,139,145,73,56
78,175,133,28,103,59,103,119,166,134,182,153,155,58,114,96,160,125,70,42,168,95,95,48,69,194,157,161,55,86,59,77,178,121,46,134,38,76,69,0,82,109,25,109,86,166,111,140,118,116,14
69,141,51,108,115,43,88,37,153,145,163,138,120,43,34,120,98,98,16,82,101,164,169,46,103,192,174,148,90,83,128,99,157,138,75,106,105,75,13,82,0,169,59,81,60,161,168,141,151,68,69
113,174,212,86,87,164,120,202,141,93,160,135,162,127,189,70,200,138,153,87,213,24,37,123,69,145,95,138,79,195,50,80,160,81,94,144,71,106,159,109,169,0,118,135,193,131,6,110,54,158,115
59,155,110,49,93,46,85,96,151,124,166,137,135,34,89,89,136,106,46,36,144,109,112,24,64,183,150,146,49,84,72,68,162,113,34,115,48,59,47,25,59,118,0,89,77,153,119,128,116,93,11
32,67,97,121,51,113,15,96,72,72,82,57,46,57,77,66,65,18,71,75,78,142,152,66,69,112,101,67,69,158,117,56,77,71,67,27,102,36,82,109,81,135,89,0,139,81,131,63,95,26,99
119,201,93,113,162,31,142,77,210,194,221,195,180,88,87,162,156,157,68,112,158,181,181,83,140,247,222,205,124,26,145,141,216,184,109,165,122,123,57,86,60,193,77,139,0,216,195,194,191,128,78
98,58,174,165,64,188,74,175,15,39,31,25,61,129,156,76,117,65,149,124,131,150,164,136,100,31,45,17,112,233,144,90,33,53,121,61,142,96,160,166,161,131,153,81,216,0,126,27,78,101,161
111,169,210,89,83,165,116,202,135,88,155,130,158,126,188,66,196,134,152,87,209,30,43,123,68,139,89,133,79,197,53,77,155,76,94,140,73,104,159,111,168,6,119,131,195,126,0,105,48,155,117
74,67,160,139,37,165,53,159,31,17,51,26,61,106,140,49,113,52,128,98,127,127,140,112,74,55,40,28,85,209,118,63,50,29,95,51,116,72,139,140,141,110,128,63,194,27,105,0,57,87,135
84,123,185,106,43,161,80,179,87,40,107,83,113,109,163,32,157,93,136,80,171,73,87,110,52,94,45,85,67,200,76,52,107,29,83,97,83,78,145,118,151,54,116,95,191,78,48,57,0,120,118
47,73,73,133,77,106,40,74,90,97,97,76,52,59,55,90,45,36,62,89,56,163,172,69,90,131,126,86,86,150,135,78,91,96,80,41,117,53,73,116,68,158,93,26,128,101,155,87,120,0,104
68,166,120,40,99,49,94,105,159,130,175,145,145,45,100,94,147,116,57,39,155,104,106,35,68,190,155,154,52,82,67,74,171,118,40,125,44,67,56,14,69,115,11,99,78,161,117,135,118,104,0

The weight of orders:
17,11,20,12,11,16,20,20,15,11,17,11,12,15,13,14,16,10,10,12,18,16,14,14,11,17,12,14,20,13,13,15,14,20,19,15,12,12,19,16,17,19,18,19,18,17,12,10,20,17

The unit tardiness penalty of orders:

6,9,10,9,9,7,9,8,7,8,8,10,8,8,10,7,6,9,7,9,6,7,6,8,6,10,10,10,7,10,10,6,8,10,7,9,6,7,7,10,6,10,10,7,10,6,8,6,9,10

The due date of orders:
604,457,457,178,523,242,219,502,457,279,203,346,427,158,232,393,450,150,416,442,766,667,367,186,659,434,188,336,289,404,199,336,563,354,301,738,316,487,416,171,259,180,195,459,714,641,627,615,433,305

the loading and unloading time of each order:
4,3,5,3,3,4,5,5,4,3,4,3,3,4,3,4,4,3,3,3,5,4,4,4,3,4,3,4,5,3,3,4,4,5,5,4,3,3,5,4,4,5,5,5,5,4,3,3,5,4

The sequence dependent setup time of each job processed on machine 1.
(Where rows denote jobs: 1 to 50 and columns denote jobs: 0 to 50.For example:The value of Sijk is in row j,column i+1.)
15,13,14,18,16,14,19,19,19,19,15,20,14,18,17,14,16,14,12,10,14,12,20,18,13,20,13,10,16,15,17,12,18,13,10,20,13,13,14,18,19,12,19,11,15,20,10,12,20,10
16,13,11,16,14,15,11,13,18,13,12,12,20,12,16,17,16,17,19,16,19,20,12,11,14,19,12,20,10,12,14,14,20,13,14,12,19,11,16,11,17,11,19,10,11,18,10,13,19,15
14,15,18,14,15,10,11,12,18,13,12,13,12,20,10,13,10,18,18,15,20,15,19,17,17,18,10,12,12,18,12,10,12,20,16,16,11,12,20,10,13,10,12,20,17,13,20,20,15,19
19,17,19,16,15,19,14,15,17,19,14,19,20,10,20,11,17,18,15,17,20,14,12,17,14,12,12,17,10,14,19,15,17,14,17,19,10,16,18,20,19,15,19,15,13,10,18,18,12,16
19,12,18,16,18,13,15,11,10,10,14,20,15,14,11,13,14,20,15,10,10,10,10,18,11,16,17,16,13,20,19,18,14,16,20,20,17,16,10,15,15,18,16,12,15,15,19,17,20,12
16,11,10,20,13,11,16,18,14,14,10,17,11,17,14,10,10,12,19,14,11,18,18,10,17,18,12,11,11,12,20,16,18,20,12,16,19,10,10,19,14,15,15,16,20,15,15,17,14,19
18,12,15,11,18,19,18,17,16,13,18,19,11,14,10,11,12,13,18,10,20,18,13,13,15,13,12,16,12,14,15,15,18,15,15,14,11,20,15,14,12,19,20,12,13,17,15,11,13,13
18,18,12,15,18,10,20,19,15,19,18,19,18,16,14,16,16,19,15,11,10,16,19,13,15,17,14,15,15,14,12,14,19,10,10,18,16,18,16,16,19,12,12,17,13,18,19,10,17,14
14,10,16,15,17,11,14,11,13,19,18,13,13,16,10,13,13,10,11,11,20,13,11,18,13,17,17,18,15,19,10,17,14,13,18,17,16,14,16,11,16,15,12,12,11,10,16,19,12,13
11,16,15,16,11,19,14,12,12,17,11,18,10,14,19,16,19,12,10,10,16,19,15,10,18,14,17,14,15,19,12,19,13,13,15,12,12,10,14,16,13,12,11,19,11,18,11,20,11,16
11,13,14,10,11,10,10,11,17,17,13,10,17,15,16,13,11,18,12,11,20,18,17,14,13,13,14,17,16,12,10,16,17,18,15,19,17,19,17,10,20,14,14,19,18,15,16,12,11,16
17,16,13,20,16,11,20,10,20,10,14,19,11,14,10,17,17,18,11,14,14,19,12,19,17,11,19,11,10,14,16,10,19,18,16,19,11,12,10,12,12,17,11,11,15,15,12,18,10,18
20,15,12,19,11,18,13,10,20,16,16,11,14,13,20,12,12,20,19,20,16,13,13,20,19,10,20,10,19,14,20,20,10,19,20,11,10,11,13,17,19,17,14,19,18,20,18,19,15,10
18,16,19,18,16,18,15,10,17,18,11,19,14,13,10,16,13,20,15,17,13,10,15,11,10,14,20,12,12,14,14,18,13,15,11,13,14,11,15,19,16,10,12,15,18,11,12,19,13,16
17,17,14,20,13,14,15,14,18,17,16,19,11,17,17,17,14,16,10,12,20,18,17,20,17,15,15,16,12,13,11,12,19,12,15,14,17,10,17,19,16,12,15,17,11,14,18,16,15,19
12,16,20,13,19,19,19,13,13,11,13,20,20,17,13,15,11,14,10,12,15,20,13,14,13,11,10,18,18,18,18,15,13,17,17,13,20,19,12,12,18,17,18,10,17,12,15,20,17,14
19,18,19,12,16,16,13,18,15,19,12,19,11,18,13,18,13,19,11,17,20,19,10,20,18,16,11,20,19,20,13,14,15,19,18,12,13,16,12,10,15,11,10,13,12,11,13,14,13,13
13,14,15,19,20,19,14,20,19,14,14,11,10,15,10,16,12,10,15,15,19,10,18,20,13,18,17,19,10,20,18,19,12,18,15,14,11,16,13,20,16,19,10,17,17,13,15,15,14,13
18,17,20,10,12,16,17,16,14,20,13,19,17,16,11,11,17,20,16,17,16,11,19,19,17,14,14,12,12,11,11,13,16,17,17,11,10,14,13,20,19,11,20,19,18,14,17,14,11,18
13,16,18,16,19,11,15,16,13,16,11,11,11,14,14,16,14,10,20,17,19,17,20,12,10,17,11,13,12,19,16,16,16,14,12,10,16,16,16,15,15,20,11,10,19,11,11,14,14,18
20,10,16,14,11,20,11,10,10,11,11,14,12,10,10,10,19,11,17,20,20,16,11,18,19,11,13,13,10,17,11,20,15,12,13,15,10,10,10,11,18,11,13,12,10,16,16,20,10,16
12,10,19,19,18,15,15,20,16,18,10,13,13,10,15,12,11,12,11,15,15,12,18,17,14,12,19,18,15,11,17,10,11,16,11,12,14,18,17,17,17,13,20,17,10,19,18,19,13,11
17,16,12,15,19,14,16,19,16,16,14,14,17,17,16,10,10,17,14,12,14,19,20,15,13,18,10,18,20,17,19,12,17,15,15,14,12,20,10,20,10,10,12,20,11,19,19,11,18,13
19,11,13,13,13,14,17,18,12,17,18,11,17,15,13,12,17,11,12,15,15,16,16,10,16,13,19,13,18,20,10,19,14,20,17,12,20,12,14,20,12,16,16,11,16,11,14,18,18,20
11,11,12,12,17,10,20,20,10,11,18,10,10,15,11,16,10,12,20,11,19,17,13,12,18,15,11,16,10,11,19,18,14,20,13,16,11,19,17,14,19,20,17,16,12,10,11,10,10,14
15,11,18,11,11,17,16,14,12,17,18,15,20,10,20,16,14,20,20,16,16,11,15,20,14,16,19,12,16,18,12,15,18,15,12,11,17,15,16,16,11,17,16,12,11,20,12,14,20,17
14,14,14,11,19,17,17,20,15,17,11,11,19,17,16,17,10,16,20,16,20,20,18,13,16,20,11,19,13,11,19,11,16,14,16,19,13,13,20,13,12,18,12,16,14,13,18,16,17,14
10,10,18,13,16,14,16,12,20,20,17,10,17,10,16,19,12,14,20,13,14,19,19,10,15,17,12,14,17,17,10,11,12,16,10,12,18,18,16,13,14,20,15,18,12,12,10,15,14,17
17,12,17,20,18,10,16,18,17,19,20,19,17,14,12,16,20,16,12,10,20,20,19,20,12,12,16,16,10,16,18,12,18,15,15,17,18,18,17,18,15,18,12,18,16,15,17,19,19,14
18,19,17,15,14,11,13,10,20,13,13,15,15,17,15,13,14,10,14,18,13,10,14,10,12,13,15,11,19,14,16,16,19,10,16,13,20,16,15,18,17,13,11,17,17,17,10,20,18,10
12,17,20,18,14,11,16,13,15,15,10,11,11,18,13,14,19,10,14,11,20,12,10,19,18,11,19,14,12,11,15,20,18,14,20,15,17,20,15,16,15,16,16,10,19,15,19,16,12,16
18,12,14,18,12,12,16,11,10,15,12,15,10,20,19,12,18,20,14,13,10,10,15,10,13,10,18,17,15,15,16,16,13,15,19,17,13,19,17,10,18,17,14,10,16,10,20,19,20,12
15,16,17,15,10,19,19,20,12,14,14,11,15,17,19,13,15,20,14,18,17,17,16,20,16,20,12,15,20,17,16,12,20,13,18,15,16,16,18,17,16,19,11,20,11,17,17,12,12,10
17,20,18,20,17,17,12,11,19,16,12,15,18,10,14,18,13,14,20,14,18,18,16,18,19,18,11,14,18,11,20,16,14,17,19,17,12,20,19,12,16,18,17,16,16,17,12,18,18,17
20,14,12,10,12,12,11,15,11,16,14,20,17,17,19,14,19,10,12,18,16,10,11,17,15,15,19,13,16,17,17,15,20,12,17,19,15,15,11,14,19,13,18,18,20,10,13,18,12,12
15,13,16,16,14,19,20,18,16,19,14,20,14,11,10,19,17,16,13,13,10,19,12,11,14,19,14,16,18,15,10,15,12,17,15,19,13,18,16,10,16,19,15,18,18,15,14,15,10,19
12,20,20,17,20,14,10,18,16,10,18,19,18,11,12,20,15,11,10,18,20,17,16,17,18,17,14,10,12,20,20,17,10,15,17,13,10,14,16,10,10,13,12,17,18,13,17,11,19,20
16,17,16,10,14,14,20,12,14,19,18,18,15,19,13,10,11,10,13,20,10,15,14,15,12,19,18,10,16,15,10,19,18,10,12,19,19,15,13,10,18,17,16,16,17,15,11,14,19,12
19,14,13,17,15,13,20,10,15,14,16,14,20,15,17,20,12,10,13,17,11,19,20,16,19,18,13,14,11,17,16,16,19,11,19,12,13,11,10,20,17,14,12,20,17,17,17,14,17,19
17,17,13,10,14,19,16,16,15,19,14,15,18,17,11,19,11,16,19,20,12,13,12,19,18,15,18,10,16,18,17,16,17,16,17,15,12,12,16,14,19,19,10,14,10,20,18,14,13,11
20,11,19,18,13,12,11,19,15,17,11,12,10,17,16,20,11,10,11,16,18,13,10,12,17,13,17,16,15,10,11,16,17,10,14,16,11,13,11,10,10,17,13,13,17,19,12,19,15,14
17,19,16,18,15,19,11,20,14,18,10,19,18,10,15,17,14,20,19,10,12,19,20,15,16,10,15,10,10,14,10,11,19,16,11,10,12,17,20,18,16,15,13,10,11,13,13,16,10,13
16,14,11,15,10,14,15,11,14,11,13,10,12,15,10,20,12,18,14,19,17,13,17,20,19,10,19,17,11,13,17,15,15,18,19,16,14,13,14,19,11,20,20,12,18,20,14,20,15,16
10,20,20,10,11,16,18,12,10,15,13,14,18,18,20,13,20,13,17,15,17,13,17,18,15,19,12,16,12,12,15,19,15,17,19,20,20,17,13,14,12,20,18,18,13,18,18,12,12,10
20,13,10,19,16,12,12,18,18,20,17,10,13,10,12,17,12,18,13,19,20,17,11,15,19,15,15,18,12,13,19,19,10,14,18,10,13,11,14,15,14,15,14,16,12,20,11,12,13,15
13,14,13,17,11,15,20,10,18,14,15,12,16,10,19,17,18,19,17,12,13,10,16,13,18,10,16,13,19,18,16,12,18,20,10,16,16,18,20,19,15,11,13,16,19,15,11,10,15,18
10,13,17,13,18,17,14,15,11,12,19,16,15,14,10,15,15,10,19,11,18,17,16,20,10,11,12,10,12,15,13,11,12,20,15,17,16,13,19,11,10,17,15,15,19,18,13,17,19,16
20,20,12,13,17,11,20,12,18,10,18,19,12,20,15,20,10,18,17,18,10,20,14,13,20,20,11,18,12,15,20,13,10,14,20,18,12,14,10,16,13,10,10,18,18,14,17,14,17,13
18,19,16,12,13,20,15,20,11,10,14,17,14,13,20,18,20,12,15,13,11,20,16,14,11,19,17,17,14,12,11,19,18,19,10,15,14,19,18,17,17,11,15,18,15,18,17,13,14,16
13,10,15,16,13,18,19,19,10,20,11,18,14,19,18,15,18,13,15,18,16,18,10,15,10,13,12,19,13,19,16,18,11,12,11,11,19,10,12,13,16,17,14,13,18,20,19,16,18,17
14,17,19,16,15,12,19,18,17,13,20,16,10,11,10,13,12,10,20,14,16,17,11,14,16,15,19,20,10,13,15,15,12,12,11,10,15,16,17,16,17,15,18,16,11,10,12,12,20,12

The sequence dependent setup time of each job processed on machine 2.
(Where rows denote jobs: 1 to 50 and columns denote jobs: 0 to 50.For example:The value of Sijk is in row j,column i+1.)
19,14,11,12,20,17,15,16,20,15,12,15,19,16,19,19,18,18,15,18,12,10,14,16,13,15,14,15,19,19,11,16,15,15,20,18,14,12,18,16,15,15,10,13,12,11,18,16,20,12
18,15,11,18,15,14,11,11,15,13,16,12,17,11,16,15,14,19,18,18,10,12,10,16,15,10,17,16,18,20,10,18,17,20,20,12,10,17,13,10,10,13,13,12,16,18,17,12,20,14
18,17,12,16,11,15,18,11,20,19,10,17,13,12,18,16,18,12,10,17,15,16,17,15,18,16,16,11,20,11,17,19,15,19,16,12,12,16,17,19,19,18,15,11,10,11,18,18,17,13
17,20,18,14,19,11,17,17,13,19,18,10,18,19,13,19,14,10,11,18,10,20,12,16,15,10,15,16,17,18,14,16,18,12,16,20,12,17,15,11,10,14,16,18,10,11,10,13,11,10
12,16,20,14,12,10,17,14,11,10,15,14,13,10,12,16,13,15,17,11,19,14,14,11,19,15,19,15,17,13,15,12,11,15,14,11,13,11,13,18,15,16,15,14,17,16,12,14,19,19
15,15,15,19,12,19,20,11,14,10,11,14,19,11,12,14,12,20,14,12,18,12,18,17,10,18,15,18,14,13,11,17,14,12,19,15,20,20,17,15,15,17,16,12,11,20,17,16,11,16
11,14,10,12,19,19,19,17,14,11,18,11,14,12,15,20,11,20,17,20,17,12,20,20,17,20,13,20,14,15,19,19,17,11,12,20,17,14,15,16,18,18,20,18,19,17,18,20,16,10
15,15,14,14,15,17,16,15,18,18,19,11,18,15,16,14,13,10,18,17,20,18,11,19,15,10,19,17,19,14,10,14,10,14,11,18,18,17,13,17,11,19,16,17,18,15,17,18,16,20
13,18,18,13,17,18,15,15,16,16,18,19,19,11,11,16,12,17,15,19,12,11,10,16,15,17,18,18,14,15,11,15,12,14,12,14,18,20,13,19,11,15,17,20,15,10,19,19,12,14
16,12,10,17,11,11,18,14,13,13,13,17,16,12,14,16,11,10,19,10,11,14,17,17,19,12,14,18,15,17,11,18,14,17,14,15,16,16,15,13,11,14,11,20,11,13,16,15,18,10
19,11,11,20,15,20,13,14,16,12,10,15,20,20,10,15,12,15,12,16,19,19,20,11,19,10,11,11,16,10,13,17,15,14,17,13,14,20,14,19,13,11,19,14,15,15,20,10,14,13
16,11,16,14,14,18,19,15,17,20,17,10,17,19,17,12,11,18,17,18,20,15,16,14,16,11,10,17,13,17,19,17,14,14,14,10,10,15,16,11,14,14,12,18,20,11,14,14,11,20
13,17,17,14,15,15,12,12,20,17,11,17,10,12,19,19,18,13,18,12,11,12,11,17,18,10,16,15,20,14,15,16,13,20,14,18,10,13,20,18,14,14,15,19,16,17,18,20,11,15
10,20,17,17,14,12,17,16,18,11,10,15,17,19,13,19,19,20,19,20,13,14,10,14,19,16,16,19,17,12,12,20,12,15,15,16,12,11,14,15,19,10,11,17,12,19,17,15,15,14
17,16,10,17,14,11,18,17,17,14,14,18,14,16,14,18,17,20,17,20,10,14,13,14,17,15,10,19,15,19,18,16,18,14,20,18,17,18,15,17,12,11,14,17,12,13,10,17,12,17
12,17,16,20,11,17,14,12,10,12,16,17,17,15,11,14,18,13,17,17,12,19,12,10,12,20,15,11,11,20,11,18,14,20,10,11,11,20,13,19,16,16,13,10,17,10,18,15,14,10
12,11,13,20,14,14,14,11,17,13,20,17,15,20,10,11,19,10,20,15,16,12,19,17,16,15,18,20,17,17,15,20,16,14,18,19,10,13,10,18,17,11,14,16,13,20,15,15,18,15
14,20,10,17,19,12,15,11,17,10,16,18,19,11,13,18,14,12,17,12,11,13,16,17,11,19,12,14,14,20,12,15,13,17,16,14,15,13,18,14,17,12,19,14,17,10,16,16,11,17
20,12,15,16,13,16,18,15,16,16,19,18,10,18,20,18,18,11,17,20,18,15,12,14,16,13,16,16,12,13,18,16,14,12,19,16,10,11,20,10,17,15,20,15,10,12,11,16,20,19
16,16,14,17,10,10,14,16,15,16,18,20,18,16,12,18,10,15,19,16,10,18,14,14,14,14,20,16,16,11,14,14,12,17,17,11,17,12,12,13,19,13,16,10,10,17,10,19,14,13
13,16,10,11,20,16,20,19,16,14,18,15,13,16,18,17,19,11,18,19,10,11,15,12,15,19,11,15,18,12,20,19,13,17,17,11,13,17,13,18,20,16,11,10,12,19,20,20,15,19
17,11,10,14,17,16,13,11,10,13,12,11,14,15,10,11,20,13,13,12,16,13,11,10,13,10,16,10,14,17,13,20,19,19,18,11,13,10,20,18,15,18,11,17,13,18,19,19,15,10
15,14,13,12,18,20,18,17,10,11,16,13,20,20,14,11,19,13,10,16,10,10,15,19,18,17,20,16,19,14,10,14,13,12,20,16,12,13,14,14,13,16,10,12,18,10,10,11,15,20
15,10,17,16,17,12,10,11,12,14,11,16,11,20,18,15,10,15,18,15,15,12,11,20,12,10,15,18,20,20,18,14,14,10,15,19,14,14,13,19,15,15,10,16,15,17,17,20,10,17
19,10,20,13,10,12,17,15,19,13,18,17,13,10,11,14,10,14,10,12,19,18,12,14,14,14,20,18,16,19,12,13,18,10,20,15,16,19,15,16,17,10,17,18,11,14,20,12,17,17
15,15,19,14,18,10,10,10,16,19,15,10,16,19,16,13,12,14,17,12,17,12,17,17,11,14,14,12,11,20,17,14,13,15,15,14,19,17,19,13,16,14,16,14,17,12,11,20,12,18
14,17,18,19,18,13,20,19,11,19,19,16,10,17,10,11,18,12,11,16,13,13,13,10,11,11,20,11,12,12,12,18,20,16,19,19,13,10,17,14,15,15,20,15,11,10,19,12,16,15
20,17,16,15,13,11,16,15,12,11,10,16,18,20,12,16,16,15,15,20,10,13,13,11,12,20,19,11,10,17,14,12,14,15,10,19,15,13,14,19,16,10,20,17,20,13,11,18,17,18
16,11,17,10,19,17,11,15,19,10,11,15,11,10,13,13,19,10,19,11,11,19,15,13,14,13,20,12,20,11,13,18,12,16,16,16,13,13,17,17,16,20,18,11,20,15,18,14,19,12
16,14,13,13,10,14,14,12,10,18,14,12,17,15,12,14,12,16,15,18,16,18,15,15,20,18,18,12,18,18,11,20,16,14,18,12,17,11,14,16,11,18,14,18,20,14,12,12,14,20
19,13,13,20,14,15,12,20,12,14,19,20,17,11,19,13,13,19,14,10,14,14,10,10,20,19,11,12,14,14,10,15,12,18,13,15,16,10,15,12,15,10,19,18,20,14,13,17,10,14
17,12,17,12,15,10,10,15,14,13,12,20,14,14,10,18,18,16,11,11,18,19,14,20,11,14,11,13,13,10,20,13,16,18,13,10,20,15,12,12,15,17,17,10,14,18,14,17,17,13
19,20,20,17,11,10,18,19,17,18,12,15,15,10,13,10,17,19,15,11,20,14,10,11,17,14,13,10,10,20,15,18,10,19,18,15,11,10,20,19,12,15,17,16,15,19,18,20,11,11
13,11,14,18,10,17,16,10,13,16,16,18,13,13,16,16,19,12,20,16,16,15,20,19,12,16,13,12,18,15,13,15,19,17,19,12,14,11,18,17,11,11,16,10,17,13,16,15,17,11
15,20,10,14,18,10,17,15,17,17,20,19,14,20,19,13,18,11,13,12,13,13,18,11,19,14,11,12,20,15,15,10,10,17,13,10,14,16,16,13,16,12,13,16,19,15,17,19,11,19
10,17,18,20,17,11,19,14,16,15,15,20,20,12,15,13,12,17,12,11,12,14,14,14,13,11,20,10,10,10,17,19,19,17,16,19,17,10,10,12,10,10,13,17,13,20,17,12,11,11
19,10,18,15,17,16,10,12,18,16,11,19,10,20,10,18,14,10,10,10,14,19,15,16,11,14,19,16,20,19,16,19,15,17,11,11,12,14,19,18,19,16,20,17,11,12,11,10,12,20
18,14,20,16,11,10,18,10,17,20,16,17,16,20,11,19,12,12,15,16,13,17,12,13,10,11,16,15,10,18,20,10,19,14,19,13,20,16,16,10,19,10,13,12,13,20,11,18,13,11
11,16,15,13,19,14,14,16,14,13,11,17,10,14,11,17,16,10,13,13,15,15,15,11,10,12,20,19,18,15,10,14,17,11,13,10,18,13,16,11,16,19,18,13,14,19,18,20,16,20
13,17,18,11,16,11,14,17,16,18,12,17,14,17,10,12,14,17,17,15,17,20,17,12,14,19,11,19,19,18,18,12,16,15,17,10,11,11,15,12,13,17,13,14,10,13,17,12,10,13
13,13,19,15,16,11,12,12,11,17,11,20,13,16,20,12,13,11,11,14,18,10,11,13,17,11,16,17,16,16,16,20,19,10,15,12,15,14,12,16,12,13,13,14,19,13,13,19,17,19
15,12,13,20,19,11,13,11,16,19,20,20,13,14,17,11,10,11,10,12,18,12,10,18,18,13,14,15,12,10,16,18,14,17,15,12,17,16,14,18,13,13,14,10,10,13,20,15,19,19
18,13,19,10,18,16,20,11,17,10,14,19,15,19,17,14,19,17,12,15,11,12,14,11,12,17,12,15,11,18,17,13,10,18,18,14,20,11,16,10,15,11,16,17,15,10,20,11,16,18
16,11,16,17,17,17,19,11,14,19,11,19,19,16,16,13,14,12,17,17,14,16,20,14,12,15,12,17,13,10,11,16,19,19,14,10,16,10,13,19,19,15,15,17,11,16,13,20,20,16
10,19,15,17,16,18,15,15,19,17,12,16,14,13,13,17,17,17,19,20,14,12,11,16,15,19,10,17,17,19,17,12,19,16,13,20,15,17,16,13,18,11,17,15,20,10,12,14,18,11
16,14,19,10,18,18,10,19,11,10,10,11,13,13,19,16,19,19,17,14,18,20,10,12,11,18,20,13,14,11,20,13,11,15,18,12,12,20,15,14,15,12,12,19,14,20,16,17,14,15
10,20,18,13,17,13,14,11,17,14,13,20,12,12,14,14,16,12,19,13,20,12,11,15,20,11,12,15,10,15,20,16,12,11,10,15,17,10,18,13,10,11,17,13,14,18,19,12,17,11
19,19,18,18,13,14,12,14,18,18,14,10,19,15,11,15,12,19,15,10,14,17,13,19,11,10,19,16,15,14,19,10,20,17,10,10,17,19,16,12,17,19,10,19,12,16,20,20,20,14
19,17,14,18,19,10,16,11,14,18,14,14,19,11,16,10,13,19,12,11,16,18,11,12,14,13,15,19,15,18,17,19,16,15,18,17,13,20,11,12,15,15,12,18,10,12,14,17,20,16
20,13,14,16,12,12,19,14,16,10,14,17,16,20,10,18,10,16,19,16,10,16,14,16,15,15,10,19,15,12,13,18,18,20,16,17,18,11,18,17,13,14,16,18,12,13,13,13,11,15
11,19,13,18,11,14,17,18,18,12,19,15,17,11,13,14,17,19,15,17,20,12,19,19,14,15,20,14,11,19,18,19,11,13,17,14,12,20,12,15,11,14,18,16,15,11,20,16,16,18

The sequence dependent setup time of each job processed on machine 3.
(Where rows denote jobs: 1 to 50 and columns denote jobs: 0 to 50.For example:The value of Sijk is in row j,column i+1.)
15,18,18,12,10,12,18,17,11,11,20,16,20,12,19,19,13,16,18,16,14,20,10,14,14,13,12,11,14,17,17,15,11,14,20,10,10,15,12,12,18,19,11,16,16,10,19,10,10,13
19,16,16,11,16,18,18,12,17,15,11,11,16,18,10,11,18,18,15,17,18,20,16,16,16,16,11,14,12,10,15,18,14,18,17,10,14,20,18,15,11,15,11,19,14,11,19,14,11,13
20,15,17,18,17,19,18,10,10,11,17,13,12,20,14,11,11,19,11,18,16,18,18,17,11,19,16,16,12,15,13,13,19,20,16,10,11,11,11,16,10,18,14,19,13,20,11,20,16,10
13,11,19,18,17,13,13,16,14,11,12,14,19,18,10,18,20,15,13,11,16,17,19,18,16,19,11,12,11,12,18,14,10,16,19,17,10,16,12,11,20,18,20,11,13,20,18,15,18,15
14,20,20,14,18,19,14,13,15,18,13,13,15,17,15,18,10,17,13,17,18,16,12,20,14,18,10,10,19,18,16,10,20,15,11,20,10,12,17,18,12,15,19,13,15,20,17,16,13,19
11,18,16,15,19,13,13,14,15,10,17,19,10,11,19,13,13,17,10,14,18,20,14,15,19,20,17,14,10,20,11,19,13,18,11,16,14,14,18,16,10,18,11,17,13,16,20,16,11,16
10,12,16,18,16,12,10,10,19,11,17,16,14,18,20,11,10,17,12,17,18,12,17,19,11,12,19,11,18,14,20,12,20,20,19,12,19,10,12,20,20,20,14,10,16,14,14,11,12,10
19,19,15,19,15,13,10,17,12,18,19,15,15,16,16,18,18,14,13,12,12,14,18,11,20,11,11,20,17,11,20,15,12,18,17,11,15,18,19,14,18,19,12,19,19,13,14,15,17,13
15,10,14,16,10,10,16,17,12,18,11,18,12,18,19,19,14,11,20,19,19,10,16,13,17,10,16,17,20,11,16,12,16,13,14,15,14,20,12,13,20,11,20,10,12,12,19,10,19,16
20,13,11,11,20,17,19,19,12,12,17,17,14,15,18,12,13,14,17,20,16,20,14,15,15,19,12,14,13,12,12,19,16,17,18,11,13,20,14,17,11,19,16,15,13,11,16,14,10,12
10,12,20,12,16,19,14,13,10,11,20,18,10,19,12,13,18,20,18,20,19,10,18,19,17,13,11,12,20,14,20,11,11,18,19,19,16,19,13,11,11,15,20,14,19,15,15,15,19,10
12,15,13,15,18,14,17,10,17,10,17,20,11,17,13,20,14,20,12,11,15,12,16,19,15,13,19,11,16,17,12,12,17,16,12,15,19,12,12,20,12,17,15,20,17,17,11,20,12,10
14,11,16,11,10,20,19,12,10,15,20,17,20,15,15,10,20,15,11,11,12,17,13,14,19,16,10,17,16,13,20,18,20,14,18,20,20,19,20,13,19,20,14,16,19,16,10,20,16,19
13,14,17,16,13,17,20,15,10,18,20,17,15,18,19,14,18,16,12,12,12,20,14,12,11,10,15,12,11,17,16,13,12,18,10,15,11,19,14,12,14,20,15,20,17,13,19,15,14,18
11,11,11,18,20,15,19,20,14,12,15,16,16,14,12,19,20,20,12,10,10,15,16,20,16,10,16,12,14,13,12,10,18,13,14,15,12,16,11,11,19,15,16,17,13,15,13,12,11,12
12,10,19,10,15,19,12,18,14,14,20,13,19,13,19,11,17,15,17,12,15,13,20,15,14,16,13,16,10,11,15,17,10,13,15,12,11,18,13,15,10,11,18,18,10,19,12,18,20,13
15,19,18,17,20,17,12,10,20,15,18,16,18,16,10,10,14,15,10,20,19,12,11,10,10,19,19,11,20,15,15,15,17,10,12,16,10,11,13,12,14,12,16,11,16,16,16,20,17,18
14,16,18,18,19,19,10,20,13,12,18,20,19,13,15,20,10,12,10,19,19,20,10,20,17,19,18,11,16,17,20,15,14,10,10,18,18,20,13,18,17,16,14,16,12,14,20,19,13,20
13,18,15,15,16,17,11,19,10,17,20,12,18,13,16,11,10,15,17,19,11,11,11,12,19,16,17,13,18,18,18,14,14,19,10,19,14,12,19,13,20,13,11,12,13,13,15,20,13,10
12,15,14,19,13,16,19,20,16,17,10,13,20,20,16,12,18,13,12,16,14,20,10,20,13,15,12,11,18,12,10,19,14,12,13,15,19,12,20,17,12,12,18,14,20,13,16,19,13,20
19,11,14,14,16,20,17,16,11,12,10,19,10,19,11,11,19,17,13,20,13,14,20,12,18,17,16,13,18,16,18,10,12,11,15,20,17,19,14,13,19,16,13,11,11,13,19,19,19,17
15,10,16,19,13,17,10,15,12,20,11,15,15,19,10,10,18,13,15,20,11,18,13,10,17,19,20,12,14,10,16,17,20,20,15,19,12,12,12,20,12,19,15,12,20,15,15,11,16,13
17,17,16,11,16,16,11,17,19,18,15,14,16,18,15,15,16,17,11,16,16,20,16,18,18,11,20,19,16,18,15,10,11,19,14,16,18,13,20,11,20,17,19,20,18,17,11,20,20,17
13,19,13,16,14,14,12,12,15,16,13,16,14,20,16,19,10,12,14,14,15,20,19,17,12,20,14,17,14,20,14,10,20,16,19,11,10,12,16,18,16,15,11,15,16,12,19,11,13,12
17,14,18,14,20,11,12,17,15,14,17,11,19,19,10,11,17,20,12,10,14,17,19,13,15,13,17,13,16,20,15,11,11,11,12,19,19,12,16,13,10,14,12,10,11,16,11,15,17,13
20,20,16,18,17,17,17,18,20,17,16,11,18,13,18,16,13,19,15,18,18,20,11,19,14,13,18,13,16,19,18,10,20,11,19,14,17,15,14,18,16,16,16,16,20,14,12,13,13,11
17,20,19,19,10,14,11,17,14,10,10,10,15,15,16,11,17,15,14,18,14,16,12,13,16,18,17,14,20,17,19,20,13,13,16,12,18,14,17,15,15,11,11,17,15,20,13,17,12,17
18,11,11,17,18,16,13,18,16,16,16,16,16,13,11,11,19,16,11,14,13,13,16,17,14,18,16,17,19,20,18,13,15,15,17,15,18,13,13,11,19,10,13,11,10,18,12,14,13,18
20,10,10,17,20,11,12,16,11,20,20,12,19,17,20,16,12,20,12,13,10,11,17,12,16,15,17,13,13,16,16,15,13,13,19,11,10,14,13,18,16,19,20,18,12,12,12,20,20,13
15,15,12,14,13,15,15,12,15,20,14,19,19,14,11,13,17,17,11,16,11,18,16,16,19,19,18,14,20,11,17,14,13,12,10,12,16,18,10,12,12,12,14,20,11,18,14,20,10,18
19,13,11,17,13,10,12,15,11,15,14,17,17,13,17,10,12,18,11,19,10,15,12,20,12,14,14,10,20,18,14,10,12,17,20,15,10,18,19,10,18,12,13,12,10,17,14,11,10,11
11,13,18,18,19,16,13,18,20,17,13,19,14,13,14,12,10,10,11,19,12,14,12,12,12,12,19,15,10,10,13,17,18,18,11,18,10,10,12,14,19,11,14,20,18,10,15,11,13,16
19,15,12,18,16,14,11,11,15,11,12,19,12,15,11,20,19,17,17,19,19,18,16,10,15,19,18,19,18,17,10,19,10,20,12,18,16,12,15,19,14,17,15,15,13,10,14,20,16,18
19,17,14,11,16,12,13,19,14,10,12,13,20,15,14,10,20,11,18,14,15,18,11,20,12,14,16,17,16,11,13,10,19,18,14,17,11,19,19,12,15,12,19,13,12,18,16,12,12,20
19,15,17,16,19,12,19,12,20,14,16,18,14,12,11,19,16,13,12,20,10,15,16,17,16,20,19,13,15,16,20,13,12,15,20,19,13,17,14,19,16,11,15,18,18,18,16,15,19,12
12,10,16,10,13,13,20,16,15,17,14,11,19,16,18,18,17,17,15,15,20,18,17,20,10,18,15,12,10,11,11,20,18,18,20,17,19,18,14,15,14,13,13,15,19,19,12,15,19,18
13,15,17,11,16,18,16,12,17,10,10,20,15,18,13,12,13,19,18,13,18,12,17,10,14,15,14,10,12,13,19,12,18,19,11,20,11,14,19,14,20,14,12,12,10,15,15,10,11,20
11,10,15,20,15,14,11,11,20,14,16,18,16,11,13,18,20,10,20,20,11,10,20,15,18,19,15,15,13,12,19,14,13,15,18,15,11,15,18,19,18,19,12,14,17,16,12,18,14,13
11,13,10,20,12,11,10,18,17,17,14,20,15,15,15,18,20,15,16,17,20,17,20,10,20,13,14,16,15,12,20,15,15,18,19,10,20,16,19,15,15,10,13,19,18,11,11,13,17,16
17,14,15,20,18,11,13,10,15,11,13,15,14,12,19,12,10,17,14,13,15,15,17,16,15,14,13,11,16,19,16,14,10,19,14,20,10,19,19,17,15,20,13,16,17,16,17,19,17,13
17,18,11,18,18,11,18,19,11,15,14,14,15,16,15,11,16,10,14,12,11,17,11,12,11,14,17,18,19,16,12,16,15,12,14,13,14,16,20,17,20,20,16,20,12,13,14,16,20,20
12,14,12,19,14,16,18,10,17,17,12,18,20,20,11,12,15,17,17,10,11,20,16,12,11,15,14,10,19,15,17,20,12,12,11,14,12,13,18,17,13,13,13,19,12,15,18,20,12,12
12,14,11,15,14,17,15,18,10,11,10,14,10,18,12,20,17,15,11,13,15,20,17,10,18,20,13,10,12,17,11,10,10,14,16,12,19,11,11,20,12,17,19,17,12,20,15,17,20,19
15,10,19,18,16,11,20,15,15,17,16,19,20,11,20,20,14,18,13,11,19,15,10,19,10,20,16,12,16,17,17,14,16,15,19,13,18,16,14,12,10,17,12,13,13,10,10,18,10,19
15,19,18,12,11,14,17,16,18,11,15,16,10,17,12,10,17,12,13,20,17,13,16,14,18,18,12,17,15,18,15,19,13,11,19,12,15,11,10,10,12,16,18,18,16,20,20,14,18,14
13,11,18,17,17,12,20,16,10,15,18,10,16,10,13,15,18,10,13,19,18,10,19,11,15,19,13,20,14,16,11,11,15,15,19,20,17,18,13,19,12,20,15,14,14,17,11,15,14,19
11,10,11,19,18,19,10,12,18,14,17,14,13,13,13,14,16,14,15,13,12,17,11,20,13,15,19,20,11,16,13,20,14,11,20,20,19,17,20,12,11,11,12,13,18,15,15,11,18,17
19,18,15,10,11,17,16,19,13,16,13,17,13,10,14,14,19,19,20,17,13,13,10,20,11,15,12,15,12,18,13,15,19,13,16,17,11,14,13,15,18,15,20,13,11,13,18,20,12,16
11,19,18,10,10,12,16,13,13,16,11,19,12,15,10,20,17,13,11,18,11,17,18,20,12,14,15,16,18,13,20,14,14,18,18,15,17,17,10,20,20,11,12,12,16,11,12,10,18,11
10,15,12,10,13,11,20,19,19,16,11,10,13,13,11,20,10,20,10,10,13,12,12,20,13,10,19,13,14,19,19,17,19,10,16,17,20,12,11,12,18,11,14,20,19,13,12,18,10,11
18,11,12,13,14,19,15,12,13,16,17,12,19,17,14,17,10,18,12,19,18,18,12,20,15,19,19,12,19,16,11,14,12,17,15,20,16,19,11,17,15,13,18,18,12,13,12,14,14,11

The sequence dependent setup time of each job processed on machine 4.
(Where rows denote jobs: 1 to 50 and columns denote jobs: 0 to 50.For example:The value of Sijk is in row j,column i+1.)
15,19,16,17,16,17,13,17,13,12,16,18,12,18,18,14,10,11,18,11,15,15,16,18,19,14,19,13,13,20,13,13,12,14,13,13,16,11,17,14,20,10,10,20,11,12,19,16,11,14
12,13,11,18,15,10,10,15,18,10,16,12,15,10,18,18,12,20,10,12,19,14,10,13,18,10,20,14,15,13,18,10,11,19,10,13,12,14,16,10,18,20,14,11,16,10,19,19,15,11
12,16,20,18,12,12,16,18,11,20,16,17,14,13,12,12,15,14,15,14,20,15,15,11,14,16,15,10,13,16,20,14,12,11,19,12,10,16,11,18,14,19,18,11,17,18,16,17,20,20
17,13,14,12,17,15,20,16,17,13,19,19,14,18,20,20,10,12,14,11,16,17,20,10,11,17,19,11,13,19,15,17,12,11,13,14,15,20,19,18,18,16,18,10,11,20,16,20,14,11
12,10,10,14,15,19,12,16,16,14,17,17,20,13,17,19,19,16,16,18,10,18,12,13,14,17,19,18,13,17,15,15,13,16,20,13,20,14,14,18,18,17,10,10,10,11,18,12,10,15
14,15,19,17,14,19,15,13,10,20,15,13,18,18,12,13,18,11,11,11,18,19,17,18,20,16,10,18,17,18,18,11,17,17,20,17,14,18,14,12,11,11,20,15,19,11,13,15,13,19
19,13,20,17,17,19,15,13,12,11,14,17,11,20,13,13,15,19,19,12,14,12,15,15,13,19,15,14,17,19,19,10,11,10,15,17,18,13,19,20,20,17,18,16,16,18,16,11,17,15
10,16,17,13,10,19,18,11,13,20,13,20,15,10,15,16,12,12,11,18,13,16,19,19,17,10,10,15,19,14,17,16,14,18,15,19,12,10,19,12,19,12,14,13,16,13,13,16,14,15
19,19,20,13,18,12,13,10,15,11,11,12,13,12,17,15,16,10,15,15,10,18,11,10,20,15,15,17,20,10,13,14,15,18,18,12,12,10,15,16,12,10,13,20,11,11,17,13,14,15
10,19,14,17,13,14,14,15,10,17,15,17,10,19,14,17,10,10,13,18,18,19,11,14,12,10,18,12,14,17,18,12,10,10,11,12,19,20,19,10,18,11,13,10,16,15,19,14,14,17
11,19,15,19,16,18,10,17,17,18,12,19,18,17,13,18,15,19,19,18,15,12,14,19,19,15,11,15,20,13,14,16,18,10,17,13,17,20,16,13,10,10,19,19,11,20,11,15,16,20
16,12,16,14,16,19,13,11,18,11,15,20,16,15,11,16,15,16,14,18,11,18,13,15,16,16,11,10,12,13,19,15,16,13,18,12,13,14,18,16,12,18,18,12,17,15,19,15,11,18
16,20,20,10,10,15,19,16,18,15,10,20,17,20,18,10,13,10,15,20,19,20,16,12,15,20,14,20,19,18,16,19,13,15,11,17,20,17,20,10,16,16,18,10,13,13,16,15,17,11
12,19,20,13,11,17,20,19,18,15,12,10,14,17,20,10,16,16,19,10,18,19,11,12,17,11,11,10,20,11,13,13,10,18,12,11,12,15,13,20,16,10,10,11,16,10,12,14,13,18
14,11,13,16,13,14,16,10,17,12,10,12,13,20,20,19,11,13,17,16,11,12,17,12,16,16,14,17,13,19,16,16,16,20,20,11,13,17,16,10,13,13,18,18,15,18,15,16,17,10
10,11,19,18,17,20,10,11,10,12,14,12,20,17,10,19,19,10,14,18,17,12,17,11,17,20,13,11,20,20,19,20,11,15,12,18,14,17,17,10,15,16,14,20,17,14,11,19,12,14
11,18,12,18,16,15,15,14,15,15,18,17,16,16,20,20,13,20,20,14,17,13,18,16,20,13,11,17,13,11,18,11,18,11,15,16,19,13,18,19,11,12,13,19,19,15,20,13,16,17
12,10,10,16,17,12,10,11,12,12,13,12,19,16,10,19,17,12,15,10,11,15,15,13,16,15,10,14,11,17,14,10,17,20,15,11,10,18,16,13,17,13,13,17,10,15,18,15,17,20
13,14,16,13,19,10,16,15,18,15,10,15,19,18,12,19,10,15,19,18,14,11,13,11,13,17,18,18,10,12,15,16,14,20,18,13,19,10,12,13,20,14,10,11,20,11,10,10,19,17
17,12,14,20,20,16,14,20,11,17,17,13,13,16,15,16,13,13,18,18,10,18,16,20,10,10,13,12,16,13,10,15,13,15,19,17,16,14,18,20,13,10,13,15,17,18,16,18,15,10
16,19,11,20,16,14,15,13,18,17,20,16,13,19,18,14,10,16,17,17,18,11,12,20,20,18,11,10,20,13,20,17,20,19,19,18,10,12,15,11,15,19,15,17,20,18,19,17,10,16
20,11,20,10,11,18,17,15,16,19,12,15,18,17,12,13,13,19,12,14,13,20,15,13,16,20,13,17,14,19,10,14,13,19,10,12,19,14,14,17,19,11,11,16,20,10,16,18,18,19
13,18,16,13,20,14,16,15,14,18,18,10,15,18,15,20,15,17,14,12,19,15,17,16,17,19,17,11,14,20,16,16,16,16,12,11,11,12,12,11,20,18,18,10,16,16,20,11,14,18
11,19,11,13,16,19,17,15,17,17,10,15,20,10,10,18,20,17,17,20,19,11,16,20,12,12,18,19,10,19,19,20,12,11,14,16,16,13,15,19,16,15,12,20,18,10,17,15,16,10
17,17,18,15,20,16,13,11,13,19,14,15,13,18,15,13,15,17,19,17,16,20,19,12,14,18,11,12,13,17,10,10,17,15,14,12,10,17,20,11,17,13,19,15,16,15,13,11,13,14
12,18,16,20,11,18,17,10,14,11,17,11,19,15,13,10,18,18,14,15,19,19,14,16,12,12,17,11,10,20,16,10,12,12,17,13,10,11,15,19,11,12,12,20,17,18,11,12,10,10
20,12,16,18,17,13,17,16,18,19,13,11,15,14,12,11,13,11,17,17,16,13,15,15,12,18,19,16,15,17,13,17,16,13,20,13,15,20,17,14,10,14,16,13,18,16,16,18,11,13
17,12,16,18,18,13,10,15,19,15,20,14,15,14,11,15,13,14,11,10,15,16,10,13,17,11,16,10,10,16,18,13,16,15,12,20,16,10,18,10,20,13,18,19,20,17,15,20,13,11
15,19,17,16,10,16,13,18,12,13,11,14,19,12,15,19,15,11,12,20,19,17,13,15,16,12,15,18,13,19,19,16,14,20,10,10,13,17,13,16,11,12,10,18,13,10,16,14,16,13
18,12,11,11,17,11,17,18,20,12,14,19,15,17,19,14,11,18,15,17,17,16,10,10,17,11,17,13,11,18,20,17,14,16,16,13,18,18,20,11,20,12,13,13,15,14,14,12,11,12
20,15,15,10,18,10,16,15,11,13,13,15,15,11,10,17,17,14,10,20,12,20,13,18,18,15,13,13,20,11,19,13,11,16,15,19,18,17,19,17,17,16,19,19,18,12,15,20,16,11
11,18,10,15,20,16,16,15,17,15,16,18,10,14,12,18,20,15,10,10,15,16,18,20,10,17,18,16,19,18,12,12,14,13,14,10,20,11,16,19,19,16,18,19,16,12,15,10,18,10
14,18,19,10,12,20,15,19,12,15,14,14,16,13,12,11,20,13,11,10,18,11,13,17,17,14,18,13,20,13,11,20,17,10,19,12,12,20,12,11,17,20,20,20,19,13,17,15,16,16
11,15,19,14,13,19,20,11,13,16,16,14,19,15,19,19,10,15,13,17,15,14,20,19,19,14,10,20,11,12,20,14,14,20,10,11,10,16,19,18,12,16,10,15,10,17,19,17,18,16
12,20,15,17,20,13,17,11,13,14,13,19,20,17,13,20,11,10,17,15,15,16,12,20,20,16,11,17,15,11,15,12,17,15,20,17,17,20,14,20,18,10,15,18,13,13,15,17,19,16
10,14,20,20,16,19,17,11,10,19,15,19,14,10,15,17,12,11,17,20,20,17,17,13,17,13,10,19,17,14,18,20,16,20,19,18,18,17,16,15,20,20,12,15,16,16,15,12,11,18
17,20,18,15,10,12,11,12,12,10,20,13,10,12,19,18,18,10,13,10,12,11,11,10,18,14,11,14,20,18,12,19,10,12,10,20,17,19,16,14,14,18,17,11,11,16,19,18,10,20
19,18,16,19,16,10,13,14,20,17,10,17,17,12,18,10,15,10,15,13,12,15,13,15,15,18,11,19,12,18,13,12,17,11,11,16,11,20,20,20,16,16,10,15,17,20,11,16,18,10
10,12,13,19,11,12,12,14,16,15,20,14,10,19,16,15,11,11,20,14,12,16,13,14,13,12,19,11,14,11,12,12,12,11,16,12,19,19,11,14,15,17,10,18,20,18,16,10,15,15
16,12,18,20,15,16,18,13,12,16,10,16,18,15,16,12,19,12,13,16,10,15,19,10,10,14,14,10,14,10,19,12,15,15,10,19,14,18,15,14,16,14,11,15,18,18,15,20,19,15
11,19,16,20,18,18,11,12,12,20,20,19,13,14,15,17,16,18,16,16,20,11,18,12,15,14,13,16,17,11,19,19,11,13,10,17,15,14,20,20,11,15,13,13,15,19,11,16,10,20
18,17,12,18,15,12,19,11,14,16,12,12,17,10,15,14,13,19,19,13,11,17,10,16,17,13,11,17,14,20,15,10,12,14,15,10,20,19,13,14,14,14,20,19,11,13,15,20,10,15
15,10,19,18,16,14,17,14,10,19,13,10,15,18,14,17,12,11,14,10,17,20,13,17,14,13,11,14,16,12,16,10,19,20,15,12,16,10,17,14,16,15,13,18,13,10,15,20,12,12
18,12,20,10,16,14,17,20,18,10,10,16,16,18,13,10,14,16,10,12,17,15,11,19,18,12,15,17,17,18,18,14,15,13,19,12,18,11,18,17,20,12,20,11,15,17,11,12,10,11
13,10,19,18,20,11,13,12,20,18,20,18,12,14,10,15,16,19,13,17,10,13,12,10,11,18,12,19,10,11,17,14,16,15,12,18,18,15,12,16,13,17,15,11,20,18,16,15,10,14
20,19,11,14,14,14,18,18,20,12,17,19,17,11,18,15,11,20,18,10,12,16,16,15,15,11,16,17,14,12,13,20,12,14,13,18,18,16,11,14,16,10,19,16,14,19,12,14,16,12
14,18,12,11,14,16,14,10,17,12,17,11,12,13,19,14,16,13,20,13,19,12,10,12,11,13,13,15,14,17,13,18,13,17,16,14,13,17,20,10,14,12,14,18,13,10,10,17,14,14
20,14,19,15,16,18,13,11,14,11,17,13,16,12,16,14,16,18,18,20,10,20,15,18,13,17,10,10,18,18,11,12,12,11,18,14,20,15,18,14,19,19,19,12,17,13,10,19,16,17
17,18,12,15,10,17,10,17,12,20,10,18,17,16,10,20,14,10,20,18,12,11,15,11,11,14,19,19,16,12,10,11,13,15,12,19,10,17,19,10,15,15,17,14,15,19,13,13,13,17
13,11,10,16,10,20,16,11,19,16,13,18,11,11,16,18,12,15,14,16,20,20,14,14,15,18,18,12,18,14,10,19,16,20,14,15,11,10,19,18,18,16,13,15,12,20,16,10,18,18
17,13,18,18,17,16,18,16,13,14,10,17,16,20,14,18,13,13,10,13,10,19,17,18,18,14,13,10,13,18,13,17,20,20,10,10,11,11,14,17,11,15,10,18,10,20,13,13,13,15

The sequence dependent setup time of each job processed on machine 5.
(Where rows denote jobs: 1 to 50 and columns denote jobs: 0 to 50.For example:The value of Sijk is in row j,column i+1.)
14,13,20,20,15,12,14,19,13,14,11,11,11,19,17,15,14,20,18,20,12,15,20,13,19,16,16,10,20,10,15,14,10,19,11,12,18,16,19,10,11,12,19,11,15,13,10,13,20,16
11,16,15,10,11,17,19,14,12,19,16,17,12,18,12,19,14,15,18,12,13,18,14,15,13,20,17,18,15,20,14,16,11,17,10,13,16,16,16,15,15,19,13,19,17,15,19,15,12,15
16,16,15,17,20,19,10,15,13,17,12,13,12,20,12,18,13,15,18,19,17,10,19,15,12,16,18,15,15,15,16,12,11,19,10,14,14,20,15,17,19,10,19,10,19,17,17,17,16,18
14,18,12,15,20,12,15,17,20,15,19,11,11,18,20,17,18,14,16,15,14,13,15,18,13,20,13,14,19,17,13,16,14,11,10,18,13,10,13,17,20,16,14,16,13,12,11,14,12,11
14,13,10,10,13,10,13,12,15,11,18,17,12,10,19,14,19,15,14,16,18,13,19,16,18,18,11,18,17,16,10,12,18,16,14,11,14,18,16,17,11,20,20,11,20,20,18,14,20,11
13,16,12,14,19,20,17,18,19,12,13,15,17,16,13,11,20,20,20,14,16,19,12,16,14,17,11,18,14,15,13,11,15,10,11,12,12,20,15,20,14,18,11,11,16,11,20,16,12,15
11,18,16,15,17,17,15,14,14,12,17,15,13,14,18,16,18,11,16,15,17,10,15,11,12,19,14,17,19,10,20,11,12,20,20,10,13,20,20,19,11,19,16,14,15,20,16,13,10,14
19,17,14,14,20,19,17,16,15,12,11,16,20,14,17,14,10,13,11,10,15,18,16,16,18,15,17,17,12,14,15,17,10,16,13,13,17,10,11,17,20,13,14,13,18,20,13,14,18,12
13,13,16,11,15,19,18,20,12,18,12,20,19,14,15,18,10,10,18,12,12,12,10,18,12,12,13,16,14,18,11,13,19,17,10,14,12,10,13,11,18,16,18,19,13,17,19,14,16,12
13,14,18,13,15,16,11,10,15,15,18,13,20,12,19,12,11,15,14,15,20,10,11,17,19,15,11,20,13,14,17,12,10,15,18,15,18,16,10,15,20,15,20,15,14,15,17,10,17,11
10,20,14,18,19,13,13,13,20,12,18,15,12,13,17,18,15,11,17,13,17,20,18,15,17,18,16,15,20,11,15,17,11,19,14,12,13,20,17,11,14,10,20,20,19,17,19,15,13,14
18,18,14,10,11,10,19,14,15,14,20,18,15,12,10,20,15,10,13,19,20,10,16,14,13,11,10,11,16,20,17,17,10,17,12,12,17,18,14,12,12,19,18,15,17,15,10,11,11,12
15,12,14,10,13,20,12,19,16,19,12,20,12,17,13,11,12,13,19,18,10,20,18,14,17,15,11,20,11,17,20,16,14,18,17,10,11,16,10,19,11,20,15,15,10,13,15,20,17,10
16,13,14,17,13,11,17,18,12,13,10,14,11,14,18,20,19,10,12,12,19,17,15,17,11,11,20,15,14,17,15,17,15,13,20,19,18,15,15,18,19,10,20,18,19,15,10,15,11,18
19,12,10,20,14,14,16,10,12,18,14,16,15,11,12,17,11,20,17,13,13,12,15,16,16,18,13,14,10,13,19,11,12,15,13,18,13,12,18,19,11,15,15,12,17,18,15,19,14,15
15,13,12,16,14,18,16,17,13,14,11,10,11,16,14,11,17,13,13,15,15,18,18,12,10,15,16,11,10,10,20,18,18,10,16,13,16,15,13,20,17,10,19,10,15,19,10,16,18,12
11,18,10,10,11,18,12,15,17,18,16,19,16,15,13,18,10,16,14,13,17,16,20,17,19,20,16,19,19,13,10,15,16,19,17,12,20,15,14,18,11,18,12,17,17,15,13,13,14,20
14,18,18,18,19,13,18,16,10,13,14,19,16,17,16,16,16,19,18,14,15,19,20,13,15,13,18,20,13,13,15,10,12,19,15,12,10,18,19,18,15,10,19,10,16,12,13,20,11,20
13,13,15,13,12,12,18,20,10,17,14,17,20,13,20,14,20,17,19,10,13,16,15,19,10,14,17,20,10,16,20,13,20,11,12,10,16,14,17,20,15,11,10,11,18,17,11,13,15,13
15,20,20,19,11,15,16,19,12,12,15,17,20,11,10,16,17,12,11,16,17,13,15,17,20,12,19,19,13,20,18,20,16,13,20,16,18,15,20,12,20,12,20,20,10,20,13,11,11,14
17,15,19,12,11,20,16,13,12,16,11,17,14,11,10,19,15,20,12,13,12,12,17,20,14,19,15,13,20,16,19,18,11,16,16,10,10,15,11,20,18,20,18,13,11,16,13,17,11,18
14,11,10,14,17,17,12,15,18,11,13,17,12,13,16,14,13,14,12,12,12,20,11,18,17,13,16,16,19,11,17,12,16,14,14,19,13,20,11,11,10,20,16,12,17,20,15,14,15,12
20,12,13,10,17,12,14,19,15,16,17,14,14,15,12,12,16,15,12,19,18,19,17,17,10,20,19,18,19,10,17,12,14,13,12,16,19,20,20,18,17,18,14,15,17,14,15,17,13,20
13,17,16,20,18,12,13,19,10,19,12,12,14,10,14,20,15,17,11,13,14,11,20,12,10,10,15,15,15,13,18,15,17,14,11,18,14,10,18,14,14,13,15,16,19,13,13,10,13,14
20,10,14,15,16,17,18,14,13,20,19,20,14,20,15,20,15,12,16,13,16,14,12,12,17,10,11,16,15,19,14,11,20,16,17,18,19,13,15,18,15,11,15,20,19,12,11,17,11,13
11,17,10,19,10,10,14,14,19,11,16,16,13,13,15,16,18,13,10,12,20,11,19,12,10,11,17,14,15,18,18,14,11,11,12,16,12,11,12,11,17,18,13,14,11,10,19,16,17,16
16,13,13,11,11,11,15,19,13,14,20,20,20,19,11,11,15,18,11,16,18,16,18,10,15,18,17,10,19,16,11,15,16,15,11,16,19,17,18,17,15,17,16,11,10,18,15,20,15,14
19,19,13,12,10,11,11,17,12,19,11,12,18,17,10,20,18,14,11,14,15,16,14,18,16,19,12,12,17,18,19,17,17,17,14,14,15,12,10,11,14,19,13,15,20,17,19,19,12,13
10,16,11,16,19,19,14,18,14,19,10,13,16,12,14,16,19,17,10,13,15,10,15,20,12,20,15,14,13,12,12,11,12,13,19,20,18,16,10,19,11,18,15,19,12,15,13,10,10,11
17,11,17,12,11,18,18,11,20,18,15,19,13,14,16,15,17,18,18,19,11,14,14,12,10,12,14,17,12,20,10,14,13,11,17,19,16,12,16,14,14,15,10,17,11,17,19,17,20,18
11,18,13,20,16,11,12,11,13,20,11,18,19,14,17,16,14,16,16,20,12,13,16,20,16,10,13,11,20,13,13,12,15,19,19,16,14,20,12,14,17,12,20,10,19,13,18,12,17,19
11,19,12,15,16,17,10,19,14,17,14,15,11,13,20,13,15,12,13,20,19,18,11,15,20,18,13,17,11,10,19,15,14,12,13,13,13,13,16,19,20,15,10,16,19,14,18,19,12,20
18,11,10,11,17,13,19,13,10,15,17,19,10,17,14,16,20,10,12,12,13,13,14,12,12,15,19,10,12,13,19,15,10,13,18,10,16,12,18,10,16,18,14,17,14,18,13,12,17,15
13,16,12,18,13,15,17,14,10,11,14,19,19,12,12,17,16,15,18,14,20,12,10,17,19,18,15,18,11,19,11,16,14,18,20,17,13,13,15,17,19,11,12,15,12,15,17,14,10,12
17,17,17,16,13,15,18,17,20,18,13,13,15,19,18,12,18,20,13,10,17,19,18,20,15,19,18,20,10,15,19,15,15,19,10,11,15,11,18,11,13,13,19,16,11,20,14,13,10,18
12,11,11,20,15,16,19,20,15,15,11,20,11,19,16,12,16,15,14,15,11,20,14,13,14,16,13,16,18,11,11,16,15,14,13,10,10,11,20,19,11,15,19,19,19,14,14,11,12,13
10,12,20,13,17,10,17,20,17,16,16,12,19,18,18,12,14,20,10,13,20,16,12,17,12,19,18,19,10,10,15,11,10,11,13,14,18,15,10,17,13,16,17,17,15,19,19,18,16,19
11,13,13,19,14,18,18,18,11,11,12,18,11,16,17,10,13,19,16,16,10,10,20,13,17,19,18,13,10,12,17,13,19,13,12,18,14,17,15,10,20,14,10,12,12,14,12,11,18,20
14,12,10,16,18,14,14,13,19,19,15,18,13,18,12,19,16,16,20,13,15,18,17,17,18,11,13,10,10,15,14,15,14,12,18,15,12,13,16,16,13,15,17,12,12,11,11,10,16,18
10,10,13,14,19,12,13,18,16,15,11,10,16,18,10,19,19,13,18,10,16,11,20,11,11,14,17,17,20,14,17,10,20,16,16,11,17,12,20,13,13,19,12,20,12,16,13,20,20,12
19,13,13,19,11,14,17,10,10,13,18,20,18,13,18,13,14,10,14,10,17,15,19,14,19,15,17,18,18,10,14,20,17,17,10,11,13,13,17,14,20,18,13,19,15,17,10,10,14,13
19,13,10,15,20,18,10,20,16,17,11,12,15,20,15,12,19,20,12,13,19,17,16,19,10,18,16,13,17,18,13,13,14,13,17,18,15,14,19,19,14,15,18,12,19,14,10,15,20,15
20,15,13,14,12,17,15,15,17,18,11,14,14,14,16,18,12,13,14,15,11,17,18,11,10,10,19,17,11,10,17,10,17,16,12,11,19,13,15,17,12,17,11,19,16,12,11,20,15,17
18,14,12,15,20,15,12,10,12,19,16,11,16,12,19,15,17,15,17,17,11,14,20,11,11,14,12,13,19,17,16,20,18,11,19,18,11,11,16,16,12,11,17,10,19,19,20,10,17,15
15,15,10,13,20,16,14,14,14,18,17,19,13,20,20,14,14,13,18,18,10,18,13,19,20,10,19,12,18,16,19,16,18,15,15,16,17,13,18,10,18,16,16,14,20,13,10,13,19,11
19,20,19,15,12,18,13,13,18,12,15,19,15,18,17,15,12,15,12,17,10,20,20,14,16,10,11,19,10,13,15,14,11,18,18,11,10,16,18,19,10,11,19,17,18,13,18,15,20,18
19,20,16,19,10,18,14,15,13,18,13,12,15,13,15,13,16,11,14,17,19,11,19,12,16,10,20,19,20,10,13,13,19,19,15,17,10,14,12,17,17,19,19,20,18,10,17,16,14,20
14,15,18,16,19,20,13,11,10,12,16,16,17,16,12,19,11,11,19,13,20,13,17,11,12,15,12,19,10,12,10,10,19,17,15,12,13,20,19,19,17,18,19,12,10,14,13,13,20,12
10,19,20,19,20,17,16,13,14,15,13,18,11,14,14,12,11,14,16,10,18,19,13,19,10,18,18,11,13,16,16,18,15,20,19,15,10,15,16,12,15,19,13,10,18,18,15,17,11,11
15,14,20,14,11,15,14,14,19,20,16,14,15,20,16,12,19,11,15,11,20,19,10,17,14,16,16,10,12,18,14,17,11,14,19,15,12,19,10,17,18,19,11,17,14,18,16,13,11,17
18,17,19,12,10,16,14,18,15,14,15,14,13,17,12,11,18,16,20,10,13,20,15,20,20,16,14,18,20,16,10,15,18,10,20,16,10,19,13,14,17,18,15,15,10,13,17,13,19,15

The sequence dependent setup time of each job processed on machine 6.
(Where rows denote jobs: 1 to 50 and columns denote jobs: 0 to 50.For example:The value of Sijk is in row j,column i+1.)
19,13,18,19,13,19,15,12,11,20,10,17,19,13,13,18,17,12,20,12,20,13,16,12,20,13,17,19,16,18,18,17,15,11,19,13,17,16,14,17,12,10,12,18,10,14,20,16,18,11
15,14,17,17,19,15,13,11,20,20,17,16,19,16,15,17,17,15,11,20,11,10,13,10,11,15,18,11,14,15,11,13,14,14,18,11,20,17,11,20,19,18,17,16,18,18,13,11,18,16
19,17,17,11,20,17,19,12,13,13,14,13,16,14,10,16,11,10,14,11,13,17,18,12,15,13,12,20,12,15,14,12,13,14,18,10,14,13,20,17,18,18,17,17,19,14,13,17,11,20
10,11,20,12,20,12,18,10,20,14,17,15,15,18,11,16,18,15,15,15,13,17,12,18,10,18,17,16,15,18,19,17,10,15,10,12,12,19,12,16,11,20,17,10,14,12,13,19,19,15
14,10,19,10,17,12,10,16,15,15,10,17,17,15,15,20,10,14,15,13,15,12,12,15,12,16,13,16,18,12,12,12,19,16,20,13,13,17,11,11,13,18,20,14,18,13,18,12,12,17
14,12,19,17,17,11,11,15,12,19,14,18,15,14,12,10,19,11,16,17,20,12,16,13,12,16,16,19,14,20,19,16,18,10,13,19,18,19,16,18,19,18,13,16,16,18,10,10,13,18
15,14,17,16,13,20,18,17,17,15,10,13,15,15,20,17,11,13,12,17,17,16,11,16,15,14,14,19,12,17,12,11,12,17,13,10,14,12,17,15,13,14,15,20,16,10,14,18,18,14
13,19,11,13,13,18,11,11,14,17,18,11,18,15,14,17,12,20,18,10,17,13,19,20,14,10,18,11,17,14,11,17,18,11,11,16,19,17,16,19,17,15,10,15,15,15,15,18,10,11
15,16,16,20,12,12,13,17,19,17,14,14,14,18,20,10,16,13,12,11,19,14,18,20,12,18,20,14,13,14,19,18,14,19,10,18,15,15,19,12,16,11,12,16,10,12,18,10,19,16
15,15,14,15,18,19,10,17,11,16,12,14,19,10,14,15,11,20,12,18,15,17,12,19,17,15,20,19,18,14,20,16,10,12,12,15,14,18,14,13,13,11,14,17,16,13,19,18,13,17
10,14,10,18,14,15,14,16,19,15,20,10,15,18,15,11,13,19,11,13,17,20,12,11,20,11,15,10,16,14,17,11,10,15,13,10,19,20,12,16,15,13,11,12,18,20,18,16,18,12
17,18,13,13,17,13,16,12,16,19,19,19,16,19,18,16,19,11,17,12,16,19,16,11,12,17,11,16,13,15,11,18,14,20,20,14,11,14,12,19,14,19,16,12,16,10,10,11,16,12
14,10,14,11,13,18,11,10,18,20,15,19,19,15,11,20,11,12,19,15,12,13,13,10,15,10,19,12,19,16,16,11,18,15,18,14,15,11,15,15,15,16,17,12,16,14,17,10,13,17
16,20,11,11,13,15,17,15,15,16,12,17,11,16,18,12,13,11,16,14,14,15,12,10,17,12,20,13,12,18,18,19,17,14,13,18,18,12,19,11,15,10,12,15,14,14,14,20,18,18
19,12,14,13,18,14,11,20,20,10,12,17,14,18,17,10,17,14,15,17,19,18,16,18,18,20,19,19,18,11,14,15,15,14,15,11,20,16,16,15,13,16,11,11,20,10,15,17,16,20
20,19,13,18,17,10,11,12,15,10,16,12,16,17,20,13,10,14,15,14,16,20,17,11,17,15,15,16,20,12,19,13,20,11,13,10,12,12,20,18,14,18,10,12,13,19,18,10,10,19
10,14,17,17,14,17,17,13,16,17,11,17,15,16,16,19,17,13,20,20,10,14,15,13,20,16,11,15,20,11,13,11,12,17,15,19,19,19,20,13,15,11,15,20,20,20,15,16,18,15
10,15,13,10,12,15,13,15,18,19,15,14,10,14,18,15,13,12,20,17,20,12,10,11,10,19,16,20,19,19,12,14,13,20,11,20,18,20,20,16,12,14,13,19,14,19,16,20,18,16
13,19,13,11,16,18,18,14,12,11,14,14,18,12,17,14,17,12,14,14,20,16,14,15,15,13,11,18,18,10,12,13,12,19,13,13,20,16,19,18,14,14,20,20,10,20,18,16,18,18
20,17,10,18,20,11,16,10,12,10,12,11,12,13,14,16,11,17,11,11,14,10,13,17,10,10,20,20,18,13,17,11,13,17,16,12,16,13,15,10,17,11,13,17,19,20,17,11,10,11
11,19,17,14,18,13,12,19,20,12,12,15,15,15,18,12,15,11,10,14,13,14,18,20,13,18,15,16,17,19,13,10,20,19,19,10,16,13,19,19,14,15,17,14,12,12,18,10,12,17
19,15,19,19,16,17,18,16,11,15,10,13,12,17,13,20,16,17,20,11,11,19,10,18,10,17,11,18,15,16,10,12,15,17,12,15,18,13,14,12,17,20,11,16,11,20,12,11,14,12
13,18,20,10,12,18,19,10,16,14,13,13,15,17,16,10,17,18,12,20,17,16,11,20,20,15,10,11,19,15,20,14,11,15,18,18,13,20,11,13,19,17,15,11,11,18,17,18,18,18
20,16,18,14,18,10,11,15,18,10,16,17,12,18,20,20,19,18,13,13,16,10,12,16,15,17,16,14,13,10,14,12,11,13,20,19,12,20,19,14,12,10,10,16,13,12,19,15,12,12
12,10,14,20,12,18,17,13,18,19,10,15,12,15,20,15,13,15,14,18,13,10,14,18,10,19,11,19,11,20,20,18,10,14,14,19,17,12,14,16,14,14,15,15,14,14,16,17,14,12
12,20,11,20,10,20,18,11,11,11,13,19,12,16,16,15,12,18,16,17,11,20,16,14,14,19,10,10,10,15,16,16,19,19,12,11,12,16,13,18,14,20,15,13,11,15,13,20,15,17
11,19,18,16,19,15,19,10,20,18,13,16,17,12,17,19,19,14,17,10,19,11,12,16,13,13,11,10,14,15,18,10,17,12,12,16,15,19,15,15,18,13,17,18,19,16,18,10,14,14
13,18,11,16,11,10,12,17,13,17,13,20,18,11,13,14,11,14,11,12,18,13,14,17,14,19,10,11,14,18,17,11,11,20,18,13,15,18,17,17,18,18,19,13,11,18,11,20,12,14
15,20,16,15,14,16,19,13,10,19,10,11,11,10,20,18,15,20,18,13,20,11,13,20,16,14,12,17,14,15,17,13,19,12,17,13,19,20,19,10,17,20,17,18,11,14,10,18,15,19
18,20,13,16,20,12,17,19,13,20,14,16,20,20,14,15,20,15,20,19,18,11,20,14,19,15,13,17,15,19,11,15,11,15,13,19,13,16,18,10,17,14,14,16,15,19,10,10,20,10
14,12,14,20,16,12,18,20,15,10,18,10,12,19,13,19,10,14,11,15,18,15,13,17,13,11,16,15,20,12,13,11,10,14,10,16,16,19,20,16,18,10,14,15,13,11,12,18,20,17
17,18,12,20,20,13,14,10,17,16,11,18,19,17,11,14,15,15,20,14,20,16,18,16,15,20,20,14,15,18,17,13,10,12,17,19,18,10,11,15,13,16,12,20,13,16,11,15,10,10
18,18,17,11,10,12,15,13,19,12,18,17,18,20,14,17,17,11,18,19,14,20,17,17,10,20,10,20,20,13,18,10,15,17,10,14,17,15,19,14,12,11,13,16,13,19,19,19,15,10
20,18,16,10,18,15,12,13,18,18,19,11,12,19,19,12,18,16,14,14,17,18,19,12,12,20,13,15,17,19,17,20,14,14,18,11,10,19,18,16,18,20,16,19,18,12,19,14,10,16
17,14,20,16,17,14,18,16,13,10,13,14,14,12,16,19,12,18,19,18,14,12,15,19,15,17,19,18,10,18,11,20,19,18,17,12,13,11,17,12,18,20,18,19,17,18,15,16,19,19
18,19,14,17,20,10,13,17,11,11,11,13,12,14,20,12,18,19,11,12,17,15,11,19,15,15,16,10,10,13,18,19,18,17,19,13,10,18,10,13,20,19,11,13,13,13,17,18,15,15
11,15,15,19,14,20,18,20,17,17,18,19,13,10,13,17,17,14,14,16,17,20,10,13,11,17,10,11,11,15,16,10,17,13,18,19,17,11,11,13,16,14,17,14,11,15,11,14,16,11
14,12,11,18,11,13,17,16,20,11,18,15,13,13,12,17,13,13,12,13,20,10,10,18,19,20,14,12,18,19,17,17,17,17,11,15,20,20,10,14,11,14,19,19,12,18,16,14,12,19
18,13,15,16,18,16,15,10,18,20,13,16,10,16,12,11,14,19,18,16,12,19,20,18,19,18,19,10,18,12,11,19,20,14,20,16,11,13,18,11,18,11,13,20,18,19,11,15,12,19
16,11,16,13,15,12,14,15,13,19,15,18,14,16,11,18,19,10,20,13,17,11,15,20,16,13,14,12,18,16,10,14,16,16,18,20,13,20,18,16,10,11,12,14,15,12,15,12,11,17
13,12,14,11,15,10,12,19,17,12,20,11,13,10,11,10,12,12,15,11,16,13,12,19,16,13,15,19,20,16,16,15,18,19,20,16,11,13,19,12,11,14,20,20,19,19,19,16,16,17
15,17,17,11,14,18,18,15,16,12,10,13,11,19,13,17,13,19,18,15,15,10,20,20,18,20,11,13,13,16,11,17,14,18,11,16,15,13,17,11,17,19,12,12,14,14,20,12,11,14
10,17,13,16,10,13,10,10,18,14,19,20,14,18,14,18,14,14,18,12,17,19,17,17,13,16,16,11,20,13,20,15,11,12,14,15,10,13,14,10,18,15,18,20,17,15,11,13,15,16
17,15,13,16,14,16,13,12,16,19,14,15,15,18,19,20,16,20,19,17,16,19,20,15,15,18,17,19,11,19,17,16,15,15,13,20,10,19,13,20,17,17,15,18,15,16,10,14,16,14
15,10,14,13,14,14,14,17,10,11,18,10,12,20,19,15,17,20,13,11,17,12,14,14,20,13,12,12,16,19,16,17,19,20,11,20,12,15,17,10,17,14,18,14,20,17,12,11,20,17
17,14,15,15,12,15,14,18,19,15,13,18,20,20,20,19,14,12,12,10,15,12,18,16,11,19,19,11,11,19,14,17,16,15,15,16,15,14,12,11,10,20,15,15,18,15,13,19,16,18
15,15,16,18,16,15,20,16,10,10,16,16,12,16,15,11,20,13,10,15,16,16,11,14,10,10,18,13,10,19,10,20,10,12,18,19,12,17,15,10,12,14,16,20,14,16,19,13,11,13
19,20,11,10,10,12,16,16,11,13,14,12,17,12,13,16,10,17,16,11,19,19,19,17,13,16,15,19,19,20,17,13,16,17,13,10,11,19,18,17,14,20,20,15,12,18,12,15,13,12
13,19,16,10,15,17,20,14,19,14,19,10,13,18,15,14,15,12,17,10,11,19,14,18,12,20,19,16,11,18,12,16,19,15,13,10,20,12,10,10,10,17,12,15,14,12,15,17,19,13
12,14,18,20,10,19,18,13,13,12,16,13,19,13,12,12,19,19,14,17,18,12,15,13,17,20,18,16,20,20,18,10,17,19,20,17,15,17,13,15,16,14,13,15,11,16,15,20,19,18
13,19,18,18,16,19,19,10,10,12,17,16,13,11,19,15,11,13,19,10,19,10,18,18,12,11,15,13,14,17,15,12,15,14,14,10,12,15,20,15,13,12,14,19,14,11,12,13,19,11

The sequence dependent setup time of each job processed on machine 7.
(Where rows denote jobs: 1 to 50 and columns denote jobs: 0 to 50.For example:The value of Sijk is in row j,column i+1.)
19,13,10,16,20,10,19,11,12,10,17,10,10,18,15,20,14,10,20,18,17,16,12,11,13,17,15,11,20,12,14,16,18,16,13,17,18,11,14,19,15,13,16,19,15,17,17,19,11,16
14,13,14,13,18,13,14,11,18,18,20,18,10,13,13,13,12,20,20,17,14,14,19,12,20,11,13,19,14,15,14,17,12,13,12,12,10,13,14,13,12,15,10,13,12,20,14,14,15,20
16,19,15,13,18,19,10,16,14,15,20,13,15,10,12,20,13,11,19,13,19,16,11,19,12,14,14,19,20,17,11,20,18,12,11,11,14,19,16,16,11,20,15,16,12,17,16,14,15,20
15,20,17,19,11,15,10,13,14,10,18,18,17,16,13,20,10,11,12,18,19,12,11,14,20,18,16,11,15,18,12,15,11,10,16,16,15,14,10,19,15,20,15,16,12,12,11,15,20,16
11,20,15,20,15,14,16,15,17,13,19,12,12,15,12,14,17,10,14,14,12,19,13,11,15,13,18,11,15,17,16,16,15,16,19,17,10,18,12,18,11,13,10,14,14,11,10,14,20,18
19,13,11,15,15,19,12,12,12,17,14,15,10,13,13,19,14,12,12,14,13,11,11,12,20,17,16,12,10,15,20,14,13,17,18,10,14,20,15,15,19,20,16,18,19,13,13,18,11,18
11,11,10,10,20,19,17,12,19,17,15,19,20,15,10,12,16,11,17,19,17,17,14,12,15,10,12,13,12,20,14,17,17,18,14,13,14,10,19,10,11,17,18,13,15,18,19,20,12,11
14,20,12,12,20,19,10,13,18,12,18,18,16,18,16,13,17,17,13,11,16,20,17,10,12,14,18,10,20,11,15,11,12,10,10,11,10,14,10,13,19,18,12,19,16,15,19,17,17,17
14,14,13,12,10,15,19,14,12,11,20,16,16,20,14,18,17,15,19,10,20,12,16,16,17,15,16,11,15,18,18,16,11,15,10,11,12,19,15,10,18,14,14,15,10,20,19,15,10,12
15,12,11,13,12,13,12,17,13,20,10,13,20,18,19,19,11,20,12,19,19,10,12,18,20,18,19,13,19,10,18,11,15,16,11,15,16,20,14,11,18,10,11,15,16,14,16,10,12,14
14,15,14,20,12,18,14,19,10,15,17,17,11,11,14,17,18,16,18,20,10,16,15,11,17,19,18,15,20,14,14,15,12,15,17,12,19,18,11,13,12,15,20,19,20,11,12,14,13,10
12,11,18,15,15,17,16,19,10,14,19,10,12,15,13,17,19,20,12,13,16,13,14,14,14,11,17,11,13,19,19,20,16,17,14,12,16,15,14,11,13,14,19,10,15,17,15,19,14,18
10,16,10,17,15,16,16,11,20,14,17,19,20,13,15,12,16,10,12,19,19,12,18,14,12,13,12,10,17,12,20,15,15,13,14,13,18,11,15,15,16,19,17,15,17,11,18,11,16,12
16,16,17,10,20,14,17,20,16,14,18,13,15,15,13,20,11,19,19,20,19,11,15,18,10,18,16,20,19,16,20,17,14,17,11,15,18,12,13,20,17,10,19,16,15,15,20,19,20,20
18,12,15,11,11,20,20,10,18,14,13,15,14,12,18,13,11,14,17,15,18,18,16,11,16,17,20,15,20,19,12,12,16,14,19,13,16,12,12,12,16,12,11,13,11,16,20,17,20,18
16,10,19,13,20,12,16,19,11,14,18,15,18,17,15,16,12,17,15,19,18,18,15,20,19,10,18,10,12,16,15,11,18,13,19,19,18,20,20,10,12,20,18,19,10,17,16,12,15,15
15,15,11,11,11,17,18,17,13,12,18,20,19,16,18,14,17,16,17,20,10,16,18,11,16,19,14,18,12,15,12,18,19,10,13,20,10,15,10,13,14,18,11,19,12,12,11,20,13,16
20,19,17,20,10,12,12,15,13,13,17,16,10,16,11,10,14,20,13,12,17,10,10,10,12,12,19,14,12,19,11,12,17,14,15,17,20,16,14,11,13,16,20,20,16,18,19,18,20,17
19,11,11,17,10,17,17,17,18,10,11,19,11,20,14,20,15,14,17,19,19,17,17,13,20,19,20,20,13,15,11,18,15,19,17,18,19,13,11,11,11,13,19,18,19,16,16,13,19,15
14,15,15,12,11,14,18,17,14,12,18,13,16,16,15,12,11,20,19,20,17,17,18,20,11,19,16,19,10,13,17,20,10,18,14,12,18,20,20,18,19,11,17,16,13,16,13,14,16,10
16,20,20,13,15,12,12,11,14,18,15,19,16,17,12,17,10,20,10,20,16,12,10,12,17,10,19,16,15,18,16,16,12,20,11,16,15,16,14,13,19,20,19,12,13,15,15,14,13,14
19,18,16,16,14,20,15,13,12,17,19,15,12,15,14,13,12,11,16,18,15,19,11,11,12,12,17,11,14,11,19,20,20,14,19,10,15,10,17,15,19,17,20,20,13,19,18,20,16,11
16,13,19,12,19,10,14,12,10,10,20,11,11,10,15,15,14,14,16,14,13,18,15,10,20,11,14,13,18,11,18,17,17,17,15,19,10,20,12,18,18,19,19,12,14,12,17,10,16,18
10,15,14,10,19,15,13,13,13,14,15,11,11,14,12,13,12,19,14,14,15,18,13,10,16,18,15,13,10,20,15,12,16,19,10,19,10,19,15,10,19,11,14,20,20,10,11,20,17,11
13,18,20,16,13,11,19,16,16,15,19,17,11,19,11,18,12,12,14,17,16,15,12,12,18,10,18,18,18,10,15,14,10,11,15,18,17,14,18,15,13,17,16,11,11,13,14,14,12,16
17,16,10,14,16,16,17,10,10,14,11,17,16,16,17,13,20,10,11,12,18,11,18,17,14,12,16,20,19,20,14,14,12,13,11,19,20,18,13,14,17,19,15,12,17,13,20,15,19,19
14,10,15,11,17,16,14,15,10,14,19,17,16,15,18,11,12,11,12,14,20,15,14,11,18,10,12,11,19,18,12,19,10,12,16,10,10,19,16,16,15,11,15,15,13,13,14,15,13,10
13,16,10,16,13,15,16,14,17,16,15,18,19,11,12,12,14,17,20,16,16,13,20,12,19,18,11,14,17,19,15,12,16,17,10,18,12,17,10,16,18,12,10,11,13,10,15,17,20,16
18,17,10,18,14,16,17,15,11,11,16,13,19,13,10,18,18,20,14,11,15,16,20,17,11,15,14,20,15,14,16,14,19,17,11,19,14,13,14,10,11,17,12,11,10,15,20,10,12,19
19,13,18,10,12,12,17,12,16,19,10,10,15,15,10,12,19,20,11,16,11,17,18,17,16,17,15,18,18,19,20,14,15,12,10,12,16,12,14,12,12,10,14,15,11,13,16,16,15,15
19,16,16,18,10,17,18,14,14,19,12,16,17,16,19,19,20,17,11,17,16,10,17,20,15,14,15,15,15,20,19,14,15,16,11,18,20,17,10,20,15,11,16,11,14,10,16,10,11,19
11,16,16,18,12,18,19,13,11,15,14,15,18,11,11,17,16,18,10,10,18,20,12,15,20,18,20,16,14,17,16,15,20,11,12,20,16,12,18,19,19,12,11,20,10,14,14,11,18,20
15,15,17,20,15,19,16,13,14,16,17,20,20,14,17,10,19,15,11,19,19,13,14,14,16,12,19,20,14,12,13,20,10,18,15,20,16,11,13,15,13,14,10,18,17,15,13,14,18,17
12,13,18,13,12,13,11,12,11,18,12,11,11,20,12,12,16,12,17,16,15,12,15,11,18,11,15,10,11,12,14,10,17,20,19,17,15,11,18,16,11,16,20,18,14,15,11,19,18,18
11,17,17,10,20,14,12,20,15,10,17,20,19,16,17,12,17,18,19,15,17,10,10,13,19,15,17,17,12,11,17,18,18,18,11,15,10,12,11,19,11,17,20,16,15,10,19,11,19,10
19,18,10,13,17,17,12,20,19,19,20,10,11,19,13,14,11,15,14,11,11,17,20,12,18,17,18,11,18,20,15,17,12,20,13,18,11,18,16,18,11,17,12,18,10,10,17,12,20,18
19,14,13,14,13,10,15,12,10,17,19,10,10,19,10,18,18,13,17,12,10,18,13,15,10,19,12,10,15,18,19,12,18,10,18,19,15,11,15,18,10,11,17,13,10,12,14,15,14,16
18,16,10,16,10,19,13,11,15,19,17,17,18,14,19,15,12,20,14,20,10,19,16,18,15,12,18,10,20,10,10,14,10,15,19,12,13,16,13,13,10,11,19,16,12,14,12,17,17,12
20,20,14,19,16,16,12,12,16,10,11,19,11,16,13,18,16,12,19,13,14,18,11,13,20,11,11,12,18,15,10,17,16,12,10,15,17,19,17,12,20,12,12,12,11,15,12,12,18,18
18,10,18,10,17,12,19,14,12,12,11,10,12,20,11,19,16,13,13,17,12,16,18,11,11,20,16,11,19,18,20,12,10,15,20,19,17,10,10,13,18,15,10,19,13,15,17,10,18,12
16,19,19,17,16,14,19,14,16,17,18,20,10,18,20,18,17,10,16,17,10,11,18,10,20,17,10,13,16,12,11,14,12,20,17,15,18,14,13,10,20,18,18,10,15,17,16,13,16,18
11,20,18,19,12,14,13,20,13,18,15,14,12,17,19,19,14,15,20,17,19,15,20,11,18,13,12,20,12,10,17,14,16,14,15,13,18,11,20,13,10,13,20,16,10,14,15,12,13,20
18,14,10,12,13,18,11,10,15,11,15,13,19,13,10,12,18,18,11,16,10,18,13,17,17,11,19,18,10,13,18,17,20,20,14,17,15,15,16,15,12,20,18,14,10,20,16,18,18,16
12,15,17,16,10,10,17,20,10,15,18,10,15,20,14,10,12,14,17,17,11,20,10,17,13,10,12,13,20,16,19,14,14,15,20,14,16,14,14,10,18,10,17,13,12,12,10,14,13,10
12,15,20,13,17,17,16,10,13,17,10,11,18,15,14,17,20,11,10,12,14,13,13,10,11,16,12,15,14,11,19,15,12,19,13,15,11,19,12,13,20,13,18,14,12,19,14,12,17,15
16,14,18,12,18,11,20,10,15,12,10,11,10,19,12,20,12,11,20,11,19,11,15,12,15,12,12,13,11,19,17,10,16,20,16,10,11,18,19,15,10,17,16,15,18,10,10,17,17,15
15,17,16,15,19,10,20,18,19,10,18,16,15,20,16,17,16,12,15,20,16,16,20,12,10,17,16,10,15,16,12,16,19,11,16,19,14,19,16,10,15,16,16,16,19,13,15,13,18,16
19,20,11,19,11,11,18,15,13,10,12,14,13,10,11,19,11,18,12,11,10,19,20,19,17,20,17,18,18,12,17,12,18,11,18,12,19,18,18,11,13,17,16,20,14,18,11,13,13,17
16,12,20,15,17,14,10,18,14,17,20,17,10,13,10,10,13,14,18,12,20,12,17,14,14,19,15,19,15,13,17,12,18,13,12,11,18,20,19,16,20,14,10,10,17,10,19,17,18,11
11,10,14,12,10,15,12,17,20,11,10,20,20,16,10,13,15,16,11,14,17,13,10,15,18,17,13,14,12,13,11,15,19,13,17,14,20,12,19,11,16,20,19,17,17,18,15,20,11,17
16,15,11,16,12,14,14,15,12,17,13,10,20,12,15,14,19,12,17,12,14,15,16,15,14,10,15,15,20,12,16,13,19,13,18,20,18,16,13,15,13,18,11,18,12,14,11,16,17,11

