The number of jobs:
20
The number of machines:
5
The number of vehicles:
3
The number of workers:
2

The processing time of each order processed on different machines:
(where rows denote machines: 1 to 5 and columns denote orders: 1 to 
20)
34,39,33,35,23,28,33,22,23,37,32,28,25,35,32,21,37,39,21,27
35,37,32,22,34,32,24,22,31,28,35,26,35,28,40,20,21,31,27,28
36,32,22,31,32,20,29,36,34,39,37,25,35,34,36,22,38,38,28,31
36,36,27,32,30,32,31,40,30,21,24,25,27,37,29,34,39,23,30,34
34,39,36,25,22,21,30,39,20,25,34,34,31,29,34,30,28,20,34,23

The coefficient of each worker on each machine:
(where rows denote workers: 1 to 2 and columns denote machines: 1 to 
5)
0.5,1,1,0.5,1
1,1.25,1,1.5,1

The unit processing cost of machines:

9,9,7,9,10

The unit idle cost of machines:

1,5,3,4,1

The distance between each location:
(where rows and columns denote locations: 0 to 20)
0,109,72,96,67,106,95,113,70,100,97,41,92,89,84,28,66,62,75,69,106
109,0,153,193,78,204,165,100,178,186,200,114,102,47,181,131,133,163,120,46,203
72,153,0,135,78,143,24,184,88,33,125,40,76,113,35,47,23,106,44,107,142
96,193,135,0,163,11,158,143,50,145,21,128,184,183,118,97,144,34,161,161,11
67,78,78,163,0,174,87,140,131,111,162,45,31,35,110,73,56,129,41,36,173
106,204,143,11,174,0,166,153,56,150,21,138,194,194,124,107,153,45,170,172,1
95,165,24,158,87,166,0,205,110,30,147,59,76,122,48,71,34,129,47,120,165
113,100,184,143,140,153,205,0,157,213,159,147,171,129,196,140,173,128,172,108,153
70,178,88,50,131,56,110,157,0,95,37,90,147,158,69,59,100,32,120,139,55
100,186,33,145,111,150,30,213,95,0,131,73,104,146,27,73,54,120,73,140,149
97,200,125,21,162,21,147,159,37,131,0,124,181,186,104,92,137,37,155,165,20
41,114,40,128,45,138,59,147,90,73,124,0,57,78,67,31,26,94,34,68,137
92,102,76,184,31,194,76,171,147,104,181,57,0,55,111,89,53,150,32,65,194
89,47,113,183,35,194,122,129,158,146,186,78,55,0,145,102,91,150,75,25,194
84,181,35,118,110,124,48,196,69,27,104,67,111,145,0,56,58,94,79,135,123
28,131,47,97,73,107,71,140,59,73,92,31,89,102,56,0,48,64,64,87,106
66,133,23,144,56,153,34,173,100,54,137,26,53,91,58,48,0,112,22,87,152
62,163,106,34,129,45,129,128,32,120,37,94,150,150,94,64,112,0,128,128,44
75,120,44,161,41,170,47,172,120,73,155,34,32,75,79,64,22,128,0,76,169
69,46,107,161,36,172,120,108,139,140,165,68,65,25,135,87,87,128,76,0,171
106,203,142,11,173,1,165,153,55,149,20,137,194,194,123,106,152,44,169,171,0

The weight of orders:
14,16,11,11,13,10,10,17,20,20,20,17,12,14,16,16,16,14,10,20

The unit tardiness penalty of orders:

10,7,9,6,8,10,7,10,9,9,10,9,9,6,9,10,8,9,10,6

The due date of orders:
495,231,482,409,235,434,550,460,206,478,248,387,285,272,289,227,172,168,417,205

the loading and unloading time of each order:
4,4,3,3,3,3,3,4,5,5,5,4,3,4,4,4,4,4,3,5

The sequence dependent setup time of each job processed on machine 1.
(Where rows denote jobs: 1 to 20 and columns denote jobs: 0 to 20.For example:The value of Sijk is in row j,column i+1.)
10,15,10,15,13,14,17,16,19,18,13,11,14,18,19,19,15,14,13,19
19,20,16,11,18,10,20,17,20,12,11,11,15,17,10,18,13,20,14,10
20,19,16,10,14,13,20,11,13,16,18,18,16,16,13,14,14,13,11,16
20,13,19,18,17,12,19,14,20,11,18,19,13,19,10,12,14,17,13,10
15,17,16,10,15,16,14,11,13,17,16,16,18,13,16,13,16,14,17,19
10,18,20,14,19,13,19,12,13,18,10,16,19,19,16,18,16,13,11,17
12,19,10,14,10,19,12,15,14,11,19,17,18,12,11,11,13,17,19,13
14,20,12,13,14,12,12,18,13,18,14,14,12,16,18,13,12,14,14,18
15,17,20,14,16,20,11,16,19,20,10,17,18,19,13,20,14,12,19,16
13,20,11,18,12,15,14,11,19,17,11,16,18,10,20,12,17,11,17,16
12,20,12,16,17,20,13,10,10,12,16,16,20,20,13,10,20,18,11,19
12,14,18,16,17,16,11,11,17,19,20,11,15,20,19,15,19,17,20,10
11,10,15,19,14,12,15,11,17,13,12,11,11,17,10,19,17,18,18,17
20,15,18,13,20,11,11,10,17,17,18,18,11,13,20,13,13,18,12,19
10,12,14,20,18,17,12,17,13,20,12,19,13,16,18,16,20,18,16,12
15,16,10,14,10,16,13,11,17,13,12,16,10,15,14,10,19,17,11,19
18,14,13,17,19,13,18,11,15,19,10,18,11,15,19,13,11,15,11,16
15,18,18,17,10,19,20,13,10,18,10,16,12,17,20,10,13,10,20,19
13,14,19,11,10,13,14,12,15,16,11,12,20,18,11,13,20,17,20,19
19,10,18,10,10,16,12,16,17,18,19,11,20,12,18,20,13,15,16,16
19,17,11,13,14,13,14,17,19,10,10,16,20,17,14,14,15,12,13,11

The sequence dependent setup time of each job processed on machine 2.
(Where rows denote jobs: 1 to 20 and columns denote jobs: 0 to 20.For example:The value of Sijk is in row j,column i+1.)
10,16,16,18,12,20,14,15,11,12,17,20,10,17,15,19,18,12,12,14
15,19,17,17,12,10,15,19,13,13,14,20,17,10,13,20,11,14,14,20
12,20,13,20,10,17,16,10,20,14,17,19,12,13,12,11,14,16,15,18
15,10,19,17,10,15,10,10,18,12,18,10,20,20,12,16,17,11,20,16
13,20,19,19,18,11,17,11,19,18,13,13,19,20,11,13,11,16,13,10
10,17,17,17,15,13,16,16,12,11,16,11,19,19,10,15,16,11,20,17
15,10,19,12,12,13,17,18,11,19,20,18,11,18,19,10,18,12,16,12
13,19,18,17,17,11,16,17,18,15,17,12,14,14,12,15,16,14,13,13
13,16,16,10,14,15,12,19,17,17,19,16,18,20,10,13,10,14,14,20
10,12,15,20,10,16,12,11,11,12,11,10,12,13,14,11,15,16,17,16
20,17,17,16,19,15,13,17,18,17,20,10,16,17,12,20,13,13,15,19
17,11,13,14,16,17,15,11,14,14,17,15,20,16,12,17,11,13,14,11
16,20,11,14,19,11,20,18,20,12,14,12,17,14,20,14,16,13,13,16
14,19,17,18,20,18,11,15,16,15,15,12,19,11,15,17,10,14,18,19
14,16,13,19,19,11,15,10,10,17,11,11,20,13,16,12,18,12,12,13
14,17,10,12,16,16,10,13,18,14,10,13,18,12,15,17,17,12,10,19
13,10,14,11,16,16,19,19,12,17,17,20,17,10,17,11,15,13,18,19
18,15,11,15,17,17,12,15,20,12,15,14,18,15,16,16,14,10,20,17
11,18,16,15,11,18,20,12,20,18,17,11,12,10,13,20,12,15,16,16
16,11,20,11,18,13,10,13,12,10,18,16,16,12,17,15,14,19,18,15
11,10,11,20,16,15,15,10,18,17,14,18,15,13,18,14,13,14,18,20

The sequence dependent setup time of each job processed on machine 3.
(Where rows denote jobs: 1 to 20 and columns denote jobs: 0 to 20.For example:The value of Sijk is in row j,column i+1.)
10,17,13,11,12,15,20,13,13,12,19,11,14,15,19,18,15,20,10,14
10,13,14,16,16,18,11,16,13,11,13,17,10,10,18,19,17,18,19,12
16,13,12,11,16,19,20,14,16,19,20,10,12,10,20,13,17,14,20,20
11,10,17,12,11,17,14,19,18,19,11,12,16,14,11,12,18,10,10,17
12,11,17,15,12,19,12,12,19,15,19,10,11,15,11,11,11,17,17,18
18,17,17,15,11,12,11,20,11,13,11,20,19,14,17,12,18,15,16,18
16,10,18,11,20,17,14,18,10,20,16,14,11,12,13,17,11,16,18,20
11,10,19,17,12,20,12,15,19,19,16,20,10,12,13,13,11,19,20,16
13,14,13,14,13,19,12,15,15,16,20,15,18,18,14,14,11,18,16,10
17,16,19,10,10,19,15,14,16,17,13,12,14,16,20,14,11,11,10,15
15,13,12,19,14,10,16,15,19,13,20,16,16,14,14,19,13,16,10,15
11,18,12,20,20,17,11,20,20,11,20,19,18,14,19,18,12,12,20,10
19,13,11,11,15,10,20,14,17,19,20,14,11,11,17,12,18,11,13,13
17,15,13,12,11,11,16,17,16,10,17,19,13,11,15,14,13,11,14,18
17,17,10,15,13,11,10,13,12,18,11,11,19,20,17,14,10,12,12,18
18,13,10,11,18,15,19,13,10,10,20,20,17,13,19,14,19,18,16,14
13,18,12,13,18,19,13,20,10,18,12,16,12,20,12,13,13,14,17,19
12,15,11,14,17,18,18,11,17,11,12,11,11,20,16,14,18,15,16,13
16,20,10,14,15,19,12,19,18,15,15,19,10,10,15,10,13,20,14,17
15,20,13,12,17,13,20,10,13,12,17,18,14,15,14,19,19,17,17,16
12,18,13,19,14,10,17,19,17,10,10,11,19,13,18,17,15,20,16,20

The sequence dependent setup time of each job processed on machine 4.
(Where rows denote jobs: 1 to 20 and columns denote jobs: 0 to 20.For example:The value of Sijk is in row j,column i+1.)
12,10,14,10,18,18,14,20,13,20,18,12,18,13,14,11,17,10,18,11
10,18,13,17,16,13,19,18,19,18,16,13,17,14,13,17,19,13,11,18
16,20,13,14,11,17,19,18,19,12,15,11,20,13,18,13,20,19,19,10
11,18,17,16,13,11,19,18,12,17,14,19,12,13,17,18,11,20,12,11
13,19,11,18,20,16,14,10,13,12,14,17,13,11,13,18,14,20,18,16
12,13,13,13,20,18,10,12,13,16,19,19,14,12,17,14,16,10,11,15
19,19,16,11,12,19,12,20,18,12,18,18,17,13,14,16,19,15,19,19
16,14,10,10,12,17,16,19,14,16,15,20,18,11,15,18,14,17,15,13
17,10,10,16,15,13,17,17,11,16,20,19,18,10,18,20,18,13,20,16
11,14,17,19,17,20,18,15,15,17,12,20,19,13,16,15,11,19,11,11
18,15,14,15,19,13,15,17,15,11,13,16,12,19,20,14,11,17,20,18
15,14,19,11,19,19,20,18,16,13,19,14,20,18,20,10,19,16,15,10
12,15,11,13,15,20,17,15,11,18,18,12,19,17,18,15,16,16,20,13
16,15,12,14,13,16,20,15,14,12,16,18,17,10,20,13,10,16,16,20
20,15,16,19,10,12,11,13,13,10,15,13,16,16,13,14,10,18,13,10
14,19,17,13,11,18,19,20,11,20,14,17,20,13,19,17,12,11,16,15
13,11,11,20,18,17,14,12,18,16,14,10,12,20,19,17,14,16,14,16
15,10,11,12,11,11,16,14,17,16,11,13,11,10,20,18,14,15,12,15
14,19,14,10,17,18,10,20,10,16,15,13,11,10,12,15,19,19,19,18
16,16,19,16,12,13,14,16,18,13,13,17,15,14,13,14,12,17,18,13
11,20,11,17,15,12,18,13,11,18,14,17,12,10,13,13,20,12,13,12

The sequence dependent setup time of each job processed on machine 5.
(Where rows denote jobs: 1 to 20 and columns denote jobs: 0 to 20.For example:The value of Sijk is in row j,column i+1.)
15,11,12,14,11,10,16,16,12,16,20,13,12,12,15,11,11,11,16,15
12,14,19,11,10,13,10,20,12,13,16,14,12,10,14,17,10,19,15,15
15,15,20,11,16,20,15,11,12,16,20,15,16,15,20,16,12,18,20,12
15,10,11,10,13,18,11,19,12,13,14,12,17,19,13,14,19,12,13,19
14,16,20,10,15,14,16,12,13,16,13,17,17,15,15,14,16,17,20,12
12,14,16,20,15,14,20,11,14,13,12,10,20,11,12,14,13,16,15,14
17,12,18,19,14,17,13,12,10,19,13,16,15,12,18,13,17,18,15,17
10,11,11,17,13,11,11,11,18,16,17,12,16,10,18,12,19,16,12,20
14,20,20,12,18,14,13,10,12,14,18,11,18,12,16,12,18,11,20,20
18,14,20,19,11,19,10,10,19,13,17,16,13,18,18,17,17,20,19,14
12,17,19,13,11,13,11,17,15,13,17,10,11,14,17,19,18,12,14,18
17,14,11,13,19,17,13,18,11,19,18,12,14,15,20,10,14,18,10,11
16,19,19,10,16,10,14,11,10,18,12,14,19,15,18,10,15,14,11,13
10,20,14,16,15,11,20,20,17,20,16,16,17,11,16,17,13,16,11,11
19,13,15,13,12,12,18,16,13,20,20,16,18,13,16,13,20,14,16,13
13,10,16,18,14,11,15,14,17,19,16,14,13,13,18,14,11,18,13,14
14,15,16,12,19,12,17,17,17,13,19,13,20,20,12,13,14,13,13,13
17,18,11,15,18,14,13,19,14,18,19,18,18,19,18,18,17,15,13,15
18,20,17,13,12,19,14,10,11,16,14,18,20,20,18,19,15,10,16,18
17,13,18,10,10,12,15,11,19,20,15,16,19,16,13,19,13,19,17,11
13,19,10,20,10,19,19,13,20,16,15,14,17,16,10,18,16,16,15,18

