The number of jobs:
50
The number of machines:
6
The number of vehicles:
6
The number of workers:
5

The processing time of each order processed on different machines:
(where rows denote machines: 1 to 6 and columns denote orders: 1 to 
50)
34,40,33,30,34,22,36,25,36,37,23,25,27,38,36,22,28,29,31,32,33,22,23,39,30,21,31,26,37,24,26,36,26,27,39,24,39,29,33,29,32,24,32,35,40,30,31,32,21,21
27,32,26,27,26,22,26,38,35,36,35,28,34,27,27,37,40,20,28,38,40,40,37,39,30,36,27,39,29,23,28,39,38,32,25,26,35,30,22,25,33,23,25,20,28,37,39,22,33,29
29,32,22,25,29,30,21,23,27,21,26,33,38,34,24,32,34,24,30,29,40,22,38,40,31,30,33,35,25,33,39,34,25,28,37,32,27,20,33,26,27,40,31,34,28,27,40,20,40,25
37,35,35,32,28,33,26,38,28,24,28,38,33,40,34,30,40,33,20,38,32,22,39,24,26,37,25,22,36,35,38,34,27,27,32,38,40,30,28,24,21,36,34,25,24,34,37,30,38,22
25,37,25,21,24,34,40,36,28,37,37,27,24,32,26,34,36,26,37,38,26,36,23,38,24,26,33,29,23,35,26,26,30,28,38,27,26,23,22,27,34,37,35,25,38,33,32,30,25,27
40,22,33,32,29,34,31,35,31,34,35,35,26,37,36,36,24,31,22,24,26,31,23,33,28,25,39,22,35,37,39,28,22,30,25,40,32,40,20,32,29,30,24,23,26,31,36,37,33,35

The coefficient of each worker on each machine:
(where rows denote workers: 1 to 5 and columns denote machines: 1 to 
6)
1,0.5,0.75,1.25,1.25,1.5
0.75,0.5,1.5,1,1.5,1
0.75,1.5,0.5,1,1,0.5
1.25,0.5,1.5,1,1,1.25
1.5,0.5,1,1,1.25,0.75

The unit processing cost of machines:

8,7,8,10,8,8

The unit idle cost of machines:

4,4,2,1,3,2

The distance between each location:
(where rows and columns denote locations: 0 to 50)
0,33,82,110,82,24,13,80,105,85,61,136,55,93,115,17,37,97,87,11,91,43,18,100,117,106,55,23,127,59,85,106,15,79,82,87,80,21,54,33,51,41,95,94,65,64,39,71,82,61,88
33,0,105,83,76,40,42,109,75,118,60,161,41,80,138,27,70,69,74,22,89,66,15,133,137,85,72,52,150,92,79,136,35,76,78,101,57,30,45,46,76,74,128,66,43,94,69,45,59,94,100
82,105,0,187,79,103,87,29,179,92,66,57,88,175,158,99,67,139,169,89,72,39,93,78,167,125,35,89,166,75,166,47,95,72,76,152,113,102,80,111,109,73,97,171,105,98,91,116,162,73,156
110,83,187,0,146,99,112,190,18,182,137,244,112,51,170,94,143,95,50,100,161,149,95,205,163,128,154,118,183,161,68,216,102,148,149,123,108,93,119,97,127,144,192,17,102,152,131,93,31,164,117
82,76,79,146,0,104,94,102,131,148,22,130,35,155,195,93,102,68,149,79,16,64,76,147,198,46,51,104,206,122,155,125,96,7,4,169,42,97,31,113,132,109,156,129,44,137,117,54,130,122,169
24,40,103,99,104,0,16,96,98,85,84,154,74,73,98,13,45,108,67,25,114,66,30,106,98,123,79,19,111,62,63,120,9,102,105,65,95,9,74,9,36,46,95,85,81,57,33,84,68,65,65
13,42,87,112,94,16,0,81,109,76,73,138,68,89,102,18,31,109,83,21,103,50,28,94,104,118,64,11,114,51,79,105,9,91,95,75,92,18,66,24,38,34,86,97,77,52,27,83,82,54,76
80,109,29,190,102,96,81,0,184,65,85,59,103,170,135,96,53,156,164,90,98,46,95,49,144,146,52,79,141,52,158,27,90,96,100,135,130,98,96,103,92,57,69,174,120,76,76,130,161,50,139
105,75,179,18,131,98,109,184,0,182,124,236,99,63,178,91,140,77,62,94,147,141,89,203,172,111,144,116,190,160,79,210,100,134,134,131,92,91,106,97,129,142,192,15,87,154,131,77,36,162,126
85,118,92,182,148,85,76,65,182,0,127,113,134,146,72,93,50,182,142,96,149,84,103,32,84,184,99,67,77,27,130,71,84,142,147,87,161,92,129,85,57,44,10,169,147,30,51,155,151,26,94
61,60,66,137,22,84,73,85,124,127,0,121,25,140,173,73,80,73,134,59,30,44,57,127,177,61,33,82,184,101,138,110,75,18,22,148,47,77,18,93,110,87,135,120,40,115,95,52,117,101,148
136,161,57,244,130,154,138,59,236,113,121,0,145,227,186,153,112,195,221,144,120,95,149,85,197,177,93,138,190,108,216,42,147,124,127,192,168,155,137,161,150,115,113,227,161,132,134,173,217,106,197
55,41,88,112,35,74,68,103,99,134,25,145,0,120,170,62,85,52,114,49,50,58,44,140,172,51,53,78,182,107,121,129,67,37,38,139,28,66,8,82,106,91,143,95,16,117,94,28,95,108,138
93,80,175,51,155,73,89,170,63,146,140,227,120,0,122,76,117,124,6,87,169,136,86,173,114,153,147,91,134,130,19,193,80,156,158,75,128,73,125,67,89,116,155,50,116,116,99,112,32,133,68
115,138,158,170,195,98,102,135,178,72,173,186,170,122,0,111,96,206,121,122,201,137,127,103,13,220,154,92,13,84,103,144,104,191,195,47,193,107,168,92,64,89,74,163,178,61,78,182,142,85,54
17,27,99,94,93,13,18,96,91,93,73,153,62,76,111,0,49,96,69,14,103,61,17,112,111,110,72,26,123,69,68,122,9,91,94,77,83,4,62,21,48,51,103,79,68,67,42,71,65,71,77
37,70,67,143,102,45,31,53,140,50,80,112,85,117,96,49,0,132,112,48,106,41,55,63,102,135,58,27,106,23,105,76,41,97,101,84,112,50,80,50,41,7,59,128,98,36,23,106,113,24,88
97,69,139,95,68,108,109,156,77,182,73,195,52,124,206,96,132,0,120,88,83,110,81,191,205,34,105,119,219,155,132,181,104,74,72,168,27,99,60,114,144,138,191,81,36,161,136,27,93,156,165
87,74,169,50,149,67,83,164,62,142,134,221,114,6,121,69,112,120,0,81,163,130,79,168,113,148,141,85,133,125,18,187,74,150,151,73,122,67,119,62,85,111,151,48,111,111,94,106,28,128,67
11,22,89,100,79,25,21,90,94,96,59,144,49,87,122,14,48,88,81,0,89,50,7,111,123,98,60,32,134,70,82,116,18,77,80,90,72,18,49,34,58,52,106,84,57,73,48,62,73,72,90
91,89,72,161,16,114,103,98,147,149,30,120,50,169,201,103,106,83,163,89,0,66,87,145,205,58,50,112,211,125,168,119,105,13,13,178,58,108,44,123,139,113,157,144,60,142,123,70,145,124,179
43,66,39,149,64,66,50,46,141,84,44,95,58,136,137,61,41,110,130,50,66,0,54,84,143,104,17,55,147,59,129,72,57,59,63,121,85,64,51,74,79,48,92,132,74,77,62,85,123,59,124
18,15,93,95,76,30,28,95,89,103,57,149,44,86,127,17,55,81,79,7,87,54,0,118,128,93,62,38,140,77,81,121,23,75,77,95,66,21,45,38,64,59,113,79,51,80,55,55,69,79,94
100,133,78,205,147,106,94,49,203,32,127,85,140,173,103,112,63,191,168,111,145,84,118,0,115,188,96,87,106,44,158,44,103,140,145,119,168,112,134,109,85,61,28,191,155,59,75,165,174,41,125
117,137,167,163,198,98,104,144,172,84,177,197,172,114,13,111,102,205,113,123,205,143,128,115,0,221,160,94,22,92,95,155,105,195,198,40,194,107,171,91,66,96,86,157,179,69,82,182,136,94,46
106,85,125,128,46,123,118,146,111,184,61,177,51,153,220,110,135,34,148,98,58,104,93,188,221,0,94,129,232,157,158,170,116,53,50,186,27,114,55,130,156,142,193,114,42,168,145,42,122,158,184
55,72,35,154,51,79,64,52,144,99,33,93,53,147,154,72,58,105,141,60,50,17,62,96,160,94,0,70,164,75,141,77,70,45,49,137,79,76,45,88,95,65,107,137,70,94,78,81,130,74,139
23,52,89,118,104,19,11,79,116,67,82,138,78,91,92,26,27,119,85,32,112,55,38,87,94,129,70,0,103,44,78,103,17,101,104,67,103,25,77,23,28,27,77,103,88,42,17,94,87,46,69
127,150,166,183,206,111,114,141,190,77,184,190,182,134,13,123,106,219,133,134,211,147,140,106,22,232,164,103,0,92,115,148,116,202,206,60,205,120,180,105,76,99,77,176,191,70,89,194,155,93,66
59,92,75,161,122,62,51,52,160,27,101,108,107,130,84,69,23,155,125,70,125,59,77,44,92,157,75,44,92,0,115,68,60,117,121,84,134,69,102,65,44,18,36,147,120,24,31,128,131,3,89
85,79,166,68,155,63,79,158,79,130,138,216,121,19,103,68,105,132,18,82,168,129,81,158,95,158,141,78,115,115,0,180,71,155,157,56,132,65,124,56,73,103,138,65,119,99,85,116,45,118,49
106,136,47,216,125,120,105,27,210,71,110,42,129,193,144,122,76,181,187,116,119,72,121,44,155,170,77,103,148,68,180,0,114,118,122,151,155,123,122,126,111,78,71,200,146,91,96,157,187,65,157
15,35,95,102,96,9,9,90,100,84,75,147,67,80,104,9,41,104,74,18,105,57,23,103,105,116,70,17,116,60,71,114,0,93,96,73,89,9,66,18,41,42,94,88,74,58,34,78,73,62,73
79,76,72,148,7,102,91,96,134,142,18,124,37,156,191,91,97,74,150,77,13,59,75,140,195,53,45,101,202,117,155,118,93,0,4,166,48,95,31,111,128,104,150,132,47,133,113,58,131,117,167
82,78,76,149,4,105,95,100,134,147,22,127,38,158,195,94,101,72,151,80,13,63,77,145,198,50,49,104,206,121,157,122,96,4,0,169,46,98,33,114,132,108,155,132,47,137,117,57,132,121,170
87,101,152,123,169,65,75,135,131,87,148,192,139,75,47,77,84,168,73,90,178,121,95,119,40,186,137,67,60,84,56,151,73,166,169,0,159,73,139,56,43,79,94,117,144,61,61,145,96,86,8
80,57,113,108,42,95,92,130,92,161,47,168,28,128,193,83,112,27,122,72,58,85,66,168,194,27,79,103,205,134,132,155,89,48,46,159,0,86,34,103,130,118,171,92,15,143,119,16,98,135,157
21,30,102,93,97,9,18,98,91,92,77,155,66,73,107,4,50,99,67,18,108,64,21,112,107,114,76,25,120,69,65,123,9,95,98,73,86,0,66,17,46,51,102,79,72,66,41,75,64,71,72
54,45,80,119,31,74,66,96,106,129,18,137,8,125,168,62,80,60,119,49,44,51,45,134,171,55,45,77,180,102,124,122,66,31,33,139,34,66,0,83,105,87,138,102,24,114,91,36,101,103,139
33,46,111,97,113,9,24,103,97,85,93,161,82,67,92,21,50,114,62,34,123,74,38,109,91,130,88,23,105,65,56,126,18,111,114,56,103,17,83,0,33,49,95,84,88,56,34,91,66,68,56
51,76,109,127,132,36,38,92,129,57,110,150,106,89,64,48,41,144,85,58,139,79,64,85,66,156,95,28,76,44,73,111,41,128,132,43,130,46,105,33,0,36,66,115,115,26,18,119,96,46,47
41,74,73,144,109,46,34,57,142,44,87,115,91,116,89,51,7,138,111,52,113,48,59,61,96,142,65,27,99,18,103,78,42,104,108,79,118,51,87,49,36,0,54,130,104,29,19,111,114,20,83
95,128,97,192,156,95,86,69,192,10,135,113,143,155,74,103,59,191,151,106,157,92,113,28,86,193,107,77,77,36,138,71,94,150,155,94,171,102,138,95,66,54,0,179,157,40,61,165,161,35,101
94,66,171,17,129,85,97,174,15,169,120,227,95,50,163,79,128,81,48,84,144,132,79,191,157,114,137,103,176,147,65,200,88,132,132,117,92,79,102,84,115,130,179,0,85,140,118,77,21,150,111
65,43,105,102,44,81,77,120,87,147,40,161,16,116,178,68,98,36,111,57,60,74,51,155,179,42,70,88,191,120,119,146,74,47,47,144,15,72,24,88,115,104,157,85,0,129,104,12,88,122,143
64,94,98,152,137,57,52,76,154,30,115,132,117,116,61,67,36,161,111,73,142,77,80,59,69,168,94,42,70,24,99,91,58,133,137,61,143,66,114,56,26,29,40,140,129,0,25,135,122,26,67
39,69,91,131,117,33,27,76,131,51,95,134,94,99,78,42,23,136,94,48,123,62,55,75,82,145,78,17,89,31,85,96,34,113,117,61,119,41,91,34,18,19,61,118,104,25,0,110,100,34,65
71,45,116,93,54,84,83,130,77,155,52,173,28,112,182,71,106,27,106,62,70,85,55,165,182,42,81,94,194,128,116,157,78,58,57,145,16,75,36,91,119,111,165,77,12,135,110,0,82,130,143
82,59,162,31,130,68,82,161,36,151,117,217,95,32,142,65,113,93,28,73,145,123,69,174,136,122,130,87,155,131,45,187,73,131,132,96,98,64,101,66,96,114,161,21,88,122,100,82,0,133,90
61,94,73,164,122,65,54,50,162,26,101,106,108,133,85,71,24,156,128,72,124,59,79,41,94,158,74,46,93,3,118,65,62,117,121,86,135,71,103,68,46,20,35,150,122,26,34,130,133,0,92
88,100,156,117,169,65,76,139,126,94,148,197,138,68,54,77,88,165,67,90,179,124,94,125,46,184,139,69,66,89,49,157,73,167,170,8,157,72,139,56,47,83,101,111,143,67,65,143,90,92,0

The weight of orders:
14,11,12,12,10,11,10,10,14,16,13,17,14,20,18,12,10,16,16,14,15,12,18,10,20,16,11,19,17,17,13,16,12,12,20,16,17,13,17,18,14,14,11,10,16,14,14,13,11,14

The unit tardiness penalty of orders:

6,9,10,8,7,8,7,7,10,10,7,8,10,7,6,9,10,10,7,7,9,8,7,8,10,6,8,9,7,6,10,7,7,8,10,8,9,7,9,6,9,7,10,10,8,8,9,6,7,6

The due date of orders:
548,175,458,290,642,397,411,320,257,464,270,391,377,427,374,136,404,498,348,208,736,689,257,454,673,185,554,792,425,556,334,348,216,153,478,479,363,581,211,632,181,482,581,236,169,395,413,666,541,585

the loading and unloading time of each order:
4,3,3,3,3,3,3,3,4,4,3,4,4,5,5,3,3,4,4,4,4,3,5,3,5,4,3,5,4,4,3,4,3,3,5,4,4,3,4,5,4,4,3,3,4,4,4,3,3,4

The sequence dependent setup time of each job processed on machine 1.
(Where rows denote jobs: 1 to 50 and columns denote jobs: 0 to 50.For example:The value of Sijk is in row j,column i+1.)
16,15,16,17,17,18,12,14,17,16,20,11,17,20,17,20,19,17,13,19,15,15,12,20,14,14,18,11,10,11,17,18,13,17,14,19,15,16,17,13,14,14,10,12,18,10,18,19,19,20
17,10,20,16,20,18,20,20,14,16,13,20,20,19,16,10,10,18,15,14,18,14,17,15,12,18,14,10,10,13,13,18,17,18,12,17,13,10,10,17,10,16,16,16,20,11,15,12,17,11
13,16,13,17,15,20,20,12,10,11,17,18,15,10,19,19,11,16,18,14,16,17,15,17,13,13,10,20,14,13,14,19,19,15,15,16,12,20,15,16,15,15,13,16,11,16,12,20,18,20
11,12,17,16,15,19,13,14,15,17,14,11,19,17,18,17,13,19,18,18,13,18,20,18,20,12,13,11,13,18,19,15,14,19,18,10,13,14,12,19,19,14,16,17,10,13,18,14,15,17
10,19,10,16,11,10,12,17,14,11,11,15,20,14,11,17,10,16,17,11,16,17,11,15,10,12,13,13,12,20,13,11,11,13,13,20,13,19,11,13,13,11,11,17,18,17,11,12,15,17
12,12,18,16,19,15,18,16,11,12,18,17,16,13,18,18,18,16,14,18,18,20,15,17,19,19,15,16,15,10,20,20,13,10,10,11,11,13,14,11,18,13,12,18,20,10,15,12,17,12
13,17,17,19,13,15,14,19,16,20,15,12,16,15,16,16,13,12,17,20,12,12,12,13,20,10,19,19,20,13,20,16,19,14,16,17,12,10,17,11,15,14,13,14,14,17,20,12,19,10
15,13,16,20,16,16,18,18,13,20,19,18,16,18,20,14,13,10,13,15,19,19,12,10,14,11,18,17,18,20,20,19,14,17,13,16,12,16,16,11,13,14,14,17,14,20,15,10,17,11
15,18,17,12,11,14,15,18,12,17,13,13,18,19,10,10,16,14,15,13,11,14,14,11,12,11,11,15,16,18,13,15,14,19,20,16,11,10,16,13,14,14,13,19,17,10,13,13,18,10
17,15,13,11,13,13,13,10,19,11,11,19,14,18,14,10,16,15,16,19,16,20,20,11,12,20,20,15,12,20,16,17,16,18,12,18,20,20,19,13,10,16,11,10,12,10,18,10,15,12
20,13,16,16,18,17,15,14,14,14,18,12,16,15,17,17,18,16,14,18,12,11,17,10,19,10,14,13,18,14,13,15,18,15,10,12,15,10,15,12,15,12,14,16,11,10,19,20,19,10
12,15,17,17,12,12,19,12,17,18,18,20,12,13,20,15,19,12,17,20,10,15,10,15,17,11,18,13,16,10,17,16,10,10,10,20,10,10,10,20,13,13,17,18,17,11,16,20,18,19
16,11,18,19,15,18,17,10,13,14,17,10,15,16,19,17,15,19,12,19,16,18,18,19,10,15,16,17,10,16,14,19,20,12,20,10,19,17,16,13,12,13,14,13,14,14,20,10,18,14
17,13,12,11,19,20,17,11,13,10,15,20,16,10,15,19,12,16,18,14,12,12,12,16,17,19,16,14,16,13,15,18,10,15,16,12,17,14,13,17,10,13,20,10,15,19,16,20,15,14
18,13,10,15,12,16,14,17,10,11,15,16,19,13,18,10,10,17,16,20,20,15,13,12,13,14,13,13,16,20,18,19,13,14,12,17,10,10,14,10,18,15,12,11,18,14,14,13,20,15
20,16,14,15,15,10,11,14,18,10,10,20,19,16,12,10,16,18,16,19,19,17,14,18,18,14,16,14,20,11,20,12,14,12,14,18,12,16,12,19,10,18,12,18,20,17,14,20,10,20
14,20,13,14,16,11,19,11,13,13,11,20,17,19,11,20,19,20,17,12,20,20,15,16,14,17,14,10,13,11,14,16,16,18,15,17,12,16,19,17,14,16,17,17,18,13,10,10,14,14
17,14,19,18,11,12,14,11,10,15,15,11,10,19,11,13,16,16,17,17,10,12,11,19,18,12,12,18,11,16,13,19,15,15,12,13,11,19,16,16,12,12,16,16,13,20,16,14,14,20
14,11,18,17,19,19,16,15,18,14,18,12,19,15,19,13,14,13,12,15,10,19,14,17,20,12,19,15,10,15,16,13,15,19,20,17,15,13,20,16,19,17,11,18,14,16,12,10,20,13
19,16,15,14,16,16,13,12,10,10,13,14,20,17,13,19,14,14,11,14,12,12,19,17,18,18,15,20,18,18,19,20,16,15,20,19,12,20,15,17,13,14,17,19,14,19,12,11,20,19
12,11,18,13,18,13,10,10,12,19,13,19,13,15,19,14,17,11,10,11,19,18,16,13,15,15,14,10,15,18,18,11,11,20,16,14,19,20,18,12,12,14,13,19,19,17,11,20,14,20
16,13,15,19,15,16,17,19,14,14,12,10,16,11,16,13,11,12,18,12,20,14,16,17,20,17,10,12,20,19,14,10,13,11,12,18,14,19,12,14,16,11,20,10,18,15,17,18,19,12
18,10,12,20,15,14,14,11,16,13,13,13,11,10,19,17,16,14,12,20,11,20,18,12,20,17,15,18,16,19,20,11,18,10,14,19,16,20,12,12,17,15,20,10,20,15,15,14,11,15
20,10,19,10,13,19,18,18,20,17,10,20,15,19,17,17,13,10,16,19,18,12,17,19,16,19,18,10,14,20,14,14,16,10,11,11,13,16,20,15,12,19,17,20,19,10,19,19,18,19
15,14,12,18,11,18,12,15,19,15,11,14,10,11,14,20,13,14,10,20,20,14,20,19,14,20,10,19,13,10,13,19,19,12,14,17,15,19,13,17,15,17,17,12,10,15,13,13,19,14
17,17,16,15,12,19,15,16,11,11,15,16,13,15,12,16,17,14,12,18,11,12,14,13,20,11,20,15,18,14,20,15,15,20,17,14,10,15,15,11,20,12,17,17,17,12,11,17,12,11
13,15,11,15,12,17,18,15,14,12,12,12,14,17,12,11,17,13,17,13,18,14,17,16,17,10,13,13,13,17,17,10,18,19,19,19,14,11,10,13,19,16,16,19,19,10,10,11,20,17
18,18,13,16,15,10,15,20,17,13,18,16,16,15,16,14,20,17,18,18,11,17,20,15,17,16,12,11,18,13,20,14,15,10,12,19,17,15,18,13,18,11,11,14,20,10,10,15,13,16
13,12,12,18,18,14,14,13,13,10,12,13,16,14,16,18,12,16,17,11,17,18,19,13,19,16,17,10,13,10,12,13,13,10,10,16,20,15,16,20,12,11,13,19,15,12,10,19,17,19
15,16,19,14,18,14,10,17,14,15,17,13,20,19,15,19,14,20,19,20,10,17,18,18,10,20,14,15,11,19,19,15,14,18,11,20,20,13,13,14,11,17,12,19,11,15,10,18,12,10
19,20,17,16,11,13,10,14,10,18,16,10,17,14,11,11,11,20,14,18,11,14,19,14,20,17,13,17,19,16,20,15,20,16,13,15,12,14,10,20,15,19,19,19,13,15,20,18,13,20
14,12,20,18,16,12,10,15,17,11,20,17,17,16,12,10,15,17,20,11,17,17,16,14,18,13,10,14,20,10,12,20,11,19,17,13,18,20,12,14,16,10,11,18,18,11,17,15,17,14
15,20,11,16,12,11,12,18,11,13,16,19,17,16,19,20,17,14,15,19,17,15,11,19,11,13,20,19,10,10,11,16,15,10,20,13,13,16,14,17,12,18,12,12,19,18,16,18,15,14
10,11,16,16,20,15,11,17,19,11,20,19,11,20,10,10,12,20,15,18,17,13,12,12,16,13,18,13,17,14,11,10,14,10,13,17,18,12,18,12,16,16,10,10,10,17,20,19,11,15
15,17,12,12,14,15,16,10,18,14,15,13,12,20,16,17,16,13,12,10,12,13,14,11,16,17,14,17,12,14,11,20,18,12,15,16,11,10,18,14,15,16,13,14,17,18,16,12,15,13
11,13,12,13,20,20,11,11,11,18,16,11,18,19,18,13,19,15,11,15,19,17,18,13,18,15,19,19,10,13,10,19,15,17,12,19,18,14,16,20,14,16,14,14,20,20,17,18,19,12
13,18,20,20,15,15,20,10,20,16,20,20,18,12,15,14,10,16,19,20,12,12,13,14,13,17,18,19,20,20,18,10,18,15,13,13,19,15,20,20,14,19,17,14,18,15,15,19,20,18
16,12,20,12,19,19,11,19,13,14,20,12,20,10,16,16,11,20,13,12,10,15,17,15,19,13,18,13,15,20,18,10,17,17,17,17,16,18,11,11,14,12,12,11,16,16,10,14,18,11
13,14,15,20,17,14,14,17,16,14,15,11,18,18,17,20,13,10,11,14,12,13,14,13,16,10,11,14,17,17,17,15,12,14,14,12,20,11,12,16,12,19,14,16,13,17,11,13,19,10
12,13,19,18,10,15,13,20,16,16,17,14,16,14,20,18,19,12,16,11,19,13,12,20,17,15,13,10,17,17,11,16,15,13,15,19,12,17,14,15,20,12,19,14,16,13,14,12,13,18
11,15,16,15,20,11,10,18,12,17,12,19,13,10,20,17,16,15,15,17,14,16,19,19,20,11,11,17,14,13,14,10,18,16,19,16,18,18,17,11,15,18,18,18,10,13,10,18,11,17
13,18,16,18,10,19,10,17,16,12,20,12,16,11,20,11,10,15,15,15,12,18,15,14,11,12,10,11,16,11,10,13,19,10,11,19,16,20,15,13,19,14,18,18,11,17,13,19,15,19
20,18,16,10,17,13,10,16,13,18,10,15,14,13,10,12,11,12,19,15,16,18,16,19,19,12,20,16,17,16,16,10,17,15,15,12,10,12,19,17,14,13,11,10,12,15,20,15,20,18
17,19,11,15,15,20,18,19,12,14,12,15,20,10,12,19,17,13,15,16,17,18,11,10,12,15,14,14,11,13,18,14,15,15,17,16,19,14,10,15,10,11,17,18,13,15,17,18,18,13
17,17,12,15,13,19,11,20,12,13,10,17,12,13,15,15,13,13,13,17,12,19,15,14,17,20,20,19,10,17,16,17,11,17,19,10,14,13,10,17,18,17,17,17,18,20,17,14,11,12
20,11,13,11,11,15,13,17,15,20,15,20,14,15,14,12,16,19,10,20,14,10,14,14,14,12,20,16,14,20,15,20,19,13,14,11,10,10,16,19,19,17,15,10,19,15,18,15,19,19
10,17,20,14,15,19,18,16,10,10,12,14,10,13,12,16,10,13,11,16,13,14,19,17,10,14,10,17,11,17,14,19,20,12,16,20,15,13,20,18,13,11,10,17,17,14,18,12,10,12
18,13,10,10,15,17,15,20,16,10,17,17,19,20,10,20,12,15,13,17,11,20,18,10,17,16,11,14,20,14,14,20,16,16,14,18,10,20,10,13,13,17,17,19,15,20,15,14,16,10
20,16,14,15,20,15,16,12,17,17,19,18,18,18,13,12,10,12,10,10,16,11,20,16,13,12,12,15,13,12,13,14,19,15,20,14,17,14,15,10,17,13,16,14,10,20,15,19,15,14
18,15,10,14,11,16,19,10,11,14,18,18,12,19,10,20,10,10,15,16,19,11,13,13,12,14,20,12,14,20,12,17,15,20,14,19,20,19,17,14,20,17,16,12,16,14,16,11,10,11
15,12,15,19,15,20,14,17,20,19,12,14,20,12,17,10,11,11,19,18,10,16,19,17,19,15,12,17,17,15,12,13,17,20,12,19,11,14,15,11,14,12,18,16,17,11,18,12,16,14

The sequence dependent setup time of each job processed on machine 2.
(Where rows denote jobs: 1 to 50 and columns denote jobs: 0 to 50.For example:The value of Sijk is in row j,column i+1.)
13,16,17,12,17,12,18,19,18,14,11,20,10,16,13,13,19,19,15,12,16,14,16,14,18,11,19,14,20,20,20,13,19,15,19,17,12,18,15,12,12,14,16,13,15,17,18,20,19,18
14,10,13,14,18,15,14,12,20,14,18,17,19,18,15,16,11,13,17,11,17,11,14,15,11,12,18,17,11,12,13,11,15,15,15,12,12,17,17,10,19,16,10,13,16,11,10,16,10,12
15,14,11,10,10,15,17,18,16,15,19,14,20,10,14,18,19,20,17,12,18,14,12,15,12,16,18,20,20,15,10,12,16,18,11,15,14,12,13,12,14,11,16,19,10,17,13,15,15,16
13,15,13,17,20,11,18,10,15,20,19,16,17,14,10,20,14,20,17,15,18,12,10,19,15,14,15,14,20,15,12,19,16,12,17,19,14,14,14,20,11,16,17,12,11,17,16,20,16,11
13,14,13,16,14,20,18,18,20,11,10,10,15,15,18,14,10,20,18,13,10,13,10,12,14,17,16,18,19,18,16,11,16,19,15,11,17,19,13,16,11,13,15,11,20,11,20,14,16,13
15,16,20,15,20,19,13,17,13,15,13,18,16,19,17,17,14,19,18,20,16,20,13,15,12,15,11,15,10,18,13,10,19,13,10,11,20,17,11,16,20,14,15,16,10,13,16,13,14,20
17,12,13,13,13,10,11,17,18,12,14,19,16,18,12,12,10,20,19,15,14,20,19,17,16,10,20,17,18,11,18,14,19,18,19,17,13,17,16,15,18,14,15,17,15,20,11,14,19,17
11,19,11,16,12,14,15,10,20,17,12,16,20,14,20,17,11,12,15,20,15,10,16,15,19,16,13,13,16,12,15,15,15,14,13,13,10,11,17,20,18,19,10,11,11,20,11,19,17,20
19,14,11,16,18,18,14,19,11,20,14,10,10,13,11,15,15,20,16,20,13,18,16,10,18,12,17,13,10,13,19,12,16,16,10,15,14,11,12,10,11,16,19,13,13,17,18,19,17,18
18,11,16,16,20,13,14,14,11,17,17,14,15,16,19,15,18,14,10,15,19,20,18,17,10,12,18,15,20,11,13,19,20,10,11,17,12,19,20,12,13,20,11,10,20,15,17,11,16,19
16,13,14,11,11,16,16,11,20,19,10,15,14,17,11,10,11,14,18,13,16,16,20,14,16,19,10,17,12,14,15,13,20,13,11,10,10,19,10,13,20,20,13,18,16,14,17,19,14,13
20,20,15,20,17,10,15,20,15,19,12,18,17,14,20,19,12,19,13,15,11,11,13,11,13,13,20,19,11,13,19,16,18,19,11,14,15,19,11,12,14,13,16,14,12,17,18,17,14,19
20,20,20,11,11,18,15,14,19,14,13,20,12,14,14,11,13,18,14,19,20,18,17,13,13,13,16,17,12,19,11,18,16,16,16,15,17,16,18,17,13,16,19,14,19,14,12,11,18,17
15,10,10,16,10,12,17,19,15,20,12,15,13,14,16,19,12,18,13,15,18,10,12,20,17,17,19,19,10,16,17,13,16,11,11,11,12,10,20,18,11,15,16,20,17,20,18,18,14,10
18,11,12,15,14,14,19,10,10,10,13,10,17,16,13,15,13,10,19,20,11,16,10,19,19,11,20,11,10,18,18,14,18,20,20,19,15,18,16,10,18,17,14,10,17,20,16,11,16,12
10,19,20,17,11,19,19,11,11,11,18,12,17,11,14,12,18,16,12,19,17,16,20,14,18,19,15,18,12,12,18,12,14,14,11,17,10,19,17,15,11,10,17,10,15,20,10,12,14,19
17,16,13,11,15,13,10,20,13,18,13,17,19,20,16,13,17,16,19,13,18,19,18,13,13,14,11,20,15,13,19,12,13,15,13,12,19,16,12,14,19,14,13,16,16,10,19,20,15,10
11,18,13,11,11,18,16,12,10,17,10,13,11,11,16,10,20,10,17,17,15,13,13,19,20,20,13,15,18,19,12,14,10,17,18,11,11,18,15,11,18,14,11,12,19,17,15,12,20,19
11,14,17,17,12,13,14,13,10,15,16,15,16,19,19,15,19,12,18,14,18,13,18,19,20,11,20,12,14,16,16,13,12,19,16,19,11,19,12,17,11,19,20,14,17,19,13,14,20,12
14,13,17,13,10,13,15,11,16,20,18,13,12,12,15,11,17,12,17,20,17,20,11,10,13,19,18,10,14,11,14,13,16,16,12,13,14,10,16,14,16,14,12,14,20,19,18,14,16,14
10,19,20,15,14,15,14,14,17,13,12,20,12,13,14,11,16,19,11,20,13,14,10,15,16,11,20,19,11,18,14,14,14,20,20,16,19,12,18,10,15,16,20,15,20,10,15,19,19,12
16,13,13,16,13,13,17,10,16,11,17,10,11,17,18,10,12,12,19,20,16,10,16,16,12,10,17,20,19,11,15,15,14,19,18,19,14,18,18,20,20,18,12,13,17,18,12,12,14,14
19,10,13,13,16,14,18,20,13,10,18,17,13,11,11,17,20,15,17,19,13,19,11,19,10,13,20,12,18,13,11,12,14,15,20,10,14,19,11,12,14,18,19,19,18,18,13,11,12,18
13,19,10,19,10,15,10,13,16,20,20,13,14,11,13,13,12,11,19,19,17,11,11,13,20,10,12,11,11,16,14,15,14,12,15,13,20,19,18,12,13,12,19,10,11,17,13,12,20,18
17,14,10,15,13,18,13,14,11,14,17,16,13,12,20,20,13,16,13,11,13,12,10,10,17,13,14,13,18,19,12,14,19,18,17,20,14,20,18,12,15,19,10,16,14,13,15,13,18,19
15,17,12,17,19,10,10,14,18,16,18,19,19,12,17,10,12,17,13,15,19,16,19,20,19,10,14,13,17,11,19,13,10,16,19,17,14,20,12,16,10,13,12,20,12,19,17,12,18,18
18,13,17,17,19,12,16,15,10,17,20,11,14,20,12,14,13,16,11,16,15,17,12,19,19,15,14,15,11,19,20,17,17,13,18,12,19,15,10,12,16,14,11,17,20,16,12,11,15,12
12,18,19,19,10,12,14,20,15,10,13,12,13,13,18,20,11,13,13,20,18,16,13,14,12,10,13,15,18,14,10,16,18,14,19,20,17,19,12,10,11,19,15,11,18,16,12,13,14,16
14,16,18,19,10,20,12,17,11,18,20,16,15,15,11,13,20,15,19,13,14,10,17,11,15,19,10,15,10,18,18,14,10,12,20,16,19,16,18,14,10,12,13,19,11,13,20,16,17,11
12,18,14,11,20,12,11,10,10,12,15,18,11,10,15,20,13,10,16,12,14,17,14,16,15,19,14,17,11,17,12,12,18,14,13,12,16,18,15,10,16,14,13,17,10,13,15,10,18,17
14,11,17,13,15,19,17,17,20,19,14,13,11,16,14,11,14,11,18,18,12,15,10,18,12,13,19,17,19,18,13,12,18,16,11,17,11,17,20,17,18,18,18,10,11,14,19,11,16,13
11,19,11,15,10,20,10,17,14,18,20,17,19,18,16,16,20,11,15,20,16,15,15,20,11,10,17,20,15,16,20,10,10,16,12,18,19,20,20,20,16,14,17,12,10,13,14,15,18,14
14,12,15,20,16,11,15,14,20,12,12,20,12,11,19,18,15,15,17,13,18,17,18,20,12,15,19,12,14,13,17,20,10,16,18,13,10,14,20,17,14,17,16,10,12,17,15,11,18,12
13,15,19,14,15,14,15,10,10,18,13,18,15,15,17,20,15,13,17,11,12,11,16,19,20,12,17,14,11,13,11,15,17,15,12,17,17,11,20,10,18,15,12,20,11,15,16,12,11,13
15,10,10,19,17,20,15,17,10,18,20,14,18,16,18,19,14,13,15,19,12,15,16,18,10,12,15,16,19,14,18,16,11,10,12,20,15,19,13,11,10,18,16,14,19,13,11,11,19,14
18,11,16,16,18,10,11,20,11,13,20,17,11,20,19,16,14,17,11,10,14,20,19,13,14,11,18,17,15,19,16,20,12,11,12,18,12,19,18,12,17,17,20,10,18,16,14,19,18,10
10,17,19,12,15,11,16,20,10,10,10,17,19,15,17,20,18,16,17,20,13,18,13,20,15,18,16,20,17,13,18,13,16,12,18,10,11,17,19,17,16,20,14,19,13,17,18,12,16,10
10,16,11,15,19,18,19,12,10,17,15,16,12,14,16,20,14,16,14,15,20,19,17,16,15,13,14,10,11,19,14,14,11,19,14,17,12,14,10,17,10,16,10,18,10,18,15,17,13,18
10,19,17,11,15,13,20,19,20,20,18,13,16,17,11,15,11,13,14,19,14,13,12,12,18,15,13,19,19,11,16,18,19,16,11,14,11,20,13,11,19,14,18,10,16,19,14,19,20,20
11,10,16,12,13,15,18,15,14,19,15,17,19,14,20,14,18,13,17,13,20,14,12,11,16,12,17,11,19,13,12,16,19,14,16,20,11,17,17,10,20,16,20,15,14,16,12,10,10,20
18,13,13,17,16,11,12,12,11,19,10,20,12,10,17,14,20,18,12,11,12,18,17,15,10,10,11,17,13,14,12,16,11,14,20,19,13,11,12,17,17,18,15,11,13,15,14,15,10,17
13,12,11,10,10,15,18,14,12,16,12,10,14,17,17,16,19,12,18,17,19,13,18,13,14,10,17,15,10,10,14,19,13,20,13,13,18,15,11,15,14,16,17,15,19,20,10,13,18,15
19,10,12,10,16,12,10,15,11,18,17,11,19,18,18,17,14,16,10,15,17,13,18,12,20,15,15,18,10,14,20,19,14,15,16,13,10,15,15,10,15,11,17,16,14,16,16,10,10,16
15,12,13,16,20,10,16,16,14,10,11,17,10,20,13,10,12,18,20,17,17,14,12,14,13,13,16,13,16,17,11,14,17,12,15,14,10,18,19,11,10,11,18,13,14,15,10,10,12,14
17,18,17,15,17,10,12,10,18,18,14,16,16,20,10,16,13,13,11,11,10,15,20,10,10,20,18,15,16,11,14,15,17,11,19,11,20,10,10,10,12,10,16,10,18,16,19,12,11,15
11,12,10,19,11,13,19,20,16,18,14,16,13,15,17,11,12,15,16,14,13,13,13,20,13,19,13,16,14,17,10,17,16,12,19,19,11,15,12,10,18,20,17,15,20,14,19,11,19,10
18,13,16,14,19,12,17,10,11,11,18,12,13,18,13,11,16,17,15,18,14,20,11,10,11,18,15,10,17,16,19,16,11,10,14,13,19,18,13,16,15,10,10,13,20,10,15,11,19,11
14,18,20,16,10,13,14,16,17,13,14,20,12,13,13,13,17,19,16,18,15,12,18,11,13,19,11,10,20,18,11,17,20,17,10,11,15,17,12,18,15,13,17,13,12,12,20,10,15,19
16,16,20,18,19,13,11,17,12,15,16,17,19,17,17,16,12,13,18,13,13,17,10,18,14,16,18,10,16,19,14,10,19,11,14,20,10,18,18,15,20,20,12,10,11,11,17,15,14,18
19,19,20,20,17,11,11,12,17,18,11,17,10,13,14,19,10,20,16,11,13,20,12,15,13,19,16,12,13,16,11,18,12,17,12,19,15,15,11,16,20,16,16,20,16,14,19,13,14,14
10,10,13,10,17,15,19,20,14,17,20,20,13,16,17,14,18,14,19,16,10,13,17,15,19,16,13,15,20,20,18,14,10,17,14,16,11,19,20,20,15,20,20,11,17,16,11,15,15,13

The sequence dependent setup time of each job processed on machine 3.
(Where rows denote jobs: 1 to 50 and columns denote jobs: 0 to 50.For example:The value of Sijk is in row j,column i+1.)
12,14,19,12,17,18,13,19,13,10,20,16,13,14,19,20,20,11,14,10,14,19,12,14,19,16,13,17,12,14,10,14,18,14,13,15,11,16,17,13,13,14,19,19,19,10,12,16,15,12
17,12,18,19,13,16,13,18,19,15,15,11,15,20,14,20,20,16,11,10,20,19,14,17,12,17,13,10,17,12,10,12,11,18,14,15,15,11,18,10,15,19,16,10,10,13,13,13,19,18
18,20,17,19,10,16,17,20,18,14,20,10,12,11,20,12,18,12,18,19,13,20,11,17,18,13,15,14,15,13,10,10,17,17,13,16,20,19,15,17,17,17,13,10,19,10,19,19,17,14
15,14,14,13,14,14,17,11,13,19,14,10,13,15,18,11,19,11,11,20,19,11,16,20,11,18,20,18,15,15,16,17,16,11,18,19,19,16,12,13,15,19,16,10,15,11,20,17,18,14
14,20,11,20,20,17,11,13,17,12,12,13,16,12,11,18,17,20,20,15,13,13,19,14,11,19,16,12,19,15,18,13,10,12,10,13,14,19,18,17,16,16,14,18,17,17,11,16,13,10
10,14,16,19,12,16,13,18,10,11,11,16,20,17,15,14,20,12,12,17,19,13,20,18,19,16,12,19,16,19,14,17,14,20,12,14,11,12,13,10,17,11,10,16,10,15,11,20,17,15
14,11,14,19,18,19,14,20,15,12,19,13,14,14,11,15,16,13,12,17,20,10,13,20,15,11,19,17,11,15,13,17,20,16,15,17,19,16,13,16,17,18,17,12,14,14,11,13,14,16
17,16,16,13,15,11,11,12,17,18,18,18,19,20,20,17,16,15,12,17,18,15,10,12,12,17,17,20,13,16,11,17,20,17,10,16,11,16,17,11,15,17,20,12,13,17,16,18,19,18
14,19,20,19,10,14,20,13,19,17,14,12,14,16,15,14,10,16,14,20,16,18,12,10,11,14,15,15,20,17,11,11,14,15,10,12,15,14,15,13,13,11,12,13,12,18,18,16,13,17
11,10,12,12,13,12,14,17,18,17,20,13,20,10,15,19,15,20,16,14,15,13,13,15,19,14,11,10,16,14,15,15,10,11,14,10,17,18,19,17,19,17,13,14,11,17,19,17,10,10
14,11,17,19,18,13,17,17,12,15,19,20,18,12,17,13,16,10,11,11,20,11,18,12,11,16,10,11,12,19,18,13,18,16,10,17,11,10,20,17,10,20,20,11,19,19,16,10,20,20
11,10,20,18,20,13,17,13,18,14,14,14,10,19,13,12,17,19,14,11,10,12,17,14,12,19,18,17,15,15,15,17,13,16,11,17,16,17,19,17,18,20,15,14,12,19,14,13,13,16
10,20,17,13,18,12,10,17,18,11,14,10,14,14,16,17,11,16,13,16,17,11,14,11,14,19,15,17,17,19,10,13,17,17,19,20,20,18,19,10,11,10,13,13,13,13,18,17,10,20
16,10,15,15,20,16,12,10,18,18,15,15,13,11,17,11,12,19,12,19,20,17,14,20,17,16,19,16,10,20,20,19,10,11,19,19,17,12,17,17,18,13,14,11,14,15,16,10,20,15
16,12,12,10,15,12,15,11,12,15,13,12,14,15,19,12,13,19,14,15,20,20,11,14,11,18,14,15,16,10,14,15,15,16,16,16,16,11,11,12,12,10,10,20,18,15,18,14,20,10
11,19,10,17,14,10,15,17,18,14,20,14,14,16,19,17,16,13,14,17,20,17,15,19,13,10,14,10,17,16,11,20,20,15,12,18,20,10,10,18,15,10,13,13,17,13,11,18,10,18
10,12,18,12,17,16,14,19,19,12,20,20,20,17,18,20,11,17,10,18,18,15,13,20,14,17,11,12,10,15,20,10,14,11,14,12,14,20,13,18,15,20,11,19,20,11,18,10,11,20
14,10,14,14,16,12,10,10,14,10,11,12,16,19,17,17,13,13,15,10,20,17,13,10,16,15,18,19,16,13,19,11,19,12,14,16,19,11,19,20,19,18,18,18,12,14,11,12,15,14
11,14,15,12,18,14,11,18,18,12,19,12,18,20,20,18,16,14,19,19,14,20,20,10,15,17,18,13,16,11,15,13,11,12,15,20,14,17,10,19,13,16,10,20,11,17,11,13,11,20
16,18,18,12,12,15,16,13,18,20,19,20,12,11,17,11,20,11,20,14,13,12,20,17,13,19,12,13,20,18,19,10,14,15,11,18,10,11,19,15,20,15,17,19,14,20,12,15,19,18
14,20,10,15,12,20,15,19,12,16,11,13,12,13,19,16,19,16,20,16,17,11,17,12,10,18,15,16,10,19,11,17,17,20,12,18,20,15,12,19,18,19,20,16,18,18,19,16,11,16
19,17,11,17,20,15,11,10,13,19,11,19,19,13,20,14,13,14,16,15,16,13,18,10,14,14,17,19,18,19,15,19,12,19,19,19,20,20,14,15,19,17,16,20,16,12,16,13,16,10
12,14,17,19,20,17,13,18,20,13,18,12,17,18,16,13,11,17,12,18,12,20,18,20,16,15,18,10,16,15,16,11,11,11,12,19,17,13,10,13,20,14,15,13,17,17,19,20,10,11
17,13,16,20,12,13,20,17,17,12,10,12,18,18,13,20,13,14,19,18,15,10,17,13,14,19,12,14,20,16,13,18,10,12,15,13,11,10,14,18,19,20,14,20,16,16,18,19,13,18
15,13,13,15,18,19,19,17,10,20,16,14,17,11,12,14,17,20,17,18,15,10,12,20,10,17,18,14,16,17,16,13,20,19,17,17,17,11,16,19,18,10,14,16,12,11,15,13,10,15
19,13,10,14,13,14,12,18,16,13,10,18,20,15,14,20,15,16,17,15,12,16,19,20,14,13,20,16,18,12,18,15,12,12,19,12,11,19,16,14,14,13,10,15,10,11,18,18,10,20
18,10,18,20,13,19,11,20,11,12,18,20,19,12,15,14,13,20,11,19,17,11,18,17,18,12,18,19,18,16,20,15,14,20,18,13,12,11,12,10,13,11,13,11,10,20,17,11,11,20
13,15,11,20,18,10,14,11,18,12,10,12,20,15,11,14,15,19,11,12,17,18,13,14,13,16,13,17,13,15,18,16,11,19,17,20,19,17,10,10,19,16,20,13,17,15,13,15,12,14
12,12,11,10,15,15,13,12,15,11,11,13,14,18,10,11,14,17,14,20,16,10,10,17,15,18,13,19,14,17,10,10,16,14,19,12,12,12,12,12,13,16,10,19,17,20,16,15,18,15
18,11,12,19,15,17,11,10,19,19,16,12,16,20,14,16,16,13,10,16,19,14,13,16,19,12,20,17,10,20,11,19,12,20,13,13,16,20,14,11,10,10,19,11,20,18,14,14,12,13
17,18,20,15,12,16,19,11,16,19,20,17,14,15,20,20,17,15,14,12,18,17,12,10,16,20,16,11,11,15,20,13,13,10,12,17,13,16,16,15,16,17,11,19,10,10,16,12,18,13
11,15,11,18,18,10,12,15,14,13,14,13,10,20,19,14,13,20,10,10,20,17,19,19,11,13,17,16,14,16,18,19,13,16,17,13,13,14,11,10,19,12,19,12,20,12,15,14,19,19
11,18,12,13,20,14,18,19,13,17,14,12,12,13,18,20,11,20,19,20,16,12,13,11,19,16,16,17,20,13,20,10,17,12,13,20,20,17,13,17,17,18,20,12,19,16,19,11,13,14
13,19,10,18,19,18,13,14,14,10,19,12,17,14,11,15,11,17,20,10,10,10,16,11,17,20,16,10,18,16,18,13,15,16,17,15,15,15,17,20,14,17,14,16,16,12,20,12,15,14
16,13,18,20,13,15,11,18,13,18,15,18,18,11,11,20,16,15,17,11,18,17,19,12,14,14,14,10,19,19,12,15,14,10,19,19,15,11,11,15,20,16,20,14,16,10,20,10,13,20
15,13,16,12,13,17,17,11,15,10,12,12,16,14,11,20,15,10,19,12,12,20,20,16,16,17,20,10,13,10,13,12,10,18,18,19,19,15,17,18,14,18,18,10,20,11,12,18,18,10
11,19,20,19,10,15,17,14,18,11,11,16,18,12,10,10,19,18,13,15,17,10,13,10,17,13,17,20,10,15,16,13,16,18,17,15,10,15,14,14,13,13,20,18,11,10,12,11,10,15
17,15,17,14,20,10,16,16,16,13,12,15,20,15,20,10,18,19,12,15,16,15,12,19,16,14,16,10,15,10,19,15,20,15,18,16,14,10,18,15,15,15,14,18,17,11,14,10,10,17
12,15,15,20,12,16,11,20,17,20,16,12,20,17,12,13,18,19,11,16,12,11,14,11,16,17,13,15,18,17,13,12,12,12,19,15,18,13,18,15,20,12,17,11,14,14,18,17,10,14
20,10,20,20,10,11,19,17,10,17,11,11,13,20,14,14,17,20,16,18,14,10,19,14,17,17,12,10,11,14,18,14,10,10,12,18,13,20,13,15,15,10,18,18,19,17,20,19,18,10
10,15,12,13,11,15,16,20,13,16,16,15,15,13,11,19,20,15,16,15,11,12,18,10,10,16,17,13,20,15,19,14,12,17,17,13,20,17,15,12,20,19,17,15,19,16,15,12,13,16
16,20,11,12,20,20,16,18,18,20,14,16,20,10,18,15,11,11,20,15,11,14,19,13,14,10,16,10,15,18,20,10,11,12,12,15,15,12,18,18,13,16,20,17,13,19,12,10,19,12
14,15,13,14,11,17,13,18,15,14,17,14,15,19,13,14,13,12,11,20,13,10,16,16,19,11,15,10,12,20,19,18,10,16,19,16,15,17,12,16,19,10,16,12,13,16,16,18,13,17
18,18,13,13,14,13,14,10,15,16,11,18,14,10,20,19,19,13,14,10,18,20,10,17,12,10,10,20,10,11,11,15,14,16,16,17,15,14,18,12,19,13,14,12,15,14,13,17,19,19
12,11,11,18,11,11,12,14,15,17,17,20,13,12,11,18,17,14,20,19,13,15,16,17,12,14,17,11,10,13,16,19,20,16,10,12,20,19,10,20,11,11,10,17,16,17,19,20,19,17
16,11,16,10,16,12,18,19,13,20,17,16,15,18,20,19,20,18,11,20,12,17,12,14,11,18,11,11,17,10,18,20,16,17,11,17,18,12,19,19,17,20,16,18,19,13,14,12,18,17
13,14,18,12,17,19,18,20,18,15,20,19,19,10,10,10,14,16,18,14,10,18,11,10,14,17,20,20,19,14,20,14,12,11,18,15,20,15,12,10,11,20,10,15,20,12,19,18,13,19
11,10,16,20,17,14,14,16,15,10,15,20,16,19,15,14,15,15,13,17,17,12,14,15,15,10,18,18,16,19,13,11,11,17,17,15,10,12,20,15,13,19,18,18,12,13,16,16,15,13
15,17,17,14,11,19,19,18,16,19,15,19,13,12,11,14,20,20,18,13,18,10,10,19,15,19,13,20,16,12,14,14,19,17,13,10,12,13,10,19,13,12,10,10,12,18,10,18,12,11
16,12,13,12,20,12,12,15,15,11,15,10,20,11,14,15,14,18,18,11,10,17,11,20,19,18,10,13,12,11,17,11,19,17,17,16,18,11,10,14,20,15,16,15,17,10,17,13,14,14
11,19,19,20,16,18,12,16,16,16,12,14,16,18,17,13,11,10,13,18,19,19,10,15,19,14,18,14,18,16,15,20,11,10,16,15,14,15,19,14,11,19,19,20,17,12,15,15,10,14

The sequence dependent setup time of each job processed on machine 4.
(Where rows denote jobs: 1 to 50 and columns denote jobs: 0 to 50.For example:The value of Sijk is in row j,column i+1.)
15,12,11,14,20,11,18,19,13,13,12,18,16,10,13,14,17,18,15,16,12,20,16,17,10,18,18,13,18,17,19,12,17,10,14,20,19,16,10,10,12,14,17,14,19,19,14,13,15,20
11,18,20,10,19,16,19,11,15,19,10,15,10,16,11,18,20,14,15,19,17,13,19,15,10,13,16,16,19,15,20,19,16,16,13,16,12,18,13,20,10,11,11,12,20,14,19,20,20,10
19,13,18,19,10,10,15,18,14,15,17,17,19,20,18,16,18,16,19,20,20,14,10,20,10,20,13,20,16,11,20,20,20,17,19,15,13,16,19,10,18,19,16,19,16,19,14,18,19,16
20,18,14,11,14,16,16,20,15,19,13,18,19,18,11,14,13,18,12,19,10,18,15,10,13,19,19,15,13,20,17,19,13,16,13,13,19,15,15,20,13,20,11,16,15,13,18,10,17,10
15,13,11,12,19,17,18,20,15,13,19,17,19,13,13,14,15,12,17,18,11,13,12,17,19,18,18,14,19,18,11,13,16,12,20,15,11,16,12,17,14,20,16,20,19,16,16,13,17,16
11,10,12,14,16,17,10,11,10,18,13,12,11,18,12,16,19,14,10,20,13,15,12,10,19,10,17,15,15,17,17,12,17,15,10,20,15,17,10,12,13,17,16,10,14,20,16,15,16,11
11,13,16,10,20,10,11,14,13,14,20,13,13,10,11,10,14,20,20,17,11,15,18,10,17,17,15,11,12,14,12,20,17,19,17,18,16,12,20,19,14,12,14,17,13,18,11,16,13,19
10,10,12,16,13,20,10,10,16,14,18,18,20,17,18,13,20,13,12,13,17,18,12,11,14,18,17,14,13,13,10,14,11,13,10,11,10,15,12,16,14,13,11,15,10,12,14,16,16,19
17,13,20,15,13,17,18,15,12,12,16,12,13,15,13,18,13,17,11,10,10,18,14,10,10,15,11,20,18,11,15,17,11,18,17,16,12,17,15,20,20,17,10,18,13,10,10,14,10,12
15,20,14,13,10,19,19,11,17,18,12,17,14,20,19,20,18,15,18,17,11,11,11,12,17,16,16,11,16,13,11,17,15,10,16,15,12,14,10,17,17,20,20,19,12,10,12,13,15,15
20,17,10,17,10,12,18,12,20,16,11,11,18,12,12,17,15,15,16,20,11,11,20,20,20,10,12,11,17,20,10,16,18,20,15,12,16,10,20,15,20,16,19,14,18,13,17,17,20,16
12,10,19,10,20,20,16,11,19,10,17,11,15,10,15,16,18,11,17,17,11,16,16,13,17,11,17,13,19,10,10,19,17,18,18,15,10,17,20,19,17,17,15,17,12,14,19,15,16,16
18,12,12,10,14,18,11,20,18,19,18,19,10,16,19,11,14,15,14,15,20,11,11,17,18,10,11,14,14,12,14,17,11,14,13,15,19,17,10,16,11,11,17,16,11,16,19,14,10,20
19,16,20,10,20,10,13,10,18,14,19,18,11,14,16,12,18,16,20,12,15,16,13,17,11,17,13,10,18,11,19,14,15,16,20,14,16,15,12,12,11,16,20,19,11,16,17,13,19,20
10,10,17,14,12,20,15,14,20,13,10,20,15,12,18,11,18,14,16,11,13,12,16,13,10,16,19,14,11,12,10,14,12,19,17,16,14,10,17,17,11,14,13,13,14,15,11,17,11,17
14,18,17,14,18,16,17,17,19,20,11,12,10,11,19,19,19,15,17,19,10,14,13,18,19,20,17,17,17,16,15,16,20,12,12,19,20,15,15,10,11,15,10,14,18,12,16,17,15,18
15,19,16,14,14,10,19,16,12,15,19,20,12,11,10,12,11,15,11,17,10,12,20,12,18,17,12,13,20,10,12,12,12,19,16,12,19,17,17,12,20,16,18,20,11,20,20,10,19,10
18,11,16,16,18,18,14,19,11,15,15,17,12,14,15,11,17,15,17,10,15,12,14,14,10,16,16,20,16,11,18,18,13,19,10,13,14,10,16,20,18,14,11,11,20,15,12,11,11,16
13,19,14,14,20,17,11,19,18,12,12,12,18,16,15,20,13,18,16,20,12,18,19,18,16,10,14,13,18,12,20,19,15,10,19,17,20,19,12,20,14,14,12,18,16,10,19,18,19,15
20,17,14,13,12,20,20,13,16,17,20,12,17,16,14,16,15,15,11,10,17,20,16,13,15,20,13,19,17,19,19,18,16,10,13,13,14,11,10,16,18,18,11,11,20,20,15,18,18,16
11,11,18,10,16,17,20,17,11,13,12,17,20,12,17,13,16,12,10,14,11,17,13,17,17,13,11,10,13,10,14,20,19,15,19,10,13,18,16,12,19,18,20,18,11,13,17,15,15,10
16,14,18,18,13,10,20,11,15,17,10,18,12,10,19,15,12,10,18,16,11,14,15,20,18,11,15,12,14,19,14,13,16,20,15,13,15,15,19,19,19,16,20,18,14,20,15,16,13,18
18,16,16,14,19,17,19,20,14,10,19,10,15,20,20,16,17,19,20,19,10,13,20,11,15,14,19,10,11,16,15,18,18,19,19,11,15,12,12,15,18,14,12,15,10,11,11,14,17,12
11,15,14,16,16,17,13,14,12,11,11,20,17,10,10,14,14,14,18,14,10,17,18,13,16,17,12,16,18,10,14,14,11,14,20,19,13,20,12,20,14,16,15,12,19,13,14,13,14,18
14,10,15,14,14,13,13,13,13,19,20,17,20,15,14,10,10,15,12,16,16,19,18,16,10,15,20,15,17,15,20,17,17,14,15,13,15,15,15,18,18,12,18,17,19,13,16,15,19,18
12,17,15,16,12,17,20,10,19,16,10,14,15,17,10,19,11,12,11,12,19,18,19,16,16,15,16,13,18,11,13,16,19,12,15,19,15,11,18,12,12,14,19,19,14,17,11,19,19,16
16,13,15,18,17,19,16,18,10,16,17,13,20,18,20,10,19,12,18,17,14,20,18,11,12,14,12,10,20,13,19,20,10,15,19,20,11,10,19,11,17,12,16,18,16,14,18,19,14,15
14,20,19,12,17,13,12,12,10,17,11,18,16,13,16,15,17,15,15,16,16,16,15,10,17,16,12,13,16,14,15,18,15,20,10,14,18,19,14,13,20,13,15,11,16,16,15,14,13,16
12,13,20,15,15,17,18,14,20,14,18,14,10,16,12,17,20,19,14,14,20,13,19,10,19,10,17,20,17,18,14,12,15,10,14,18,12,16,15,19,15,11,15,11,12,10,19,18,12,12
11,12,17,12,12,17,20,19,15,12,16,15,17,11,19,10,12,12,11,12,19,11,20,12,18,11,10,19,18,15,16,14,11,11,14,14,11,14,17,17,12,10,15,19,11,13,20,10,20,16
12,10,19,16,19,10,15,16,14,17,19,10,15,15,15,11,19,12,20,15,12,13,15,10,12,11,10,12,13,15,14,16,20,18,15,18,17,10,16,15,10,18,12,18,20,12,19,18,15,16
12,20,17,20,14,10,11,15,12,13,10,15,17,15,20,13,18,20,15,14,14,11,15,13,20,17,18,17,19,20,13,17,12,13,20,12,19,12,17,14,12,18,14,10,15,12,16,17,13,17
18,16,10,10,12,18,10,15,20,16,17,15,13,10,11,19,13,13,15,13,19,20,14,19,10,14,14,13,19,10,16,14,11,13,15,12,10,17,15,12,12,12,14,13,18,19,18,17,13,15
14,15,16,16,15,14,14,15,20,15,10,14,13,15,12,13,12,11,10,12,13,14,13,13,14,17,19,10,17,14,16,13,17,18,10,10,15,14,11,17,11,12,11,13,11,11,19,13,16,18
15,20,17,10,16,19,20,19,20,18,15,14,19,20,11,19,12,13,15,18,18,17,17,17,20,11,19,20,17,17,13,17,17,18,12,11,16,15,17,13,13,18,19,14,17,14,10,13,18,19
15,17,13,14,17,10,15,20,20,14,19,15,15,20,18,16,15,17,15,16,15,16,16,11,16,15,13,14,13,20,12,19,14,19,16,20,20,11,16,17,12,12,13,19,16,16,20,12,18,19
17,14,13,20,15,17,20,10,18,18,13,14,13,13,11,12,12,19,12,18,15,12,10,13,16,15,15,12,18,16,14,10,20,14,10,11,20,17,12,15,11,14,14,19,20,15,10,18,14,17
15,16,16,20,18,15,14,13,19,16,20,13,19,10,12,18,19,17,16,10,17,13,19,20,19,16,18,11,10,14,14,20,16,20,20,19,11,12,12,14,14,16,10,18,17,20,15,19,20,18
10,15,11,19,15,20,10,15,13,20,16,13,11,19,12,15,17,13,13,15,11,16,10,17,11,16,14,17,20,17,20,20,17,12,14,19,14,12,10,10,16,16,19,19,11,14,18,10,18,19
10,13,15,20,10,14,18,11,16,10,16,11,12,12,16,10,10,20,10,10,20,16,14,13,15,19,15,20,11,10,10,15,12,20,17,12,15,17,16,18,17,13,17,20,18,11,10,19,19,16
11,15,13,14,10,13,18,20,12,16,15,17,16,20,15,16,14,15,16,14,17,20,17,16,12,16,17,13,18,10,11,15,15,11,19,16,13,14,13,20,15,10,18,11,18,13,15,17,14,18
10,14,20,11,17,20,10,11,14,10,16,14,16,12,19,12,12,10,15,18,19,15,18,16,17,12,17,18,17,13,10,11,18,20,13,15,20,13,19,19,10,12,15,14,15,15,19,20,16,12
16,11,20,16,14,12,17,10,15,19,13,10,20,14,20,12,12,18,16,14,16,12,16,13,13,14,18,17,20,20,16,14,20,13,11,17,19,11,15,11,19,10,10,20,10,14,18,16,15,16
20,18,16,16,18,12,14,20,11,11,10,16,16,15,11,17,16,17,17,18,16,13,12,15,20,10,12,18,12,14,13,19,17,18,13,14,12,17,11,15,20,11,18,12,14,18,20,15,13,12
18,17,14,12,13,14,17,12,10,11,12,14,19,13,14,17,17,12,10,13,17,16,13,19,10,18,10,13,20,10,15,12,14,17,17,19,13,16,17,19,20,16,20,17,16,13,16,10,11,11
17,13,14,15,12,16,17,14,15,13,18,14,11,20,14,17,11,20,16,16,10,10,10,11,20,19,14,12,15,20,10,10,19,19,19,14,16,19,10,15,16,10,18,19,10,20,14,16,19,19
18,12,10,13,19,13,12,16,11,20,19,19,20,15,14,13,11,16,11,10,11,19,13,11,20,11,19,12,11,16,18,17,16,11,14,16,10,20,14,15,15,12,12,15,13,12,15,17,14,12
18,17,17,15,12,11,16,15,19,10,14,18,18,16,15,14,19,19,18,18,20,13,18,10,12,15,15,17,19,11,12,11,19,18,19,10,16,10,10,11,12,19,18,13,11,12,17,16,18,14
15,19,16,10,10,15,18,13,11,19,19,13,16,10,20,13,18,11,18,17,19,10,19,18,18,16,12,11,18,10,17,19,17,13,15,17,12,14,12,12,11,16,20,15,11,19,17,16,12,10
18,16,20,11,11,17,16,19,20,18,10,11,11,16,19,12,10,14,17,13,17,19,11,17,16,14,19,18,16,14,17,20,15,17,13,15,20,16,20,17,16,18,11,16,14,14,18,12,10,18
19,14,15,14,14,17,20,16,14,13,19,11,16,11,19,12,11,11,14,20,11,17,17,12,15,17,10,15,20,17,19,18,20,14,17,18,19,11,12,16,10,14,19,17,10,13,19,12,20,18

The sequence dependent setup time of each job processed on machine 5.
(Where rows denote jobs: 1 to 50 and columns denote jobs: 0 to 50.For example:The value of Sijk is in row j,column i+1.)
14,10,12,11,12,14,16,11,14,14,18,18,18,11,12,11,19,18,17,13,17,14,13,13,15,15,13,16,11,17,19,17,18,11,12,12,14,12,13,13,20,11,16,13,14,20,17,10,14,16
12,16,20,18,12,15,20,14,10,18,11,19,11,17,17,17,12,19,14,10,15,10,20,14,16,17,18,15,16,19,19,15,19,15,16,20,11,16,15,15,14,19,11,11,14,20,19,12,18,17
16,18,19,15,18,15,15,20,16,16,13,18,18,17,16,11,11,18,16,14,16,14,14,10,19,15,13,11,17,19,17,19,16,11,10,14,18,12,18,19,17,17,14,12,16,18,20,18,18,10
11,17,10,10,12,10,11,11,20,14,11,15,13,15,15,14,15,19,15,12,15,19,11,17,18,14,12,12,16,17,18,17,16,19,11,19,14,20,17,18,10,13,18,17,11,18,11,17,16,20
17,12,12,14,16,17,12,19,18,18,10,14,15,19,13,20,15,13,10,17,16,20,20,13,19,13,18,10,16,12,16,20,14,12,20,15,15,18,17,16,10,17,20,18,19,14,15,10,19,15
10,10,10,17,14,16,18,14,10,15,15,19,10,19,15,17,10,18,11,12,10,19,15,18,17,19,16,12,14,16,20,18,18,17,20,18,18,13,15,12,18,19,12,17,20,12,15,11,20,12
19,19,18,16,10,17,11,19,15,14,18,16,18,11,20,20,19,15,12,14,12,13,16,13,12,13,19,18,19,19,11,17,17,16,14,13,13,19,11,18,15,20,16,19,18,18,14,15,10,14
15,16,12,17,20,13,13,10,16,10,16,16,16,13,17,13,10,11,16,15,16,12,15,13,15,16,10,13,15,13,14,20,16,12,12,13,14,16,19,10,14,19,20,12,13,17,11,17,13,17
20,20,11,14,11,20,12,14,16,20,12,10,13,10,17,18,11,10,10,16,17,13,14,11,20,14,19,17,15,17,14,15,13,16,13,17,18,15,20,14,17,15,16,10,18,15,14,10,14,16
15,12,16,18,18,12,18,10,19,16,17,20,13,13,11,15,17,20,15,13,14,11,10,16,17,19,12,16,15,17,16,18,15,18,18,18,13,12,18,10,10,16,19,18,17,18,16,15,16,11
12,15,19,16,19,17,20,12,16,15,11,15,19,19,14,11,14,12,14,19,15,19,11,13,11,20,18,14,15,15,16,17,10,16,16,16,12,12,18,13,12,17,17,13,19,13,13,16,19,17
18,15,12,17,14,18,18,13,15,14,15,18,12,16,11,17,11,16,10,16,19,18,17,12,14,16,15,16,16,16,14,17,13,15,13,17,14,10,10,11,16,17,19,18,13,19,17,19,20,11
19,11,18,14,17,10,19,11,20,18,15,13,20,13,12,15,13,11,11,18,16,18,13,12,13,20,18,14,13,10,16,11,15,10,17,12,19,20,15,12,13,16,10,10,13,17,11,17,17,13
18,20,13,19,15,12,12,20,12,20,15,12,11,17,13,15,16,19,12,13,20,12,13,18,13,13,20,17,10,12,11,14,13,16,11,14,20,14,20,11,16,13,20,14,15,16,13,11,10,11
20,14,15,18,10,12,11,12,20,14,12,14,14,15,16,14,16,13,17,19,18,13,18,12,19,16,12,10,11,10,13,10,14,19,11,12,17,10,13,18,13,16,15,20,13,20,12,16,17,17
11,19,12,19,17,11,18,14,19,16,11,20,16,15,17,12,16,20,14,18,19,17,11,14,10,13,15,14,16,11,14,14,19,17,13,12,17,12,10,19,17,17,15,18,15,14,10,18,13,11
18,10,10,12,18,17,14,13,12,10,16,14,10,10,19,19,18,13,18,10,17,12,19,15,10,13,13,17,17,14,17,20,10,19,13,16,14,10,20,11,15,10,16,14,20,10,19,15,19,11
11,11,11,13,16,12,19,20,18,13,17,20,14,14,12,16,13,13,19,15,13,19,16,11,14,20,20,19,12,13,16,20,20,11,11,18,19,20,16,11,15,11,18,13,19,17,20,19,17,17
10,16,11,15,15,15,12,18,19,16,11,18,13,20,10,16,17,16,15,11,12,20,13,19,15,13,13,13,17,12,20,11,13,18,19,13,11,14,12,12,14,20,19,12,15,15,11,12,10,12
20,14,19,20,17,19,15,17,13,10,13,14,10,16,12,17,18,16,19,12,20,19,16,10,20,20,12,18,11,18,16,12,18,17,10,16,13,15,16,11,13,13,12,10,12,13,16,13,17,14
12,16,19,11,15,13,17,13,14,18,15,20,20,18,10,10,17,15,18,20,19,13,19,16,13,19,15,10,18,20,17,11,13,11,10,16,18,18,15,19,17,19,10,12,15,11,14,13,18,18
13,11,12,19,10,12,20,18,20,12,13,17,17,15,17,15,10,18,17,15,16,10,11,13,14,14,14,13,14,17,18,17,17,16,13,17,14,15,18,14,17,12,18,11,16,12,15,19,12,14
19,18,18,10,10,11,11,12,11,19,12,11,11,19,11,14,17,12,19,14,10,14,18,12,19,19,13,16,14,11,10,19,14,20,19,16,11,11,13,13,20,14,13,18,16,12,13,11,20,13
14,16,15,14,13,15,11,16,18,10,17,18,20,20,16,20,18,15,17,17,16,19,10,14,14,18,13,16,11,12,11,13,14,10,18,13,12,18,19,11,17,16,13,17,17,11,17,17,17,19
10,17,13,16,11,13,11,11,10,20,18,13,13,16,17,16,20,16,15,17,17,10,12,19,16,19,17,16,13,15,10,18,13,13,16,10,15,18,13,20,19,17,12,10,18,11,13,18,13,16
10,19,11,10,11,10,14,16,13,20,19,20,15,10,12,15,16,15,12,18,14,14,15,10,12,10,15,11,16,11,10,17,15,18,10,18,11,20,17,13,10,12,18,11,12,11,17,15,16,10
15,10,13,20,11,12,17,15,11,14,13,14,16,10,16,20,13,11,13,12,16,18,11,11,19,14,12,16,11,13,15,10,11,14,11,18,13,10,19,20,16,13,10,20,11,11,17,18,13,18
12,10,19,17,20,16,11,13,20,18,11,13,14,16,17,15,10,10,13,17,17,15,14,10,11,17,10,13,16,14,16,19,10,14,11,13,10,14,17,16,16,16,19,15,13,18,12,13,20,10
19,12,10,20,20,17,18,19,19,13,15,15,15,16,15,18,13,15,11,11,13,12,19,19,10,10,14,10,15,17,15,15,16,16,18,17,13,11,12,19,19,17,10,10,19,19,18,16,17,11
15,19,18,17,15,13,10,12,17,10,13,17,20,17,16,19,16,15,16,17,11,10,15,19,15,20,19,13,15,11,16,13,13,10,16,10,15,17,18,20,16,10,19,18,13,16,16,15,13,10
19,18,18,16,18,17,16,15,18,13,19,15,11,17,12,13,10,20,10,20,19,13,16,17,11,13,14,11,16,20,13,19,19,17,11,18,12,17,13,19,14,10,18,18,19,18,19,19,16,18
14,19,20,19,14,18,15,14,12,20,15,13,10,11,13,17,12,14,16,17,17,14,10,19,12,20,20,13,13,20,14,20,11,18,15,16,10,13,20,11,12,16,12,11,15,14,14,15,18,17
13,17,20,20,11,12,12,16,13,11,15,18,12,18,16,12,10,15,14,14,16,11,20,17,15,11,13,18,18,12,18,11,17,13,11,13,13,19,12,17,10,20,11,19,13,14,12,10,13,18
15,12,17,19,16,10,20,11,16,16,18,10,19,10,20,15,12,11,16,19,17,12,17,17,12,14,16,20,16,20,12,15,11,10,20,20,17,15,20,15,17,15,16,11,10,13,15,15,12,13
15,20,17,19,18,12,13,15,10,15,20,16,11,12,11,12,18,15,16,10,14,13,15,12,20,18,10,16,18,17,12,12,14,11,13,20,16,13,14,17,10,13,13,18,11,14,20,20,20,17
19,17,17,20,15,12,12,11,20,14,15,13,12,19,12,18,10,14,18,15,13,13,14,19,19,14,14,19,18,12,19,13,20,20,15,20,16,19,12,12,20,13,11,14,14,15,20,17,14,18
17,13,20,18,14,17,18,11,19,18,20,15,11,18,14,19,17,19,16,14,11,13,11,14,16,20,19,16,11,13,12,20,12,14,19,15,18,12,18,16,20,20,14,19,19,17,19,20,11,11
19,15,18,10,16,19,11,15,12,15,17,12,10,10,17,16,14,10,19,14,14,15,19,15,17,17,18,14,10,20,13,10,10,10,11,20,11,10,20,10,15,11,20,17,15,20,11,14,15,14
12,15,13,19,13,16,13,18,20,16,19,11,14,19,15,11,10,12,12,20,10,16,14,18,16,13,16,13,19,18,15,19,12,20,19,17,11,13,20,19,15,19,14,10,19,20,20,11,16,12
18,14,20,14,10,13,18,20,12,18,18,19,15,14,19,12,20,17,17,10,10,18,14,14,11,16,13,20,16,12,14,15,20,15,15,15,16,14,14,17,13,11,13,13,10,19,14,10,12,12
16,15,19,18,10,18,16,18,20,12,16,17,16,19,17,13,10,19,20,17,18,18,13,19,15,20,12,19,14,19,20,18,19,19,18,15,11,17,19,14,11,10,12,18,16,16,13,17,13,13
10,12,12,11,14,12,18,13,20,13,10,18,16,19,17,14,17,14,16,10,17,19,14,17,15,13,13,16,14,17,14,12,15,16,11,15,19,13,19,16,17,13,13,10,15,17,15,14,19,16
18,18,12,10,19,18,14,17,17,12,14,12,10,18,16,11,15,11,16,18,11,16,13,15,11,16,10,17,15,12,15,18,14,19,16,16,16,12,13,13,14,15,20,19,16,16,10,14,12,20
15,14,15,15,17,17,18,17,11,10,11,18,13,17,18,13,12,13,19,18,11,20,20,20,20,12,12,17,15,11,17,13,19,13,17,11,15,17,19,13,18,18,10,17,13,15,13,13,11,19
16,13,11,17,12,12,15,14,13,11,14,16,15,16,13,10,16,18,15,10,11,17,18,12,11,15,12,12,10,10,10,16,20,19,13,14,18,13,15,20,15,16,18,11,10,11,19,20,13,14
10,16,18,18,15,16,11,12,13,13,20,19,13,16,13,10,15,10,13,11,10,16,18,15,10,14,10,10,17,11,17,12,10,12,11,20,19,20,19,11,16,14,11,14,19,13,12,18,14,18
16,18,12,18,12,13,16,17,20,18,20,13,10,16,10,17,16,10,19,20,14,18,13,12,20,14,19,14,17,12,13,10,13,11,16,14,10,10,13,11,17,17,14,14,12,17,11,20,11,20
12,17,20,17,18,20,15,10,13,14,15,15,14,18,19,16,10,12,11,14,11,16,10,16,17,14,18,17,15,18,15,12,20,11,10,18,14,20,15,12,15,17,17,18,11,11,11,13,13,14
10,20,17,18,12,17,15,10,10,16,17,13,19,20,17,13,17,11,10,12,13,11,12,20,16,10,15,14,20,20,11,20,16,16,14,19,17,10,16,19,10,15,10,19,20,20,18,14,20,17
17,12,15,15,19,10,16,18,17,18,11,20,16,16,13,16,10,11,13,16,18,19,11,20,11,14,11,13,11,15,18,17,11,15,20,20,10,12,20,17,19,15,11,10,12,17,11,10,18,20
16,11,16,17,17,16,18,18,10,10,12,13,14,10,19,13,12,17,12,15,11,20,14,13,10,17,17,10,19,14,14,20,17,18,17,14,14,20,13,18,14,14,15,15,16,17,17,14,10,16

The sequence dependent setup time of each job processed on machine 6.
(Where rows denote jobs: 1 to 50 and columns denote jobs: 0 to 50.For example:The value of Sijk is in row j,column i+1.)
13,11,20,10,11,20,14,17,15,13,13,13,10,19,18,11,17,16,17,19,16,11,13,11,14,19,13,12,18,14,19,13,19,16,20,17,13,18,12,13,12,10,13,13,11,18,12,16,11,17
12,17,15,13,19,16,19,19,18,13,17,17,11,20,16,18,13,20,16,19,18,18,12,20,16,17,14,17,14,10,17,18,14,13,10,11,14,12,16,10,11,13,20,15,10,16,19,13,14,17
11,16,17,19,20,18,12,12,15,20,10,15,19,10,10,19,11,16,14,19,20,14,16,16,10,15,13,20,18,12,13,13,12,14,10,11,10,19,15,14,18,17,19,12,17,17,20,12,18,19
18,17,17,10,16,13,17,20,11,10,14,14,20,20,20,13,10,20,20,10,15,19,14,17,12,20,17,16,19,19,17,12,20,12,10,13,16,18,19,12,16,11,20,12,20,18,20,17,20,10
10,17,20,13,20,18,13,19,15,15,11,12,12,16,20,11,20,13,17,18,14,20,17,10,10,20,13,17,15,19,19,19,13,12,19,16,18,13,10,17,19,10,14,14,20,19,16,19,16,18
12,10,17,14,10,19,16,20,11,13,10,20,10,14,16,13,16,13,15,12,11,19,14,16,19,11,19,20,13,15,10,16,20,18,11,13,20,15,10,16,10,13,13,13,15,17,14,16,19,18
19,11,10,11,16,16,14,17,19,14,14,10,11,10,15,17,11,18,20,19,19,11,17,16,19,17,20,16,16,20,13,16,11,10,14,13,10,12,12,14,10,20,18,18,16,18,19,15,10,15
19,14,17,15,12,16,19,10,19,10,16,12,16,17,10,18,16,17,17,20,16,16,17,13,14,13,11,10,11,15,13,12,12,12,18,20,11,19,15,17,14,14,11,17,18,18,14,12,10,18
11,10,17,14,18,13,19,15,10,11,19,14,17,16,13,10,13,13,19,12,12,18,14,20,19,13,14,12,11,13,16,17,11,16,18,11,15,12,14,12,20,17,17,15,20,17,18,19,10,16
11,11,14,11,16,15,12,12,16,16,18,20,10,14,14,17,14,18,12,17,20,17,19,12,11,15,16,13,10,17,10,18,20,18,15,13,12,18,20,12,10,13,13,12,19,13,12,12,18,12
12,18,18,18,10,11,10,14,12,17,15,16,16,20,14,12,15,18,14,19,17,16,19,17,17,12,11,17,10,15,15,16,20,12,19,19,12,14,17,16,19,14,18,15,15,16,10,20,15,18
15,14,16,10,20,16,14,20,20,19,20,17,17,12,12,19,17,20,13,13,10,11,20,15,20,20,17,10,19,14,14,15,19,14,20,18,13,18,16,13,20,20,14,16,10,20,19,15,20,10
11,20,10,18,17,12,16,10,12,17,18,17,19,13,17,18,17,18,15,11,14,14,10,19,11,13,19,11,14,15,14,15,18,17,18,20,16,17,10,15,13,19,11,16,11,11,17,15,15,20
20,17,14,14,18,16,18,10,17,13,17,12,18,15,15,10,19,20,14,20,13,18,17,16,10,16,13,20,19,16,10,16,20,20,14,12,10,17,13,10,20,19,18,17,20,10,14,18,11,16
20,14,10,17,10,15,17,16,16,14,12,18,16,12,11,10,17,18,10,18,15,18,19,11,18,18,20,10,19,17,10,14,13,15,15,12,15,19,15,17,10,19,13,19,16,15,14,12,20,17
10,19,16,20,12,11,10,18,16,11,10,20,19,15,18,13,11,14,18,10,16,12,15,18,13,17,16,10,16,18,16,20,12,16,19,20,15,13,18,11,14,14,13,18,10,12,11,11,10,18
18,11,18,12,15,19,11,10,15,11,16,19,12,20,12,18,20,16,15,20,12,17,16,13,13,13,14,15,17,20,13,16,18,20,20,14,15,17,18,17,17,19,14,10,20,14,16,16,19,10
15,11,10,12,10,17,12,15,10,14,20,16,18,16,13,16,19,14,13,10,19,11,18,15,16,18,16,17,18,12,10,10,15,14,12,11,11,16,18,10,18,14,10,12,10,11,16,17,17,19
16,16,16,18,14,14,16,10,11,11,12,12,12,15,15,20,20,15,16,16,11,18,12,15,19,13,11,12,20,17,11,11,12,11,18,10,13,12,16,13,20,11,15,10,18,11,20,18,20,11
13,16,15,12,19,13,17,11,19,16,18,16,16,15,20,17,10,20,14,11,13,20,20,16,11,20,10,12,10,20,18,18,11,14,18,15,19,17,17,15,10,11,11,12,18,12,11,17,19,15
12,16,16,14,20,20,15,14,17,15,13,12,19,16,16,10,13,18,16,17,16,12,16,11,14,19,15,11,10,12,14,12,17,15,20,19,16,12,10,12,13,11,17,17,20,10,16,11,15,18
10,10,12,20,16,20,11,18,13,15,20,19,14,18,18,15,16,12,10,20,18,10,17,19,14,11,10,14,20,16,16,16,10,16,17,15,16,18,17,11,11,19,13,17,13,17,11,12,14,13
18,11,12,20,16,19,11,19,10,11,19,15,12,11,15,12,17,20,14,13,15,11,18,20,19,17,16,13,16,15,16,14,11,19,14,18,13,19,19,16,15,19,18,14,16,19,19,14,14,16
15,11,19,19,20,14,10,19,15,13,16,13,13,13,16,11,15,12,13,17,14,12,11,17,18,11,20,14,18,19,11,16,19,10,12,19,10,15,15,14,15,18,10,17,14,19,17,12,13,20
16,18,17,16,16,15,13,13,14,19,14,20,12,15,13,10,16,14,11,11,11,14,19,13,14,10,15,12,17,18,13,12,10,14,17,20,15,14,14,18,15,14,11,10,15,19,18,14,17,11
17,20,19,14,14,17,18,18,18,16,19,20,11,20,18,10,15,19,14,13,15,18,12,12,13,20,13,12,15,10,12,13,10,14,18,15,18,12,14,10,20,14,20,12,14,16,19,20,10,10
14,13,17,10,14,14,12,19,18,11,14,10,14,15,14,15,14,15,16,13,18,13,20,17,12,11,15,20,16,10,17,15,12,16,17,13,10,18,19,17,18,19,13,20,13,20,18,17,11,10
20,20,13,19,15,19,17,15,15,11,11,14,15,20,17,15,14,11,17,14,12,11,19,20,10,13,11,17,14,16,11,13,18,15,16,16,10,12,10,14,10,11,19,16,19,11,13,19,11,13
16,20,14,10,17,10,12,14,14,11,17,10,15,14,13,10,11,15,13,12,11,16,10,14,15,18,17,19,14,16,10,11,17,20,12,19,18,10,12,20,17,10,14,20,17,10,14,11,18,13
18,13,14,10,12,20,18,10,12,11,15,14,10,10,13,19,18,19,16,20,20,18,18,14,11,19,20,16,18,12,13,15,13,15,15,16,10,15,19,10,16,17,16,20,17,10,14,20,19,13
13,15,17,12,14,10,13,11,19,17,18,14,16,18,12,20,16,18,15,16,14,10,11,10,13,10,15,15,20,16,17,18,17,12,14,11,11,19,18,18,14,18,20,19,19,12,10,13,17,16
10,18,12,11,14,10,20,14,12,16,11,19,18,12,12,17,16,18,13,19,14,19,16,11,17,17,13,16,10,16,11,20,10,13,13,12,11,12,16,17,14,17,16,19,10,20,19,19,17,10
19,15,13,14,18,20,15,13,10,15,16,11,14,13,15,13,14,18,11,10,16,12,10,14,10,15,19,16,14,14,18,15,16,12,12,11,18,10,16,14,13,12,14,17,12,11,18,17,12,16
16,12,14,11,18,15,15,17,17,11,17,15,12,10,16,17,17,12,14,12,13,13,19,12,12,10,14,18,12,16,15,17,10,19,10,19,10,10,19,10,13,18,20,14,17,18,18,15,17,13
14,14,13,13,19,15,12,16,19,14,15,16,20,17,19,18,10,11,13,11,15,10,15,13,17,14,16,10,13,10,19,20,15,18,14,12,13,16,15,20,17,19,19,18,17,10,12,14,18,11
20,20,20,16,16,12,14,13,20,19,10,17,20,14,20,18,10,17,19,13,13,11,12,16,16,15,10,20,17,20,14,10,10,18,15,16,17,14,16,12,14,16,18,20,17,15,14,13,15,20
10,11,18,13,12,16,11,19,12,18,17,13,18,16,14,12,10,18,19,20,20,18,15,12,11,14,14,11,19,15,12,11,20,10,13,10,19,14,20,19,12,14,10,18,17,19,17,14,17,13
10,14,12,11,13,11,15,20,12,19,10,19,17,14,12,11,16,19,18,16,14,10,10,10,18,10,13,12,13,15,13,15,19,10,14,19,19,19,14,17,12,19,17,18,13,17,14,17,14,14
19,10,15,19,20,12,14,12,14,18,19,15,20,19,19,16,12,20,14,12,10,20,19,14,15,14,19,12,17,18,12,12,10,19,18,14,13,16,15,18,14,14,19,19,12,14,11,15,16,11
11,19,20,14,13,17,10,12,20,19,18,18,16,19,15,10,19,20,14,13,15,10,10,14,14,19,13,16,13,19,12,20,11,13,11,16,20,17,18,20,16,13,20,15,18,18,15,12,12,20
17,11,11,10,11,15,19,18,10,16,10,18,18,16,12,10,11,16,20,11,10,17,15,14,13,19,20,13,15,10,18,20,13,12,17,19,16,14,16,15,14,18,13,10,11,16,12,17,13,14
18,19,16,16,14,11,10,13,13,16,11,20,12,16,14,20,20,11,17,15,12,10,11,12,18,15,12,11,11,15,18,12,14,20,17,13,10,14,17,17,16,16,15,15,15,14,12,14,20,16
12,19,14,12,15,17,18,12,12,17,18,13,19,16,12,20,12,12,13,13,10,17,11,14,14,15,15,16,18,16,11,16,20,12,17,14,15,18,18,14,16,18,11,16,10,15,19,14,16,15
20,10,18,12,19,17,15,20,19,16,19,16,10,11,14,10,10,12,12,19,17,16,16,12,18,14,14,18,16,10,16,16,15,18,20,20,12,12,17,20,10,16,13,19,13,18,18,15,14,14
13,10,20,11,14,10,14,19,19,20,13,10,14,12,17,17,14,16,16,13,11,14,12,14,15,19,19,10,18,10,15,12,10,13,10,13,14,10,12,16,13,11,10,19,18,18,20,12,20,12
16,16,10,15,18,18,12,19,10,15,17,12,16,10,13,18,18,14,17,10,11,18,18,13,15,17,15,13,10,11,14,11,14,10,14,10,16,14,12,16,14,14,20,19,11,20,14,20,18,17
12,13,16,19,20,11,17,19,20,19,16,11,17,18,16,14,17,14,20,16,10,18,15,11,16,17,20,18,12,17,14,19,10,17,18,17,10,13,16,20,10,20,11,18,14,18,18,11,17,19
14,11,13,19,15,13,17,17,12,12,11,12,13,16,17,13,19,10,16,16,18,20,17,14,20,15,16,12,16,12,10,11,17,19,12,20,20,14,13,14,12,15,18,13,16,11,18,13,15,13
17,18,17,14,12,20,10,12,11,16,18,17,17,16,12,15,18,16,11,12,16,19,17,13,20,19,20,13,20,18,12,10,16,13,13,10,15,20,20,10,13,15,19,11,14,14,11,20,20,13
10,20,19,13,13,11,18,19,19,10,19,11,17,10,18,20,18,14,19,11,14,19,15,17,10,11,19,14,16,10,15,19,14,10,12,11,14,12,17,16,12,14,17,10,16,15,16,11,10,14
14,15,17,15,17,10,11,14,20,19,16,20,20,18,14,12,15,16,20,17,10,10,11,11,14,13,19,20,13,16,14,15,19,19,16,18,15,13,10,15,11,10,20,19,10,12,20,14,19,11

