The number of jobs:
20
The number of machines:
5
The number of vehicles:
2
The number of workers:
2

The processing time of each order processed on different machines:
(where rows denote machines: 1 to 5 and columns denote orders: 1 to 
20)
21,28,34,36,26,28,33,38,24,37,20,27,23,35,28,30,25,35,35,37
37,33,38,33,30,34,23,24,39,28,28,27,39,32,33,27,32,27,23,39
40,25,35,26,23,38,22,27,21,31,38,27,31,27,39,40,26,36,24,38
33,38,21,34,26,25,23,25,27,23,33,20,26,27,30,36,25,20,26,27
29,38,31,25,32,31,22,30,22,36,28,29,40,29,27,25,37,31,26,23

The coefficient of each worker on each machine:
(where rows denote workers: 1 to 2 and columns denote machines: 1 to 
5)
1.5,1,0.5,1.25,1.5
0.75,0.5,1.5,0.5,1.25

The unit processing cost of machines:

10,9,6,9,9

The unit idle cost of machines:

3,5,1,3,2

The distance between each location:
(where rows and columns denote locations: 0 to 20)
0,57,83,40,21,74,102,72,69,129,88,89,99,91,65,45,42,132,91,60,118
57,0,40,95,58,100,91,117,54,73,142,44,112,51,111,42,49,136,70,83,148
83,40,0,115,92,139,128,123,93,59,171,72,152,82,145,45,88,175,106,122,138
40,95,115,0,53,90,134,42,106,166,65,129,120,130,64,71,78,156,127,82,97
21,58,92,53,0,54,83,90,53,130,85,80,78,79,53,61,25,111,74,39,139
74,100,139,90,54,0,62,132,61,164,79,100,30,94,38,114,51,66,71,17,186
102,91,128,134,83,62,0,173,38,130,140,63,45,53,99,124,60,49,23,57,220
72,117,123,42,90,132,173,0,141,180,96,157,161,160,104,80,114,197,163,123,57
69,54,93,106,53,61,38,141,0,106,128,40,62,33,87,87,28,82,22,47,185
129,73,59,166,130,164,130,180,106,0,215,67,167,77,182,101,116,179,107,148,197
88,142,171,65,85,79,140,96,128,215,0,163,106,159,42,131,104,140,144,84,151
89,44,72,129,80,100,63,157,40,67,163,0,100,10,124,86,59,112,40,86,192
99,112,152,120,78,30,45,161,62,167,106,100,0,91,67,135,66,36,63,39,214
91,51,82,130,79,94,53,160,33,77,159,10,91,0,120,92,56,102,30,80,197
65,111,145,64,53,38,99,104,87,182,42,124,67,120,0,110,67,102,103,43,161
45,42,45,71,61,114,124,80,87,101,131,86,135,92,110,0,69,164,106,98,106
42,49,88,78,25,51,60,114,28,116,104,59,66,56,67,69,0,95,49,34,160
132,136,175,156,111,66,49,197,82,179,140,112,36,102,102,164,95,0,72,74,249
91,70,106,127,74,71,23,163,22,107,144,40,63,30,103,106,49,72,0,60,206
60,83,122,82,39,17,57,123,47,148,84,86,39,80,43,98,34,74,60,0,176
118,148,138,97,139,186,220,57,185,197,151,192,214,197,161,106,160,249,206,176,0

The weight of orders:
20,19,13,20,11,13,18,12,16,15,14,17,18,16,11,17,16,13,12,20

The unit tardiness penalty of orders:

8,7,7,6,10,6,9,8,7,9,6,10,7,9,9,6,10,6,9,7

The due date of orders:
144,404,284,338,229,388,196,163,306,254,355,552,455,162,267,257,373,243,358,422

the loading and unloading time of each order:
5,5,3,5,3,3,5,3,4,4,4,4,5,4,3,4,4,3,3,5

The sequence dependent setup time of each job processed on machine 1.
(Where rows denote jobs: 1 to 20 and columns denote jobs: 0 to 20.For example:The value of Sijk is in row j,column i+1.)
16,16,17,17,13,18,12,20,16,14,20,14,14,20,19,20,14,18,11,14
12,13,18,10,15,13,19,11,13,15,16,14,18,19,14,16,10,12,20,16
12,12,12,18,13,11,14,18,18,18,19,17,19,16,14,18,15,13,20,17
18,20,20,19,13,18,15,17,15,16,13,18,16,13,14,17,17,11,15,12
18,12,18,17,19,15,17,20,14,18,20,18,15,13,10,12,16,16,10,18
17,10,20,20,20,16,19,13,11,12,18,16,18,17,20,20,17,16,12,16
18,11,13,10,16,14,10,12,15,16,16,10,10,12,10,18,13,13,20,14
16,20,19,16,15,15,12,20,20,14,17,18,20,17,20,17,17,11,13,20
19,11,18,14,18,15,16,20,10,16,19,10,14,10,11,19,20,19,10,12
16,14,12,16,18,14,18,17,17,19,18,17,20,11,12,15,14,15,14,13
10,16,14,14,13,14,16,13,18,18,10,15,13,19,10,11,15,15,19,14
18,14,17,11,10,10,16,14,14,11,16,14,16,11,19,16,16,10,12,15
14,15,18,10,11,11,19,13,11,12,14,10,12,16,15,16,15,11,19,18
20,20,10,17,16,12,13,13,16,16,13,20,17,15,14,17,10,18,15,18
16,14,20,18,17,15,18,16,11,18,14,18,19,13,16,12,15,14,15,13
15,14,16,17,14,16,16,20,12,20,15,16,17,10,15,18,10,13,20,12
11,11,14,19,13,20,10,20,10,12,19,10,12,12,20,10,14,15,14,20
15,10,12,13,17,12,18,17,12,18,10,15,14,12,13,17,18,19,14,12
13,16,17,18,20,18,16,10,15,16,10,19,14,14,16,18,11,10,17,13
14,11,12,14,14,17,13,20,11,16,16,19,10,19,20,19,11,11,18,12
17,16,15,10,18,13,17,15,20,14,20,17,11,19,11,19,10,16,13,15

The sequence dependent setup time of each job processed on machine 2.
(Where rows denote jobs: 1 to 20 and columns denote jobs: 0 to 20.For example:The value of Sijk is in row j,column i+1.)
18,10,13,15,14,18,14,18,18,13,14,13,12,20,15,17,15,13,14,12
19,20,12,20,18,15,15,19,12,12,10,20,11,18,13,20,11,15,14,15
15,10,12,10,19,13,16,15,16,10,15,16,10,15,18,15,18,16,18,16
19,10,13,13,20,12,14,11,10,10,14,16,17,20,12,20,19,11,20,18
13,13,12,20,14,10,13,16,20,15,10,13,17,19,16,10,11,15,15,17
14,11,20,15,14,17,19,11,15,20,12,19,18,12,11,17,11,15,13,19
20,14,16,12,10,11,15,12,11,15,10,20,12,20,19,13,19,16,18,15
14,20,14,15,18,19,14,12,13,11,15,11,11,19,19,16,14,15,11,13
18,13,10,17,18,14,16,12,19,20,14,10,19,17,17,14,17,20,15,12
13,13,12,19,17,18,18,19,17,17,16,20,20,16,17,15,20,17,10,18
19,11,13,11,15,18,16,10,19,19,15,20,10,12,18,11,11,13,17,20
14,18,12,15,20,16,16,12,19,18,15,14,18,14,13,16,20,19,10,17
20,10,15,11,19,18,18,20,18,13,10,12,14,20,14,10,11,13,18,17
11,12,14,17,16,14,16,10,10,15,17,11,13,16,10,15,13,12,12,11
15,15,15,15,13,15,18,19,17,14,18,14,13,13,16,19,17,11,12,12
12,16,16,16,20,12,10,15,20,17,18,10,20,14,12,19,15,17,15,15
17,16,14,10,18,18,14,19,10,15,20,13,19,12,18,20,14,20,17,18
16,18,12,16,10,16,15,18,17,10,14,15,14,16,14,10,19,14,16,13
20,14,13,16,10,16,13,12,14,16,13,13,14,13,10,13,20,19,20,10
12,15,13,19,14,15,20,17,14,17,17,12,11,20,15,16,14,19,15,17
19,16,11,19,19,20,11,11,10,19,17,10,10,19,17,18,20,20,14,14

The sequence dependent setup time of each job processed on machine 3.
(Where rows denote jobs: 1 to 20 and columns denote jobs: 0 to 20.For example:The value of Sijk is in row j,column i+1.)
19,11,15,20,16,10,11,13,12,20,12,10,18,18,11,15,14,10,18,20
20,10,10,19,17,11,17,17,20,10,20,18,15,20,13,12,13,10,16,15
16,18,14,15,15,19,20,10,18,13,18,17,12,20,16,19,10,13,20,13
16,10,17,16,13,12,19,15,18,16,16,19,11,16,11,13,13,19,19,17
10,18,19,19,19,15,20,19,11,16,13,20,19,19,18,20,19,14,10,17
10,19,10,18,12,13,12,14,14,17,11,14,16,11,15,11,12,17,14,16
16,19,16,10,12,14,13,10,18,14,13,13,14,18,15,11,14,10,17,20
19,14,16,14,17,14,20,18,13,16,17,14,19,15,17,17,12,18,18,16
12,19,18,16,10,17,14,16,18,20,12,19,16,15,14,17,16,17,19,12
10,18,15,18,12,12,12,18,11,13,10,11,13,15,15,19,20,13,13,17
16,11,17,10,14,13,16,17,14,13,10,10,19,15,16,13,18,18,16,10
12,19,10,11,18,10,18,17,16,17,14,13,12,19,12,14,15,17,19,12
17,18,14,15,17,20,20,15,16,16,18,16,13,19,13,17,18,18,13,19
11,10,13,11,12,18,17,17,11,13,16,19,13,20,19,12,20,12,13,13
16,15,10,16,16,15,10,20,10,12,17,20,14,18,18,15,19,11,14,18
19,14,12,11,18,19,20,11,19,12,20,16,17,11,18,16,18,20,19,18
18,20,17,13,14,14,13,13,17,18,16,19,12,15,13,15,15,19,12,20
17,15,18,17,15,18,18,18,12,17,17,20,20,10,18,10,16,20,12,13
11,15,19,16,16,11,10,17,12,19,11,15,17,11,15,14,19,18,11,16
20,14,16,20,11,17,13,15,13,16,16,13,10,20,14,13,15,14,17,13
15,12,19,18,12,10,12,14,14,12,11,17,10,13,12,20,19,18,17,14

The sequence dependent setup time of each job processed on machine 4.
(Where rows denote jobs: 1 to 20 and columns denote jobs: 0 to 20.For example:The value of Sijk is in row j,column i+1.)
12,14,19,13,18,15,16,19,19,15,20,16,14,14,17,14,10,10,14,17
16,16,14,15,12,11,11,19,19,12,13,12,20,13,14,15,10,15,18,12
20,19,13,18,13,11,12,13,15,14,14,18,14,19,12,13,20,15,18,17
20,13,18,11,13,14,18,14,17,19,19,18,15,17,20,13,10,13,20,13
16,12,17,16,15,14,16,14,10,15,20,10,17,20,14,14,20,14,11,19
10,18,13,11,18,12,15,18,12,10,12,19,20,18,13,17,14,15,19,18
10,12,14,15,20,14,10,20,17,17,10,13,10,19,12,17,10,20,18,13
13,17,12,18,16,20,11,17,16,12,15,15,19,20,16,20,15,10,19,18
10,19,12,13,14,16,18,19,16,13,14,14,13,11,15,15,18,13,15,17
18,17,17,14,17,20,18,16,20,12,18,13,11,11,20,15,15,20,14,13
11,18,18,12,17,19,19,14,18,11,17,12,18,15,17,18,11,11,17,18
17,14,13,14,13,20,11,14,13,17,19,15,17,14,16,14,14,14,19,17
12,10,20,16,11,20,14,13,11,18,10,14,16,12,19,19,18,17,16,10
18,20,10,13,17,20,11,20,16,20,20,11,10,13,10,20,12,17,10,20
14,18,19,11,18,18,20,10,14,11,18,14,12,11,19,20,20,10,20,11
18,15,20,16,10,19,19,10,19,12,16,19,16,20,11,15,15,14,17,13
14,20,10,18,10,11,17,18,16,11,20,17,12,12,13,20,14,19,17,13
11,13,15,10,16,18,10,16,10,11,20,16,17,13,16,19,12,15,18,12
16,12,12,14,20,19,13,16,11,12,20,16,10,20,18,13,15,20,12,20
10,17,15,11,19,19,14,13,15,12,15,13,15,18,16,19,19,12,15,18
17,13,20,13,11,19,11,18,14,11,14,18,13,20,20,14,20,13,18,15

The sequence dependent setup time of each job processed on machine 5.
(Where rows denote jobs: 1 to 20 and columns denote jobs: 0 to 20.For example:The value of Sijk is in row j,column i+1.)
19,20,19,18,19,14,13,16,17,10,10,10,10,10,18,15,16,10,14,12
13,17,17,20,19,13,20,14,12,12,18,13,14,16,10,20,12,17,16,11
19,14,18,12,16,15,12,16,18,14,12,14,16,15,11,16,12,19,15,20
14,15,12,17,18,14,13,11,19,11,17,17,20,17,20,11,17,18,15,17
12,12,10,10,19,10,17,10,19,15,19,17,19,19,11,15,14,18,15,15
13,12,14,19,17,12,16,11,13,11,12,11,16,15,13,13,12,20,17,17
15,12,18,12,20,14,12,16,17,16,20,20,14,10,17,14,13,11,18,11
12,14,14,14,19,17,11,12,10,10,17,16,15,15,16,12,10,18,13,13
14,14,16,18,19,12,17,10,12,12,18,20,16,13,15,16,14,15,19,17
18,11,14,11,15,18,10,14,17,17,19,13,11,14,10,16,18,16,11,15
15,12,14,15,17,12,11,10,19,19,19,18,17,10,17,15,12,11,20,19
17,18,13,11,10,12,18,15,13,10,10,20,14,17,14,18,18,12,19,12
11,11,12,13,16,14,19,19,17,13,10,10,11,18,16,16,12,19,14,10
18,20,17,13,17,17,19,15,11,18,14,16,20,14,11,14,17,15,15,16
13,20,18,16,13,18,15,19,10,20,11,20,13,16,20,12,16,17,15,11
16,20,11,16,18,19,13,19,10,11,19,19,11,16,20,15,15,12,16,17
15,19,12,10,11,15,16,17,10,13,20,17,16,13,16,14,15,20,16,10
13,11,13,17,15,10,11,13,12,15,10,16,10,15,20,12,19,13,17,10
11,15,12,12,10,18,11,19,14,11,11,11,19,13,18,11,10,18,20,18
18,20,13,19,15,17,19,10,14,14,11,15,19,18,13,15,19,11,16,19
19,12,14,18,20,13,16,16,12,19,15,14,12,11,12,18,16,13,15,10

