The number of jobs:
50
The number of machines:
5
The number of vehicles:
5
The number of workers:
4

The processing time of each order processed on different machines:
(where rows denote machines: 1 to 5 and columns denote orders: 1 to 
50)
27,34,35,31,38,28,22,27,27,34,22,20,39,29,23,31,29,32,20,30,38,33,40,35,36,24,21,25,39,21,29,32,22,24,32,39,24,29,37,32,23,20,36,24,20,20,31,33,31,31
22,32,31,30,23,20,30,27,29,30,29,40,34,35,24,32,29,37,21,39,23,37,33,23,38,34,31,20,27,22,28,26,35,37,22,22,35,29,29,36,25,26,39,20,24,29,29,40,28,26
33,40,20,23,21,27,31,23,38,40,35,37,39,39,35,33,29,23,37,28,33,38,24,32,37,32,23,37,36,35,38,21,21,27,22,40,21,21,21,24,33,28,40,27,31,39,26,33,21,35
31,26,25,23,38,20,24,25,28,21,20,23,38,35,27,40,29,20,26,21,38,39,33,36,32,28,39,32,39,30,36,21,26,26,39,40,26,28,28,38,22,34,35,22,35,21,32,33,20,27
34,22,20,33,23,24,21,37,31,28,35,27,24,22,32,29,24,31,21,26,22,32,25,36,36,39,37,33,27,20,27,21,39,35,24,30,29,28,34,28,40,22,29,36,34,23,33,33,26,31

The coefficient of each worker on each machine:
(where rows denote workers: 1 to 4 and columns denote machines: 1 to 
5)
1.5,1.25,1.5,0.75,0.5
0.75,1.25,1,0.75,1.5
1,0.75,1.5,0.5,0.5
1.5,0.75,1.5,0.5,1.5

The unit processing cost of machines:

6,8,7,6,6

The unit idle cost of machines:

3,3,1,2,5

The distance between each location:
(where rows and columns denote locations: 0 to 50)
0,124,116,71,135,38,93,91,76,71,134,72,97,101,78,69,67,52,77,104,78,74,35,87,94,115,50,86,104,122,109,69,69,83,116,65,97,81,52,41,58,80,6,101,47,93,105,99,37,44,82
124,0,240,179,190,141,110,50,147,171,259,80,70,132,201,170,192,78,186,225,146,93,124,39,171,238,102,177,157,180,37,86,166,46,25,168,217,93,73,93,68,186,119,39,115,125,169,210,98,81,123
116,240,0,80,161,106,189,202,130,110,27,183,208,170,41,108,53,165,75,51,148,179,123,203,142,15,149,104,152,152,221,171,115,197,230,91,59,185,167,154,174,100,122,213,137,166,142,87,145,160,170
71,179,80,0,89,39,164,134,50,116,106,143,167,90,45,113,65,102,7,103,140,146,56,147,148,70,79,27,73,77,153,99,118,134,164,12,103,153,108,111,122,117,74,146,65,87,64,121,82,103,151
135,190,161,89,0,98,222,140,60,198,188,191,210,58,133,195,154,131,91,191,213,199,101,173,227,148,103,62,35,13,154,108,198,150,167,84,192,206,141,163,159,202,134,151,95,65,30,209,118,141,215
38,141,106,39,98,0,131,98,41,101,129,106,130,74,66,98,71,64,46,112,115,111,18,109,128,100,43,47,70,85,117,65,100,96,127,29,108,118,70,75,83,106,39,109,31,68,69,118,43,65,121
93,110,189,164,222,131,0,117,163,86,197,37,40,176,159,86,136,98,169,153,48,24,122,80,69,193,120,178,188,209,124,125,79,101,121,158,143,19,87,59,70,100,92,118,127,167,193,125,105,83,20
91,50,202,134,140,98,117,0,97,153,223,81,87,83,161,151,158,39,141,195,139,94,80,41,162,197,55,129,107,130,19,36,148,16,30,122,188,98,42,74,51,165,85,12,69,75,119,187,57,50,123
76,147,130,50,60,41,163,97,0,142,156,133,154,40,93,139,106,76,56,147,153,140,41,122,168,121,48,33,30,46,115,61,141,102,127,39,145,147,86,104,103,147,74,109,37,37,30,158,60,85,156
71,171,110,116,198,101,86,153,142,0,114,95,116,171,90,3,62,116,118,68,39,85,105,133,34,118,121,140,171,185,168,138,6,140,171,117,58,89,111,80,106,15,75,160,118,163,169,40,107,103,66
134,259,27,106,188,129,197,223,156,114,0,196,220,196,64,112,67,185,101,46,153,190,146,221,143,41,171,131,179,179,242,193,119,217,250,117,56,196,186,169,191,101,140,234,160,192,169,82,166,178,178
72,80,183,143,191,106,37,81,133,95,196,0,25,142,147,94,130,63,149,156,66,14,94,45,91,184,88,153,157,178,89,90,88,65,87,135,147,17,52,32,34,109,69,82,96,132,163,135,73,50,44
97,70,208,167,210,130,40,87,154,116,220,25,0,158,173,116,155,79,173,180,83,31,117,46,107,209,107,176,175,197,89,104,110,71,84,159,170,27,69,57,51,131,94,84,116,149,182,156,93,69,56
101,132,170,90,58,74,176,83,40,171,196,142,158,0,133,169,144,79,96,185,176,152,67,118,195,160,56,70,28,49,96,53,170,93,109,79,182,158,90,117,108,179,98,93,54,9,42,193,72,92,173
78,201,41,45,133,66,159,161,93,90,64,147,173,133,0,88,29,125,42,59,123,146,82,164,124,37,108,72,118,122,180,130,94,157,190,54,61,152,127,117,135,86,83,173,97,128,109,83,105,120,142
69,170,108,113,195,98,86,151,139,3,112,94,116,169,88,0,60,114,116,67,41,85,102,132,36,115,119,137,168,182,167,136,7,139,170,114,57,89,109,79,104,15,73,158,116,161,166,40,104,101,67
67,192,53,65,154,71,136,158,106,62,67,130,155,144,29,60,0,119,65,41,97,126,84,154,96,57,109,92,134,142,176,131,66,151,184,71,38,132,119,102,124,57,73,168,99,138,128,56,101,111,118
52,78,165,102,131,64,98,39,76,116,185,63,79,79,125,114,119,0,109,157,108,74,47,46,130,161,28,103,96,118,57,28,112,33,65,91,150,79,11,43,29,128,47,49,40,70,104,149,21,15,97
77,186,75,7,91,46,169,141,56,118,101,149,173,96,42,116,65,109,0,101,144,151,63,154,151,64,86,30,78,80,160,106,120,141,171,19,101,158,115,117,128,118,80,153,73,93,68,121,89,110,156
104,225,51,103,191,112,153,195,147,68,46,156,180,185,59,67,41,157,101,0,108,149,125,186,97,64,149,130,174,180,213,170,74,187,220,110,10,154,156,133,157,56,110,205,140,179,167,36,140,147,134
78,146,148,140,213,115,48,139,153,39,153,66,83,176,123,41,97,108,144,108,0,54,113,110,25,154,121,160,182,199,151,134,33,124,152,137,97,56,99,66,88,53,80,143,123,168,183,77,105,92,28
74,93,179,146,199,111,24,94,140,85,190,14,31,152,146,85,126,74,151,149,54,0,100,59,78,181,97,158,165,186,103,101,79,78,101,139,139,7,63,37,46,100,72,96,104,143,170,125,81,60,30
35,124,123,56,101,18,122,80,41,105,146,94,117,67,82,102,84,47,63,125,113,100,0,92,129,117,26,59,69,88,99,48,103,78,109,45,120,107,53,64,68,112,33,92,15,59,72,127,26,49,114
87,39,203,147,173,109,80,41,122,133,221,45,46,118,164,132,154,46,154,186,110,59,92,0,134,202,74,149,139,162,45,65,127,26,42,137,178,61,39,54,30,147,82,38,86,109,148,171,66,45,89
94,171,142,148,227,128,69,162,168,34,143,91,107,195,124,36,96,130,151,97,25,78,129,134,0,151,141,171,198,213,175,155,31,148,176,148,87,80,122,88,112,42,97,167,140,186,197,63,125,115,51
115,238,15,70,148,100,193,197,121,118,41,184,209,160,37,115,57,161,64,64,154,181,117,202,151,0,143,92,141,139,216,165,122,194,226,82,71,188,164,154,173,109,120,209,131,157,130,98,141,157,175
50,102,149,79,103,43,120,55,48,121,171,88,107,56,108,119,109,28,86,149,121,97,26,74,141,143,0,76,69,91,74,22,118,56,85,67,144,103,38,62,56,131,46,67,13,47,76,148,16,38,117
86,177,104,27,62,47,178,129,33,140,131,153,176,70,72,137,92,103,30,130,160,158,59,149,171,92,76,0,49,50,147,92,141,132,159,23,130,165,111,122,127,142,87,141,63,69,38,148,84,108,168
104,157,152,73,35,70,188,107,30,171,179,157,175,28,118,168,134,96,78,174,182,165,69,139,198,141,69,49,0,23,122,74,170,116,135,64,173,172,106,129,125,176,103,118,62,33,14,187,84,107,183
122,180,152,77,13,85,209,130,46,185,179,178,197,49,122,182,142,118,80,180,199,186,88,162,213,139,91,50,23,0,145,97,185,139,158,71,180,193,129,150,147,189,121,141,82,55,16,197,105,129,202
109,37,221,153,154,117,124,19,115,168,242,89,89,96,180,167,176,57,160,213,151,103,99,45,175,216,74,147,122,145,0,55,163,28,13,141,206,106,58,88,63,181,103,9,87,89,134,204,76,67,133
69,86,171,99,108,65,125,36,61,138,193,90,104,53,130,136,131,28,106,170,134,101,48,65,155,165,22,92,74,97,55,0,135,42,66,87,165,107,38,70,56,149,64,48,34,44,84,168,32,43,125
69,166,115,118,198,100,79,148,141,6,119,88,110,170,94,7,66,112,120,74,33,79,103,127,31,122,118,141,170,185,163,135,0,136,166,117,64,83,106,75,100,21,73,155,116,161,169,47,103,98,60
83,46,197,134,150,96,101,16,102,140,217,65,71,93,157,139,151,33,141,187,124,78,78,26,148,194,56,132,116,139,28,42,136,0,33,123,179,82,31,61,36,154,77,19,69,85,126,176,53,40,107
116,25,230,164,167,127,121,30,127,171,250,87,84,109,190,170,184,65,171,220,152,101,109,42,176,226,85,159,135,158,13,66,166,33,0,152,212,103,64,91,66,185,110,18,98,102,147,208,85,73,131
65,168,91,12,84,29,158,122,39,117,117,135,159,79,54,114,71,91,19,110,137,139,45,137,148,82,67,23,64,71,141,87,117,123,152,0,109,146,98,103,112,119,67,134,54,75,57,125,71,94,147
97,217,59,103,192,108,143,188,145,58,56,147,170,182,61,57,38,150,101,10,97,139,120,178,87,71,144,130,173,180,206,165,64,179,212,109,0,144,148,125,149,45,103,198,135,176,166,27,134,140,123
81,93,185,153,206,118,19,98,147,89,196,17,27,158,152,89,132,79,158,154,56,7,107,61,80,188,103,165,172,193,106,107,83,82,103,146,144,0,69,44,51,104,79,99,110,149,177,129,88,66,30
52,73,167,108,141,70,87,42,86,111,186,52,69,90,127,109,119,11,115,156,99,63,53,39,122,164,38,111,106,129,58,38,106,31,64,98,148,69,0,34,18,124,46,50,49,81,114,145,27,9,88
41,93,154,111,163,75,59,74,104,80,169,32,57,117,117,79,102,43,117,133,66,37,64,54,88,154,62,122,129,150,88,70,75,61,91,103,125,44,34,0,25,94,37,80,67,108,134,118,45,27,56
58,68,174,122,159,83,70,51,103,106,191,34,51,108,135,104,124,29,128,157,88,46,68,30,112,173,56,127,125,147,63,56,100,36,66,112,149,51,18,25,0,119,52,55,66,99,132,143,43,19,73
80,186,100,117,202,106,100,165,147,15,101,109,131,179,86,15,57,128,118,56,53,100,112,147,42,109,131,142,176,189,181,149,21,154,185,119,45,104,124,94,119,0,85,173,126,171,173,25,117,115,80
6,119,122,74,134,39,92,85,74,75,140,69,94,98,83,73,73,47,80,110,80,72,33,82,97,120,46,87,103,121,103,64,73,77,110,67,103,79,46,37,52,85,0,95,44,89,104,104,32,38,82
101,39,213,146,151,109,118,12,109,160,234,82,84,93,173,158,168,49,153,205,143,96,92,38,167,209,67,141,118,141,9,48,155,19,18,134,198,99,50,80,55,173,95,0,80,86,130,195,68,58,125
47,115,137,65,95,31,127,69,37,118,160,96,116,54,97,116,99,40,73,140,123,104,15,86,140,131,13,63,62,82,87,34,116,69,98,54,135,110,49,67,66,126,44,80,0,46,67,142,23,47,121
93,125,166,87,65,68,167,75,37,163,192,132,149,9,128,161,138,70,93,179,168,143,59,109,186,157,47,69,33,55,89,44,161,85,102,75,176,149,81,108,99,171,89,86,46,0,46,186,63,83,164
105,169,142,64,30,69,193,119,30,169,169,163,182,42,109,166,128,104,68,167,183,170,72,148,197,130,76,38,14,16,134,84,169,126,147,57,166,177,114,134,132,173,104,130,67,46,0,182,90,114,186
99,210,87,121,209,118,125,187,158,40,82,135,156,193,83,40,56,149,121,36,77,125,127,171,63,98,148,148,187,197,204,168,47,176,208,125,27,129,145,118,143,25,104,195,142,186,182,0,136,137,105
37,98,145,82,118,43,105,57,60,107,166,73,93,72,105,104,101,21,89,140,105,81,26,66,125,141,16,84,84,105,76,32,103,53,85,71,134,88,27,45,43,117,32,68,23,63,90,136,0,24,100
44,81,160,103,141,65,83,50,85,103,178,50,69,92,120,101,111,15,110,147,92,60,49,45,115,157,38,108,107,129,67,43,98,40,73,94,140,66,9,27,19,115,38,58,47,83,114,137,24,0,82
82,123,170,151,215,121,20,123,156,66,178,44,56,173,142,67,118,97,156,134,28,30,114,89,51,175,117,168,183,202,133,125,60,107,131,147,123,30,88,56,73,80,82,125,121,164,186,105,100,82,0

The weight of orders:
11,12,11,15,19,19,16,20,14,20,20,18,11,17,12,17,19,10,16,18,11,17,14,13,17,10,16,19,17,15,19,19,15,19,16,11,12,16,10,16,15,13,14,10,19,18,15,17,12,11

The unit tardiness penalty of orders:

7,9,8,8,7,9,8,6,7,10,9,7,10,7,10,6,10,7,8,8,10,10,7,6,7,9,6,7,9,10,9,6,7,10,6,10,7,10,7,8,8,9,9,7,9,10,9,7,10,10

The due date of orders:
946,845,402,940,631,894,692,336,147,624,502,244,432,787,273,673,531,379,607,696,357,207,204,903,692,213,817,779,433,882,517,627,582,478,569,455,859,613,375,368,473,635,455,287,1012,368,513,580,489,304

the loading and unloading time of each order:
3,3,3,4,5,5,4,5,4,5,5,5,3,4,3,4,5,3,4,5,3,4,4,3,4,3,4,5,4,4,5,5,4,5,4,3,3,4,3,4,4,3,4,3,5,5,4,4,3,3

The sequence dependent setup time of each job processed on machine 1.
(Where rows denote jobs: 1 to 50 and columns denote jobs: 0 to 50.For example:The value of Sijk is in row j,column i+1.)
11,14,17,11,19,15,13,10,16,20,15,12,10,18,17,20,12,16,14,16,15,14,19,17,20,14,10,10,17,10,17,11,19,16,12,13,14,18,12,10,16,14,16,16,12,12,12,10,11,10
18,10,12,17,19,20,17,12,10,12,14,19,18,20,15,13,16,18,20,11,14,13,13,19,15,20,16,10,10,15,15,16,13,16,10,15,16,19,20,16,15,11,15,17,20,18,18,12,19,19
17,11,18,10,17,17,16,11,14,19,11,14,19,20,15,19,20,12,11,14,13,13,18,18,12,17,12,13,10,13,14,14,14,19,15,18,14,19,12,19,15,17,15,14,14,15,19,16,16,18
15,14,13,17,19,18,16,10,20,17,11,11,16,19,17,17,20,12,12,20,11,14,17,20,16,17,10,15,13,13,14,18,16,10,15,11,10,18,15,19,15,20,19,16,11,11,10,19,15,19
15,10,10,17,15,14,20,20,19,10,10,14,16,12,17,11,10,13,15,19,17,20,20,18,17,20,10,19,13,17,12,12,12,17,13,14,15,20,10,16,17,16,15,13,15,18,12,20,16,18
15,14,13,16,11,11,13,13,13,19,13,10,12,17,12,20,14,11,16,17,17,19,12,11,11,10,12,14,15,20,12,16,19,20,10,18,18,10,14,13,19,18,20,15,18,15,14,13,12,11
15,11,11,18,11,20,20,17,15,18,17,18,13,17,19,16,19,17,13,10,13,18,12,20,10,14,15,13,16,19,14,16,14,18,12,19,16,20,14,18,13,19,14,12,17,19,18,10,11,15
20,15,16,10,20,11,10,18,15,17,10,19,12,18,11,11,20,15,17,13,20,18,12,18,14,11,11,14,15,10,17,11,18,20,12,10,19,18,15,12,19,16,18,20,12,15,20,19,13,16
14,16,18,18,17,16,15,18,20,11,19,12,10,11,13,18,14,11,15,11,16,17,13,15,14,19,10,17,18,18,12,19,10,11,19,18,11,20,15,11,10,14,10,20,19,15,11,17,12,20
18,11,10,11,10,15,13,15,14,10,14,13,11,20,20,12,12,20,20,14,20,10,15,11,18,17,10,15,19,15,11,13,14,18,14,19,10,12,13,17,13,18,15,12,16,10,19,16,15,11
11,19,14,20,17,11,12,19,20,20,16,10,13,13,14,10,20,19,10,17,16,13,12,12,12,19,10,18,15,14,14,14,13,12,18,15,13,10,15,10,12,13,10,18,14,10,11,10,10,10
17,16,18,16,11,20,17,10,16,16,19,19,18,10,19,15,12,13,17,10,17,17,20,10,15,17,16,16,11,17,15,13,12,16,20,19,12,15,13,12,14,15,14,18,10,16,12,13,16,12
15,11,19,11,12,17,11,12,18,12,17,14,16,18,18,14,17,10,10,19,15,19,13,18,15,13,15,19,13,13,20,18,20,10,13,14,15,12,14,13,11,18,16,13,10,13,14,17,17,17
18,20,16,15,12,17,13,12,15,19,16,19,18,20,13,17,13,12,20,16,10,10,18,14,15,12,13,16,14,20,19,10,14,10,10,17,19,14,15,10,17,12,12,10,19,15,19,10,20,14
18,16,15,16,17,12,10,17,11,19,19,19,12,17,14,18,20,14,19,10,20,18,15,12,16,11,15,18,15,16,12,12,20,19,19,16,19,15,15,13,14,16,14,15,18,15,13,18,16,15
11,18,13,12,18,20,15,20,20,16,14,13,12,10,20,20,13,20,10,16,15,18,16,17,20,11,18,12,12,10,10,11,19,14,11,15,12,12,14,12,17,13,10,14,11,19,16,17,14,19
12,20,10,16,11,15,14,17,15,12,11,12,18,14,16,19,13,16,11,11,13,13,17,16,19,18,15,13,20,10,19,10,11,15,17,16,10,13,20,10,19,10,17,19,18,13,15,20,15,11
16,18,17,10,16,20,11,15,20,11,12,10,17,13,17,15,10,18,11,16,15,15,18,11,18,17,17,11,19,20,19,19,13,16,11,16,19,14,18,20,19,14,16,11,20,12,19,15,20,20
16,14,12,19,10,15,13,12,10,18,16,13,19,14,18,14,20,20,14,12,11,19,15,14,15,11,11,15,11,20,17,19,20,17,15,16,15,11,14,16,12,15,16,13,17,16,15,15,14,17
20,17,18,16,20,15,16,11,12,14,18,17,13,16,12,12,11,18,10,13,17,19,11,13,12,14,16,10,16,15,15,11,12,18,20,16,11,19,15,11,15,10,10,18,10,12,20,18,13,12
11,19,19,10,10,17,16,17,18,19,20,13,11,14,13,20,16,14,10,19,17,14,17,19,17,12,12,12,18,14,15,10,17,20,18,18,18,17,18,13,20,13,18,12,13,19,20,14,18,13
18,13,19,11,12,19,16,20,10,19,20,17,13,16,14,18,12,14,17,19,20,12,18,17,15,19,19,14,17,10,11,15,19,10,14,17,20,14,20,16,10,17,14,18,18,19,14,16,19,13
12,16,20,18,11,14,19,14,11,10,20,13,12,16,14,10,12,16,12,17,18,18,19,19,20,17,12,18,13,20,18,17,14,16,14,18,12,12,20,10,19,10,12,17,14,20,19,13,17,12
20,17,17,19,10,19,10,15,13,15,17,11,20,12,10,14,11,10,12,20,17,11,11,11,11,18,13,13,19,17,16,20,14,11,20,14,12,10,10,19,18,14,14,12,11,20,16,12,13,10
14,18,20,13,15,18,17,15,20,17,20,17,10,16,20,15,14,11,14,19,10,13,16,10,18,16,18,10,20,12,14,10,17,16,17,10,12,16,16,13,10,18,12,12,14,19,11,20,15,17
12,15,12,18,15,19,20,11,14,20,14,20,15,11,15,16,19,13,17,18,11,13,19,18,16,13,11,19,12,20,15,18,13,12,18,14,20,16,19,14,10,11,17,17,20,17,10,18,12,13
17,18,12,14,17,12,16,11,20,16,18,10,16,17,15,20,10,11,10,17,14,11,13,16,12,17,20,18,15,18,19,17,15,13,16,10,10,18,15,10,12,20,10,14,16,20,14,19,16,18
10,17,11,13,11,20,14,17,18,20,20,20,17,11,13,12,13,15,13,20,18,14,13,14,11,11,13,20,12,15,11,12,13,13,19,16,11,16,11,18,19,17,15,14,14,12,15,18,19,20
17,15,13,16,20,14,10,18,11,10,18,14,12,14,12,12,13,15,16,16,20,19,14,16,11,10,16,11,12,14,10,19,10,20,12,14,12,17,11,11,19,16,19,16,13,17,16,10,20,11
19,14,20,18,16,18,17,13,12,10,18,19,16,20,15,10,18,15,10,18,13,19,18,14,14,15,14,20,13,20,13,16,17,16,19,16,17,10,19,14,10,19,17,12,10,14,14,13,16,14
13,11,12,11,13,18,11,15,13,18,15,20,18,16,16,20,16,14,15,11,18,15,10,15,16,17,19,12,15,15,12,19,16,11,10,12,15,14,11,18,18,18,12,20,20,14,13,12,18,18
18,19,12,13,19,15,17,20,16,13,17,19,20,11,15,20,10,12,12,17,20,13,11,13,18,18,18,10,11,13,11,16,12,13,12,11,16,10,10,12,10,12,16,19,19,10,14,11,12,12
20,14,20,16,16,17,19,15,11,15,14,16,20,11,10,19,20,15,11,10,18,16,12,11,18,10,18,19,12,19,13,14,10,19,11,16,19,20,17,18,15,17,19,18,10,10,12,15,16,18
12,17,10,20,17,15,13,10,19,16,19,16,11,10,11,19,16,10,12,12,10,17,11,11,10,10,20,12,12,14,13,11,15,16,10,10,13,18,18,15,14,15,17,12,15,17,12,17,18,16
14,18,12,12,14,13,17,14,17,11,17,10,16,15,15,12,10,13,14,11,17,18,16,14,15,11,19,16,16,11,13,15,11,17,11,19,11,17,18,10,17,20,12,10,10,15,14,12,17,17
14,14,17,20,20,11,17,16,20,15,12,14,14,10,13,15,19,16,17,18,20,18,20,10,20,16,18,12,20,15,10,18,10,15,15,10,17,11,20,13,10,10,16,17,13,20,13,19,14,15
10,15,16,10,17,15,20,20,17,12,14,16,18,11,12,13,13,20,15,12,10,17,18,17,16,19,17,13,15,10,16,11,11,16,18,20,12,11,13,18,13,15,19,20,12,10,15,19,17,11
18,15,18,12,15,17,16,13,18,18,10,17,20,19,16,10,15,13,12,15,20,13,12,15,14,11,17,13,19,14,19,12,14,14,17,16,17,16,10,20,16,13,19,15,11,12,18,18,15,11
14,12,15,12,19,18,19,20,18,14,15,13,14,18,20,19,16,14,11,11,17,18,19,15,11,11,11,16,19,18,13,16,14,11,12,15,13,16,19,19,13,14,13,13,11,17,15,19,10,15
17,10,18,12,18,14,16,13,10,19,16,19,10,17,14,16,11,13,15,14,12,16,16,18,10,20,11,19,18,11,11,11,18,15,14,11,18,18,12,16,12,16,10,16,18,18,12,13,20,10
19,16,12,20,18,13,14,18,13,17,15,12,10,20,18,19,10,10,20,15,16,15,20,17,20,14,20,18,18,13,14,10,20,17,15,10,12,18,14,20,16,16,13,11,10,15,15,12,15,18
16,18,19,17,12,14,12,17,16,13,12,18,13,14,17,18,18,15,20,11,18,12,14,10,14,11,15,15,11,19,12,12,11,10,20,20,17,20,10,12,19,12,13,19,10,13,11,16,12,13
12,19,10,16,15,20,12,19,17,13,13,17,15,10,15,16,17,18,17,19,11,18,15,19,10,10,20,17,18,12,18,20,15,14,15,11,10,13,17,12,14,18,10,17,18,16,10,15,14,11
20,18,12,15,11,16,15,17,13,10,10,16,11,19,20,17,19,13,11,16,16,19,13,11,18,10,10,15,17,12,18,11,18,10,13,20,20,10,13,14,13,16,16,12,13,13,18,15,14,10
14,15,20,13,10,16,12,12,20,17,19,18,20,19,18,16,10,18,16,17,19,19,18,11,12,12,18,15,13,10,14,16,17,11,14,12,14,18,17,18,11,14,17,12,13,14,13,11,19,12
13,10,15,17,11,11,19,13,17,14,20,17,19,19,17,13,10,19,13,12,15,17,20,10,20,16,12,17,19,19,10,17,16,16,13,14,14,10,17,12,16,19,11,15,12,18,14,19,17,12
18,19,11,13,11,13,12,20,19,16,19,19,12,20,13,14,12,14,12,17,15,17,16,18,14,12,20,10,19,14,15,19,11,14,13,20,14,14,18,14,15,11,13,20,10,10,12,14,19,14
19,10,20,19,17,19,15,10,15,18,14,19,16,11,14,10,11,15,19,11,13,11,18,14,12,10,17,20,11,19,14,15,19,18,19,12,13,14,10,15,13,19,17,10,11,12,13,12,13,15
14,20,11,12,20,15,12,15,14,14,14,12,18,20,12,20,10,15,14,17,15,14,17,20,12,16,17,14,10,10,15,13,19,17,16,14,14,15,18,18,11,17,19,13,16,13,13,18,16,12
14,13,15,12,18,10,20,20,19,17,11,18,19,15,17,11,13,14,11,17,14,13,16,18,15,20,15,11,20,16,19,18,18,12,16,15,20,18,12,15,13,20,14,12,16,20,16,19,17,11
14,11,12,12,14,18,17,17,11,11,14,12,13,13,16,19,13,14,13,17,18,12,16,15,17,18,15,10,18,10,18,15,19,10,11,17,16,18,12,10,13,10,15,10,11,14,10,14,14,11

The sequence dependent setup time of each job processed on machine 2.
(Where rows denote jobs: 1 to 50 and columns denote jobs: 0 to 50.For example:The value of Sijk is in row j,column i+1.)
17,19,13,15,18,11,15,14,10,19,16,10,17,11,14,19,16,13,15,13,13,18,17,15,11,13,15,13,14,16,17,14,10,20,20,14,15,17,11,19,12,20,13,12,20,12,13,15,10,13
14,19,11,13,19,16,14,12,20,18,18,10,18,11,15,15,11,18,10,10,18,10,11,11,10,16,13,16,14,11,11,20,14,10,17,20,14,14,19,14,14,10,11,11,14,13,10,19,12,17
17,16,13,13,16,16,19,20,11,14,13,15,15,19,10,20,18,10,14,15,17,11,15,13,17,15,14,12,20,15,12,17,15,10,20,17,14,10,19,15,11,16,15,10,11,18,18,14,10,13
14,15,10,20,11,20,16,15,13,20,11,17,16,15,15,11,11,14,13,15,14,14,12,12,17,17,12,11,15,17,20,19,14,11,10,11,17,14,15,14,12,13,13,10,15,11,15,20,13,11
10,16,13,11,17,16,13,17,15,20,19,20,16,16,11,12,10,16,11,10,19,17,17,18,10,12,14,20,19,13,10,10,19,13,14,10,18,18,13,19,11,10,13,17,12,12,18,14,14,20
14,18,16,12,14,12,16,19,17,11,19,10,19,19,12,11,11,14,13,16,14,11,14,13,11,11,15,14,14,17,12,17,11,11,11,18,20,10,16,16,11,10,14,15,20,13,10,10,13,18
12,11,17,14,15,16,11,19,10,20,11,16,14,10,17,12,19,16,19,12,16,19,13,11,13,19,10,10,15,14,16,15,10,16,10,20,15,18,10,17,18,10,14,14,11,17,13,18,11,16
20,19,19,19,15,13,11,12,15,17,10,14,12,19,11,15,13,18,18,14,10,18,20,12,15,15,19,15,20,11,18,14,10,10,13,19,13,15,20,10,15,15,20,16,12,11,12,19,12,13
13,20,10,13,10,19,14,12,11,20,16,17,16,15,14,14,19,19,14,16,14,18,15,15,15,16,10,13,16,13,12,19,11,10,16,15,12,15,10,19,10,17,19,16,16,18,16,12,17,16
20,15,20,12,14,16,12,14,12,11,20,20,12,12,10,13,12,12,16,13,17,10,16,20,10,13,20,12,16,11,14,11,10,16,18,14,14,10,17,15,19,19,14,14,19,17,17,11,18,19
20,18,18,20,15,12,15,12,17,10,19,18,14,12,14,17,15,15,11,20,10,18,18,12,10,18,13,16,16,20,18,19,11,20,13,10,19,19,10,12,20,14,12,20,20,11,12,19,12,11
16,20,19,19,10,11,14,12,19,18,17,18,18,20,11,15,20,13,20,18,13,10,10,19,10,18,14,16,18,16,16,11,16,13,15,14,17,12,18,14,20,10,19,13,11,11,13,20,11,11
15,18,11,20,13,18,20,18,20,20,12,12,18,14,12,14,11,13,12,16,16,19,12,14,20,18,14,20,13,12,11,13,10,16,13,17,17,16,12,17,12,17,11,17,14,17,18,18,19,18
14,17,20,12,17,17,10,16,20,13,16,17,15,12,19,14,12,19,11,18,11,14,20,19,11,13,17,13,15,14,18,20,11,16,13,11,14,18,18,14,19,17,16,18,12,19,12,20,18,17
10,18,16,17,12,15,18,15,12,17,13,13,15,20,17,12,19,19,18,18,16,10,12,14,13,18,16,19,15,12,11,16,14,20,11,12,18,12,13,19,19,11,11,20,19,11,19,15,19,18
20,20,20,20,15,12,13,17,19,17,20,13,12,10,12,12,13,17,12,20,20,10,19,17,15,17,11,14,10,15,12,15,16,13,11,10,10,11,10,15,12,17,19,18,14,14,10,14,14,18
15,14,14,16,13,16,16,16,18,19,15,20,20,13,10,14,14,12,18,10,16,16,16,11,14,18,13,14,14,13,17,20,19,15,14,10,10,20,20,17,11,14,11,12,13,11,13,13,10,18
18,12,18,14,10,12,17,10,11,11,16,19,18,11,14,14,19,19,11,12,14,18,17,10,10,16,18,14,12,11,17,13,15,20,13,14,13,18,19,20,13,15,10,12,11,18,20,10,17,10
12,17,11,16,12,12,19,14,16,13,19,14,10,18,20,13,11,20,10,16,15,20,10,18,19,19,20,17,17,11,15,15,18,17,18,16,18,16,16,19,18,19,20,17,13,20,19,20,14,20
12,13,18,13,16,20,15,16,19,19,16,12,20,14,12,13,11,13,11,12,18,15,16,20,17,16,12,19,16,19,13,12,16,19,19,13,11,18,16,14,10,12,10,20,12,10,10,17,10,18
16,19,17,19,13,16,17,11,16,15,15,10,20,13,15,17,14,14,16,19,18,15,10,10,12,20,16,19,17,10,20,18,14,12,18,17,14,14,12,11,18,15,15,12,19,12,12,20,20,10
10,11,19,14,18,20,10,10,12,11,17,18,14,14,13,18,16,20,13,14,15,15,15,11,19,10,19,11,18,16,10,16,20,17,14,17,14,10,10,18,19,14,17,12,10,15,13,19,13,11
19,17,12,11,18,19,17,13,20,10,12,19,12,19,17,14,10,19,16,20,13,16,14,20,14,19,10,14,16,11,13,19,15,10,13,12,16,17,20,20,16,12,13,19,18,19,12,16,19,11
12,20,16,19,18,19,19,13,15,17,19,15,16,12,13,11,16,20,11,13,19,18,14,16,11,18,19,19,12,13,16,17,15,13,17,12,15,18,13,18,10,18,12,14,19,15,16,14,13,17
16,12,16,10,10,15,13,12,10,16,10,19,20,18,10,17,13,12,16,11,10,20,18,16,12,10,16,11,10,19,20,12,10,20,10,12,12,16,15,17,15,11,14,12,19,11,10,10,12,16
15,18,13,14,18,11,19,14,10,15,19,19,12,11,15,12,18,13,15,19,12,19,18,10,15,12,13,17,20,17,10,11,20,17,19,17,12,12,10,11,12,11,11,10,14,16,15,19,16,19
16,14,19,14,11,20,15,13,12,15,17,15,18,14,18,19,16,19,14,12,18,16,12,15,20,16,18,15,12,18,16,12,18,14,15,17,20,14,13,17,17,14,12,13,16,10,19,17,16,19
15,15,12,18,14,19,18,14,19,17,14,11,18,17,19,18,18,14,14,19,10,14,19,15,10,10,14,18,13,15,18,10,16,12,18,16,10,20,18,12,12,11,15,15,13,18,10,15,16,20
12,14,18,13,10,13,11,19,20,13,15,11,12,19,11,14,16,20,14,15,16,12,15,17,11,14,19,16,10,15,12,12,10,13,19,12,13,20,17,20,18,10,15,12,19,16,12,18,18,16
10,10,19,13,12,13,13,17,17,16,16,13,17,19,16,10,16,15,20,10,19,18,19,11,17,11,15,10,20,11,10,16,10,19,11,17,17,11,14,20,18,16,10,11,16,18,19,11,17,11
12,14,10,20,12,19,16,13,20,16,11,16,14,13,17,20,19,13,10,18,19,13,20,11,10,11,16,14,16,19,15,20,10,15,14,10,14,20,14,12,13,19,20,11,20,15,16,19,15,18
10,19,12,14,14,12,17,18,18,19,10,12,12,13,10,12,16,12,18,20,19,10,13,17,11,19,19,13,20,17,11,16,16,10,12,17,19,11,13,17,18,20,11,14,18,11,16,12,11,13
11,19,17,12,13,10,15,11,11,19,12,14,20,10,16,16,13,17,12,20,11,17,16,14,13,20,13,18,19,12,13,17,18,18,19,20,16,15,20,19,18,12,18,11,14,19,16,19,10,12
19,16,12,16,16,19,13,20,11,13,20,12,10,18,18,18,10,20,18,19,16,10,10,19,20,11,17,10,18,14,11,16,18,19,11,12,17,18,16,16,16,14,20,16,12,14,11,13,12,16
13,20,20,19,11,18,17,17,20,13,20,14,15,15,19,12,12,17,13,19,19,16,17,10,10,19,15,20,17,14,17,17,12,16,11,13,18,11,13,17,15,15,15,13,20,10,15,18,20,18
10,11,18,13,14,17,20,14,18,14,10,11,16,20,19,19,16,17,20,17,20,16,12,10,13,14,10,12,15,18,14,17,17,11,15,12,17,11,16,13,12,16,14,10,12,11,12,12,10,11
18,20,13,16,13,17,20,16,14,16,19,18,17,19,14,16,20,13,13,15,16,20,14,12,20,15,17,17,17,19,15,20,13,10,18,18,13,11,19,16,11,13,13,20,19,15,12,14,11,19
10,13,19,14,20,10,17,14,10,11,20,15,13,18,12,12,13,19,16,10,19,17,20,11,12,17,16,20,13,11,15,20,19,15,15,14,14,11,18,17,20,10,11,11,10,15,19,17,19,17
15,17,19,20,13,19,13,11,11,13,14,14,19,14,13,19,17,19,13,19,15,15,12,12,10,15,19,11,16,15,20,20,12,16,15,13,15,12,11,14,10,17,18,19,13,15,19,11,11,10
15,17,19,20,16,17,12,15,15,10,13,15,16,12,16,15,11,14,14,16,14,19,11,17,10,18,14,13,17,16,13,13,12,20,19,14,10,16,18,14,16,18,18,11,18,15,14,14,20,17
16,19,13,19,20,15,11,10,18,17,13,20,18,14,17,12,20,17,20,11,18,15,14,10,13,17,16,19,20,14,20,14,17,10,20,15,17,13,19,19,19,12,14,20,20,12,10,20,11,11
16,13,11,12,11,12,18,12,18,10,13,15,12,16,18,20,20,20,13,11,13,13,15,12,15,15,14,16,16,13,17,19,14,11,10,14,19,16,15,18,10,20,17,10,12,15,15,19,18,11
17,16,12,15,20,15,18,17,12,18,11,13,10,17,16,14,10,19,15,11,20,13,14,11,10,19,15,12,12,15,16,14,18,15,15,18,20,19,10,15,17,11,20,19,15,16,13,14,18,15
11,19,17,15,12,12,16,19,13,10,19,20,16,14,12,10,16,20,16,17,11,14,15,16,15,17,14,17,16,13,15,15,11,17,15,13,17,15,10,11,19,20,17,16,18,16,14,18,13,18
20,17,19,17,18,15,11,11,19,16,20,20,17,10,10,19,10,20,19,15,11,17,10,12,14,13,12,13,20,16,13,16,16,18,19,16,10,12,10,18,20,10,20,11,17,10,10,16,16,20
16,11,19,12,18,14,12,16,15,14,10,11,18,14,14,11,18,10,19,14,19,18,17,15,19,10,16,13,19,18,20,14,19,18,11,14,14,13,19,15,14,10,17,18,11,10,15,11,11,16
16,10,20,13,16,16,19,14,19,15,12,10,11,13,14,17,14,11,15,18,12,20,18,15,18,12,18,17,12,11,18,10,12,10,16,20,11,17,15,16,14,17,12,13,20,14,19,18,11,18
11,19,18,18,15,17,17,14,12,11,17,16,14,17,17,16,15,15,16,14,10,14,20,16,15,15,11,13,11,10,12,12,15,17,18,12,12,15,12,11,17,15,18,20,11,16,15,20,10,15
11,18,10,14,11,13,10,14,15,14,19,12,13,17,15,16,15,15,19,16,12,14,15,16,14,18,15,20,19,10,19,12,12,17,19,15,20,13,13,14,13,13,20,19,12,20,18,15,10,16
17,15,13,19,15,15,16,13,15,13,18,10,15,17,15,19,18,12,20,12,12,15,20,20,11,11,11,15,10,11,12,13,15,13,17,13,17,10,17,18,13,11,11,16,18,19,20,12,14,10
16,13,15,15,19,19,14,11,14,17,14,12,14,14,10,19,19,12,11,13,15,14,11,18,16,20,10,19,16,16,14,16,14,13,16,19,10,17,15,20,16,19,10,11,10,15,18,19,14,18

The sequence dependent setup time of each job processed on machine 3.
(Where rows denote jobs: 1 to 50 and columns denote jobs: 0 to 50.For example:The value of Sijk is in row j,column i+1.)
14,17,16,17,13,19,16,16,17,19,14,19,13,16,12,15,10,17,20,19,11,13,11,20,13,10,16,13,17,16,13,15,15,19,11,20,18,10,10,13,15,16,12,18,12,15,10,14,19,17
10,20,19,19,16,14,17,14,14,17,17,20,11,14,18,10,15,12,19,15,15,18,17,20,13,17,17,12,15,15,13,15,11,15,19,11,17,16,12,13,11,10,11,17,17,13,13,12,16,15
10,17,18,19,16,18,20,17,15,20,14,10,12,16,20,12,18,12,18,15,19,12,11,15,11,12,13,20,14,10,11,18,20,17,11,13,19,15,12,19,10,13,11,17,16,12,16,10,10,17
17,19,14,20,14,20,12,20,13,18,11,15,11,11,15,13,14,16,18,17,20,19,15,17,19,12,13,13,18,11,14,20,10,15,11,18,10,11,14,14,16,18,18,15,10,11,18,13,16,20
12,14,20,16,17,10,20,16,17,20,10,19,12,10,12,14,16,11,20,13,15,10,15,18,13,10,11,15,18,15,19,10,12,10,16,19,12,20,18,15,13,14,11,19,11,15,19,13,11,20
11,13,14,17,17,15,14,19,12,13,11,17,14,20,20,13,18,14,15,19,18,19,16,20,11,20,19,14,18,20,17,20,13,17,19,15,17,17,19,19,12,10,15,15,14,11,10,12,20,15
15,10,17,17,14,11,15,10,15,11,15,15,11,15,16,13,15,11,16,20,18,18,16,15,16,15,13,16,17,15,10,18,16,20,18,14,11,19,17,15,11,13,18,16,11,12,18,14,13,11
16,10,12,19,18,20,14,16,14,10,14,15,19,11,16,19,17,17,20,15,17,14,16,20,15,14,19,17,11,16,10,19,17,11,17,13,15,18,14,10,20,18,16,13,12,11,15,11,13,19
10,11,15,11,15,19,15,13,14,20,17,19,18,13,14,11,13,20,11,16,14,12,17,10,12,20,20,14,10,10,20,16,12,14,12,14,13,10,16,11,17,15,17,11,14,15,10,19,16,13
13,20,13,11,14,12,18,12,14,13,17,13,16,10,12,16,17,19,19,14,15,18,16,11,14,10,16,15,11,12,11,20,15,16,16,12,17,18,20,12,19,14,19,16,14,17,10,15,13,19
15,16,10,16,13,11,11,11,18,18,13,11,11,19,15,18,10,14,17,11,12,11,10,13,17,20,11,10,20,10,19,18,18,16,11,15,14,18,14,16,15,19,10,14,20,10,20,19,12,13
14,20,15,12,20,16,15,18,16,15,11,15,14,10,13,17,11,16,17,12,18,12,13,20,10,17,13,14,19,15,12,18,18,11,20,14,11,14,20,11,16,17,18,19,10,12,12,16,19,17
15,14,20,15,15,16,10,19,15,11,12,19,10,16,20,13,14,18,14,10,10,10,20,15,14,15,10,16,12,11,20,13,10,15,18,16,18,15,11,17,16,15,17,14,17,10,12,10,10,13
18,14,20,14,16,20,14,18,14,18,16,12,20,12,15,18,11,15,17,17,11,16,11,14,19,10,19,18,13,10,18,12,17,15,16,13,16,10,16,15,11,16,14,17,16,19,14,19,13,11
14,20,13,11,12,17,14,13,18,12,18,18,10,18,19,11,14,19,14,14,15,19,17,16,14,16,11,14,20,19,15,17,19,13,20,19,18,17,12,17,15,15,16,18,15,17,17,10,18,18
12,11,20,19,16,10,15,15,15,19,20,11,12,13,12,17,20,19,18,18,13,18,20,20,19,15,12,12,15,16,19,19,15,16,15,10,10,10,10,20,20,17,18,16,11,13,16,16,15,19
16,15,10,13,17,19,18,13,10,18,19,18,10,10,17,11,11,10,10,18,15,13,19,16,18,10,10,15,16,13,11,19,16,14,14,10,18,14,11,10,18,19,13,10,14,19,16,16,15,14
13,14,15,11,19,10,15,12,12,19,11,17,15,19,17,10,13,18,10,13,15,13,12,13,20,12,12,20,18,16,11,20,10,13,15,19,10,15,16,18,15,19,12,14,12,19,10,20,20,20
20,17,11,16,12,14,15,14,14,17,14,13,10,16,14,20,18,18,12,12,15,10,11,16,11,15,18,13,19,10,13,16,12,13,12,17,14,10,11,17,15,13,10,12,16,13,14,11,20,13
13,13,18,12,12,11,10,13,11,19,19,17,18,12,11,14,15,10,11,14,18,13,15,10,15,16,15,14,20,16,17,10,20,15,14,13,13,17,18,16,13,15,11,18,10,20,11,10,20,11
16,12,13,19,17,16,12,12,15,17,14,16,14,13,20,18,14,18,12,11,20,19,19,16,10,12,13,16,20,15,13,20,17,15,18,12,17,13,11,14,16,14,12,16,16,12,15,15,12,14
16,19,20,16,16,12,15,18,12,20,10,12,16,19,14,20,12,15,10,15,17,17,13,17,15,19,19,12,18,17,14,11,20,15,14,18,12,12,10,10,13,12,14,20,11,19,19,10,20,13
15,14,14,19,14,12,15,20,11,13,15,20,13,10,12,10,16,14,18,19,18,12,10,18,15,12,20,10,19,15,18,18,16,13,18,14,13,15,10,10,15,19,10,16,15,19,17,18,15,16
13,13,18,11,11,16,17,14,20,11,12,13,19,12,14,15,20,12,12,14,19,16,13,11,20,15,10,18,19,13,19,12,13,17,16,18,15,13,12,15,14,11,17,18,15,14,10,11,18,13
19,19,18,18,10,18,20,12,12,17,12,11,20,18,14,10,19,17,16,18,11,15,11,15,15,17,18,16,17,12,16,13,17,17,10,14,20,17,16,13,11,10,13,11,16,10,12,20,20,10
12,17,13,19,18,20,11,12,16,20,18,14,13,15,10,12,13,18,10,15,12,11,13,20,18,18,12,10,13,10,16,13,16,20,13,12,20,12,20,12,20,18,16,18,17,13,12,11,10,20
15,17,18,17,17,11,11,15,17,15,14,14,18,15,12,16,19,10,18,15,12,19,16,19,12,16,12,13,12,19,18,17,11,13,13,14,15,16,16,12,14,19,20,12,14,10,16,12,18,15
10,15,11,19,19,20,15,17,17,13,14,18,16,13,11,14,18,17,17,18,15,18,15,19,20,19,18,14,19,11,10,18,17,14,11,19,13,15,15,19,15,18,19,14,16,13,18,11,20,11
10,18,16,10,12,13,12,11,15,13,19,20,15,19,10,14,16,19,11,13,18,15,12,19,16,11,16,15,15,18,13,16,20,11,15,10,13,19,15,18,11,18,19,17,16,16,20,11,13,18
16,11,16,17,14,10,15,12,10,10,17,19,12,15,14,17,17,11,13,19,11,16,16,12,15,13,17,15,10,17,19,16,13,10,12,18,11,16,18,12,19,10,14,16,12,10,12,11,20,10
17,10,11,16,15,10,11,15,12,10,20,20,18,20,16,10,13,15,16,17,10,16,14,12,14,18,11,14,13,12,11,13,20,12,13,12,14,19,18,15,20,19,18,20,12,20,17,14,13,19
13,14,14,17,19,18,10,18,10,16,14,18,10,13,10,19,17,14,10,13,13,12,20,20,20,19,15,18,13,19,13,12,15,13,13,11,14,13,19,15,19,16,12,15,17,15,12,17,10,18
17,14,11,16,12,17,16,10,16,16,11,18,12,19,14,17,16,18,14,19,13,16,17,19,13,20,19,10,14,19,18,11,13,16,17,19,12,19,11,17,20,14,20,18,17,19,16,13,12,10
17,19,18,14,11,17,18,13,11,20,12,17,16,19,16,11,13,20,14,17,12,14,17,11,10,13,17,16,10,12,19,20,10,19,13,11,18,20,10,13,16,13,20,14,12,20,19,10,14,16
14,12,10,10,13,10,12,15,11,13,14,15,15,14,11,17,13,14,12,10,15,12,17,13,20,15,18,14,13,18,13,16,14,18,14,15,10,17,13,19,17,15,14,14,16,14,19,15,19,20
16,18,17,16,14,10,12,17,10,10,10,16,11,15,19,18,14,11,15,15,17,15,18,17,15,17,19,15,16,12,12,16,13,12,20,18,13,13,14,16,18,15,13,16,11,11,18,10,18,17
18,11,13,16,12,19,16,14,14,13,20,17,12,13,15,15,11,20,16,10,18,13,14,20,19,17,14,17,13,18,10,20,12,14,20,20,17,11,20,18,11,10,16,11,17,19,15,12,12,17
20,11,10,19,17,12,14,13,14,20,10,20,14,15,19,11,16,19,14,12,16,13,15,11,17,16,12,15,15,12,13,18,13,12,17,17,15,15,15,13,19,12,12,14,19,12,14,17,13,20
13,17,13,19,16,18,17,12,13,11,15,11,18,17,17,12,16,11,10,18,13,13,11,13,19,10,19,18,12,17,20,18,11,12,15,18,17,15,18,16,14,13,13,12,18,17,20,17,18,15
17,15,13,17,17,19,13,11,20,15,19,18,12,12,16,18,15,11,16,20,10,11,15,13,16,18,18,19,13,10,19,20,16,17,12,18,13,20,17,18,20,14,16,10,16,19,14,10,16,17
18,15,20,19,15,15,11,20,17,20,17,12,20,19,18,17,12,12,13,15,18,15,20,12,20,12,16,10,15,15,13,11,14,10,20,19,18,20,10,16,11,16,20,15,19,11,11,11,14,11
15,20,17,20,13,15,20,15,14,18,18,20,13,11,10,14,14,19,13,18,11,18,20,12,10,12,19,14,18,12,16,13,18,11,11,15,14,16,15,16,20,20,11,13,18,18,19,15,19,10
18,20,19,19,18,12,20,18,14,19,17,20,10,11,12,10,20,11,18,13,10,10,10,18,18,12,17,12,13,18,10,20,16,14,18,18,13,16,16,16,20,15,10,20,12,15,16,16,12,20
16,10,15,16,14,10,15,17,10,15,13,11,10,17,13,11,19,14,17,12,12,11,15,18,14,19,20,11,17,12,20,14,12,14,18,12,14,16,17,10,19,16,20,14,12,11,12,18,16,15
16,19,13,20,13,15,13,17,18,19,19,12,19,10,12,14,10,10,11,13,14,12,19,16,18,11,13,13,18,10,20,16,19,15,11,10,12,15,12,10,17,19,15,16,17,19,10,11,14,14
15,11,20,19,16,10,15,10,12,16,19,13,10,13,12,20,17,17,14,11,16,16,20,15,16,14,16,19,18,12,14,14,20,16,10,16,19,11,18,17,14,14,20,20,13,12,13,14,14,17
18,16,16,16,17,19,14,10,13,14,13,16,14,10,15,17,20,17,18,19,11,17,20,10,20,17,17,18,10,19,16,12,19,14,17,15,11,13,16,10,17,12,18,18,15,11,15,15,17,11
14,13,13,19,10,20,13,18,14,17,17,20,10,13,19,19,10,14,15,10,12,19,17,17,15,19,16,14,17,19,12,11,14,14,20,13,16,13,16,20,16,16,15,10,12,14,12,19,15,16
14,14,12,17,11,12,15,18,10,12,18,20,17,16,11,17,18,12,18,20,10,11,13,17,11,15,20,18,20,17,19,12,15,19,19,11,20,15,13,18,18,16,16,18,12,16,20,14,12,12
20,17,12,12,17,16,11,16,10,11,17,19,11,15,13,10,17,10,12,16,16,20,11,14,14,10,10,20,16,18,16,20,12,13,16,18,10,15,17,13,17,10,18,13,20,17,11,10,14,18
14,17,20,12,20,10,19,11,14,20,18,17,20,16,19,11,10,17,14,18,14,11,18,20,18,17,18,14,14,18,12,16,11,15,13,17,17,16,16,16,17,12,18,19,19,13,19,13,19,17

The sequence dependent setup time of each job processed on machine 4.
(Where rows denote jobs: 1 to 50 and columns denote jobs: 0 to 50.For example:The value of Sijk is in row j,column i+1.)
16,15,10,17,11,13,14,11,14,19,17,19,11,16,19,19,19,19,14,20,19,17,17,13,18,10,10,15,17,19,16,13,18,19,16,13,16,12,11,19,10,17,13,19,17,16,13,19,18,14
15,13,11,11,20,12,15,17,19,15,14,14,20,15,19,16,10,10,14,11,20,20,17,20,10,14,13,13,11,17,20,14,14,11,15,15,17,12,20,16,20,15,12,17,16,19,19,10,13,10
12,14,11,13,11,15,20,13,10,13,13,14,18,18,13,20,16,11,18,19,11,17,11,18,10,11,13,12,14,13,14,12,14,12,17,14,14,17,16,20,13,12,15,16,10,14,18,17,19,14
16,16,10,18,10,18,13,12,20,10,12,17,14,14,10,14,20,12,11,11,12,20,13,20,17,18,12,15,12,14,11,13,18,20,14,10,17,16,12,15,13,16,13,18,12,19,19,16,14,11
11,19,13,13,19,11,13,11,10,11,19,11,11,11,12,18,20,13,15,18,18,12,14,18,20,11,17,19,18,13,18,20,15,17,14,15,12,16,11,16,17,10,20,20,10,14,14,20,14,14
10,19,12,18,14,17,14,14,15,18,12,18,14,13,14,14,19,18,20,10,16,14,10,16,14,15,13,15,10,13,12,16,16,10,11,20,20,10,16,16,17,15,13,13,19,13,15,12,18,18
17,16,12,15,15,17,18,14,16,15,18,14,17,13,10,12,18,11,13,20,13,20,18,11,11,16,13,16,15,18,14,11,16,11,16,18,14,17,19,16,18,14,13,18,12,18,15,14,19,15
15,17,19,17,10,13,19,13,12,20,20,20,20,13,18,11,17,10,13,20,18,11,18,17,14,15,19,12,10,11,17,12,13,15,16,15,16,16,18,10,11,13,17,10,16,11,11,20,20,10
19,11,11,15,10,11,18,14,17,16,13,18,10,14,20,15,12,15,19,10,13,14,11,16,15,19,10,11,19,13,11,12,15,20,10,20,14,13,17,12,15,18,12,15,10,20,16,19,16,16
11,13,14,12,16,10,14,12,10,14,16,20,20,10,10,10,19,15,17,10,13,11,13,10,14,16,20,16,17,15,14,13,13,17,20,14,16,11,18,14,20,15,20,12,14,18,19,15,11,15
18,14,16,19,15,17,17,14,16,12,16,12,14,11,18,10,12,19,11,15,18,20,14,12,15,16,13,10,15,13,10,10,20,14,15,11,19,16,19,18,14,16,13,16,15,10,12,20,13,10
11,10,14,17,13,11,17,20,10,16,15,16,11,19,18,17,10,15,15,12,11,19,18,15,11,18,18,19,19,17,11,17,15,13,19,20,10,10,19,13,20,10,18,17,20,17,14,20,18,10
14,16,14,11,18,14,17,10,16,10,13,15,11,17,20,12,19,14,12,13,11,20,12,16,15,13,20,19,12,17,18,16,19,16,17,14,10,14,11,18,10,11,15,15,10,10,19,12,20,19
18,18,11,20,14,18,15,18,13,16,20,16,16,11,18,19,15,18,20,17,12,13,12,11,18,18,10,17,10,19,11,17,18,16,17,12,18,15,15,16,13,14,15,13,11,17,12,12,12,14
14,12,12,13,13,13,20,15,11,12,10,14,10,16,17,10,15,12,17,15,14,11,20,18,16,12,17,14,12,18,12,17,20,10,13,11,10,12,12,14,11,20,19,18,14,15,20,11,11,17
17,14,20,13,17,14,10,13,20,12,19,20,16,10,16,12,16,13,13,17,19,20,15,19,16,13,17,20,16,16,15,13,15,11,16,12,18,13,16,18,17,17,13,20,19,15,19,10,10,19
14,13,19,17,16,16,17,12,10,13,12,13,16,14,20,16,15,14,13,20,16,17,14,17,12,20,12,12,11,11,19,19,11,10,14,11,19,12,11,16,16,13,15,12,14,15,16,12,17,19
12,20,20,13,17,20,20,18,17,18,15,10,13,16,10,18,20,18,10,20,12,10,15,10,15,20,16,15,10,14,17,17,18,15,16,14,17,17,15,19,11,12,15,10,12,13,19,18,12,18
13,17,11,11,19,20,13,17,17,12,16,20,13,18,15,18,10,15,18,20,17,11,12,16,20,11,18,13,19,15,15,17,11,13,18,13,11,15,17,12,18,10,12,16,15,19,20,16,10,17
11,19,19,16,20,14,15,20,16,19,15,11,18,10,18,12,15,14,10,12,12,14,15,14,14,14,11,10,11,11,20,10,13,14,15,12,17,16,19,13,20,18,16,11,10,17,17,11,19,18
12,19,16,10,12,14,13,10,15,10,10,15,12,14,11,12,17,17,20,14,15,19,18,17,20,18,11,20,12,18,15,12,14,18,14,20,17,14,17,17,10,14,13,12,15,13,11,19,16,20
16,19,15,10,14,20,11,10,19,10,13,12,14,19,19,12,11,12,19,15,15,14,20,12,10,16,13,16,10,11,16,17,18,11,17,19,12,16,15,19,17,19,11,16,10,10,10,12,16,11
12,10,14,18,17,10,13,11,10,15,13,16,10,15,18,12,10,13,18,15,10,17,18,15,17,10,12,17,11,17,20,10,14,16,19,13,13,12,20,11,16,13,19,18,14,15,12,13,11,19
10,18,17,17,13,14,19,12,11,17,13,15,12,16,20,17,15,10,13,12,17,14,17,16,12,12,17,20,12,17,17,17,11,17,17,12,14,20,16,18,15,19,17,20,19,16,16,17,18,19
11,17,18,20,10,12,12,19,15,11,14,10,16,16,13,16,17,16,13,15,20,20,17,14,17,12,14,13,10,20,12,19,16,10,20,12,13,20,13,20,16,11,20,10,12,10,16,13,12,18
17,19,18,12,18,10,12,18,17,19,15,11,12,18,15,19,10,10,10,19,20,19,13,19,16,10,17,20,20,17,12,15,11,10,16,18,12,11,14,11,15,18,16,16,19,14,12,13,17,16
15,14,20,19,20,16,18,15,13,11,13,13,14,16,19,17,19,15,20,17,10,14,18,12,13,12,11,15,19,18,16,16,11,12,10,10,15,11,19,17,15,19,15,18,14,19,13,11,15,20
15,10,13,16,10,16,19,10,17,17,14,14,17,15,11,16,20,11,17,13,12,15,19,20,16,10,13,12,12,19,18,12,14,18,18,18,14,16,14,10,12,12,20,19,15,12,14,20,18,15
16,11,12,13,13,16,12,19,11,18,15,20,11,16,18,13,18,20,16,15,16,10,13,12,12,13,17,15,19,17,18,20,14,17,11,18,10,15,20,16,13,16,20,19,15,20,15,11,14,11
10,13,15,15,10,10,12,14,13,16,11,19,20,14,16,14,17,18,11,11,12,10,13,11,11,10,18,18,19,20,19,19,13,20,19,10,15,15,20,14,14,15,11,18,15,13,10,19,14,16
13,11,13,12,10,15,20,13,15,17,17,10,11,11,17,20,10,10,13,19,18,20,14,18,13,16,20,17,14,15,11,15,11,10,18,15,20,18,13,18,20,14,20,17,18,16,11,16,16,20
18,18,13,12,14,10,18,16,20,15,16,11,10,16,17,20,11,14,18,16,10,16,20,18,11,12,12,20,12,12,18,13,13,20,16,16,12,14,10,17,18,15,11,13,14,17,11,17,18,20
12,12,15,12,12,13,13,10,13,12,18,16,10,13,19,19,17,14,13,18,12,19,18,11,18,20,11,13,11,20,13,10,11,17,16,18,20,20,11,20,16,19,15,11,13,18,14,10,14,11
14,19,19,15,19,18,20,13,18,11,13,11,10,13,14,15,19,12,17,16,20,18,18,19,10,16,14,14,15,13,20,14,18,20,13,15,11,20,15,18,10,17,12,13,19,17,15,16,20,17
11,19,20,20,20,18,18,16,14,17,13,17,13,20,11,14,10,20,19,11,14,18,11,20,13,18,13,10,13,19,13,18,15,13,13,14,15,20,16,14,12,20,13,13,16,14,11,12,14,19
11,14,20,11,16,13,10,18,18,14,14,17,14,14,15,11,16,14,10,16,16,14,11,20,14,20,17,20,14,13,18,13,19,18,17,10,17,13,18,18,19,11,18,14,20,14,14,12,19,11
12,14,12,16,18,10,20,10,15,13,12,20,11,10,13,16,13,18,10,13,20,10,17,19,11,20,10,19,20,11,13,18,19,17,10,11,15,19,10,14,14,19,13,16,16,19,16,12,16,20
16,11,11,14,18,20,20,15,13,16,18,13,10,19,17,16,12,15,16,12,19,18,14,14,12,18,16,20,20,10,15,18,20,10,20,12,12,15,17,16,16,19,10,17,19,12,13,20,20,11
14,10,10,19,13,20,19,11,12,20,19,19,13,18,10,10,13,16,16,18,10,14,17,10,11,12,19,14,15,12,20,20,11,17,18,12,18,12,11,19,15,11,17,14,19,16,18,16,10,20
14,19,19,17,16,14,19,11,11,11,12,13,11,12,14,13,12,18,11,16,19,18,14,15,18,12,18,10,12,12,11,19,14,18,11,11,17,17,18,18,16,10,18,20,16,18,12,16,20,15
19,19,19,15,19,19,10,13,19,20,14,12,17,12,11,10,18,16,15,13,13,20,17,16,13,15,13,19,15,11,11,18,11,11,16,14,11,17,11,12,13,12,14,16,17,11,16,13,13,15
15,20,11,13,12,15,11,18,11,13,16,16,10,20,12,18,17,20,11,17,20,11,15,16,15,16,20,12,14,12,16,17,11,11,16,11,10,13,20,11,14,14,12,17,20,12,11,13,14,12
16,19,12,14,13,19,20,10,12,17,17,19,12,11,15,15,10,14,19,18,20,17,13,16,16,10,15,20,11,15,16,11,16,16,15,20,13,16,18,14,19,16,18,18,17,12,19,16,14,12
19,14,12,12,16,20,10,18,20,19,10,10,17,13,19,10,13,20,14,17,18,14,20,11,15,12,20,17,12,15,11,20,10,15,12,16,16,12,20,20,15,14,20,11,12,19,18,16,11,20
18,10,18,16,18,14,20,13,15,14,12,10,11,13,13,13,10,20,16,19,10,11,19,12,16,17,14,14,12,16,20,20,10,11,15,16,13,15,14,13,12,12,20,18,10,15,13,14,14,15
11,16,16,15,20,12,17,16,18,15,11,11,12,20,17,16,11,16,14,12,14,15,18,20,13,12,11,11,12,19,19,16,14,17,10,17,15,19,15,20,13,19,19,13,11,16,19,15,14,16
14,19,17,12,18,10,16,16,15,14,15,16,15,18,19,18,15,19,14,13,20,13,16,17,11,14,10,20,15,11,18,20,16,19,13,14,11,13,10,12,13,15,14,18,20,18,19,19,19,17
18,13,12,19,20,17,19,10,12,17,14,12,14,10,12,15,20,18,10,11,10,10,20,17,15,10,11,18,15,10,13,12,10,15,20,11,14,20,15,15,19,14,20,18,19,18,18,12,15,16
16,15,16,12,17,20,20,20,15,14,15,18,13,10,15,20,13,20,13,14,18,10,11,10,14,17,10,19,11,20,14,16,16,16,12,12,19,15,10,10,16,14,18,17,12,10,19,13,19,13
12,10,20,20,13,14,19,14,18,13,17,10,13,17,11,12,13,16,20,16,16,15,11,19,10,15,12,10,16,15,11,10,19,15,14,10,20,18,19,12,15,13,20,17,10,10,13,14,13,14
15,14,14,18,10,19,19,18,14,18,18,19,18,13,10,17,16,13,10,12,12,10,12,11,18,20,11,14,20,13,12,13,18,11,11,19,12,14,18,12,17,13,20,12,11,10,20,16,16,19

The sequence dependent setup time of each job processed on machine 5.
(Where rows denote jobs: 1 to 50 and columns denote jobs: 0 to 50.For example:The value of Sijk is in row j,column i+1.)
20,16,20,18,16,15,19,13,17,10,12,16,12,17,18,11,12,17,17,11,12,20,18,10,19,17,14,15,19,16,13,13,16,17,12,19,15,10,12,13,10,19,12,19,16,16,17,12,18,16
13,17,12,11,16,19,10,20,11,14,11,15,13,10,11,10,16,17,12,14,11,20,10,16,15,13,15,17,15,18,10,20,18,19,13,13,15,12,10,20,17,14,13,17,15,15,19,20,12,18
20,17,18,15,10,13,10,15,20,13,16,18,12,13,12,12,10,10,20,12,20,13,10,20,15,11,14,18,19,18,10,17,17,15,12,16,15,15,19,20,12,12,12,16,17,19,19,10,19,15
10,12,12,10,15,13,20,15,15,13,14,16,18,12,12,16,15,14,18,10,14,14,16,19,15,10,14,10,12,12,14,14,12,17,10,10,19,19,14,10,16,19,17,11,11,16,20,19,19,19
14,19,10,17,11,11,18,10,14,18,15,10,17,14,13,18,17,10,16,13,16,14,19,12,14,18,16,18,11,19,17,19,10,20,10,13,16,10,12,11,12,12,12,11,16,11,20,14,12,17
16,17,19,20,16,10,15,10,18,10,17,13,13,18,20,16,16,13,10,16,16,17,20,10,14,18,15,17,14,16,18,18,11,11,20,12,15,18,10,14,17,10,19,16,11,11,10,14,18,20
16,12,16,15,13,13,16,17,20,10,11,11,15,18,15,18,18,12,18,17,14,18,15,17,15,19,18,15,13,10,17,16,14,18,19,16,12,14,17,15,15,11,11,18,17,20,16,14,20,19
10,14,13,15,15,11,12,12,12,18,15,19,15,14,11,11,12,16,11,14,10,15,15,12,19,13,11,10,20,19,18,19,16,15,18,17,11,14,14,15,18,18,13,19,15,13,20,19,16,18
15,14,17,18,12,19,11,18,19,20,17,15,15,19,19,15,16,11,11,15,11,15,12,19,17,14,15,16,19,16,12,18,11,11,20,11,14,17,14,19,15,17,18,20,15,11,19,19,10,14
10,10,15,17,14,14,11,15,20,18,15,18,18,14,11,18,13,19,16,10,17,20,11,17,16,11,14,18,18,18,13,11,10,19,15,10,11,16,16,15,14,11,12,17,10,19,10,19,20,14
20,12,12,15,14,11,15,20,15,19,19,17,19,13,10,16,19,13,17,20,15,16,10,10,16,13,11,20,12,14,11,11,10,17,17,10,15,10,18,17,15,17,18,15,13,17,12,18,15,14
20,13,19,13,18,14,10,20,19,17,18,14,12,10,10,13,14,16,17,10,19,18,10,10,13,13,17,14,10,14,17,19,14,10,16,13,19,16,18,11,13,15,18,15,14,19,20,12,13,16
13,11,12,11,18,17,13,20,19,14,17,10,13,11,12,16,15,14,14,13,17,14,16,19,18,17,13,19,14,19,20,11,10,15,11,15,11,18,17,17,18,16,10,15,11,10,19,17,10,15
14,11,18,17,18,14,11,14,17,10,13,10,15,13,20,20,19,18,20,16,15,11,13,10,13,16,18,11,13,19,16,14,13,11,19,20,15,16,15,15,10,10,17,12,12,13,19,20,19,11
17,10,16,11,19,13,20,13,13,18,13,18,16,10,17,14,13,17,19,19,10,19,18,13,20,17,15,17,15,13,13,11,12,12,10,15,14,10,15,11,10,13,10,12,18,16,10,12,11,19
14,17,15,13,18,13,10,19,10,15,17,16,11,18,11,16,13,12,10,10,17,15,19,17,17,20,14,19,13,13,10,17,15,19,18,13,15,20,12,17,12,12,15,20,10,13,11,13,18,16
12,16,15,10,11,10,15,18,14,15,17,11,11,17,11,20,20,12,13,19,14,12,19,19,16,18,13,14,20,14,18,18,15,16,20,17,11,10,17,17,14,19,18,19,12,14,10,11,12,14
14,10,19,16,19,16,12,14,15,11,14,18,17,13,19,18,15,18,11,18,15,11,18,12,20,18,20,15,20,20,20,10,12,15,20,15,16,14,18,11,19,11,11,11,19,12,19,15,20,12
12,11,11,20,13,10,11,15,11,12,12,12,15,17,16,19,19,19,15,16,14,14,17,17,18,18,19,10,19,14,18,16,11,20,17,16,12,12,18,12,19,19,12,12,10,16,15,19,13,15
10,20,18,15,19,13,14,20,11,14,15,10,18,13,16,12,12,16,20,15,16,12,14,12,10,20,20,13,12,13,18,14,14,11,17,16,15,13,18,17,16,14,11,17,17,13,20,17,19,14
12,17,10,11,17,10,13,18,11,18,20,19,15,12,19,19,12,17,18,17,18,17,19,10,14,17,13,18,10,13,20,13,19,17,20,14,11,13,11,15,19,19,19,17,10,11,19,13,14,13
20,18,10,20,17,20,10,16,19,15,18,20,20,11,10,13,13,17,13,17,20,20,18,12,14,18,15,17,12,17,12,20,17,11,12,10,17,13,16,18,19,13,14,11,16,17,10,17,19,17
12,19,10,12,17,15,16,13,12,19,19,11,13,19,19,13,17,19,17,12,19,18,14,14,16,10,17,14,17,16,11,20,17,14,13,17,15,12,17,18,14,20,12,10,17,10,16,12,17,12
13,12,16,12,16,19,18,17,15,17,16,20,14,15,12,17,18,20,20,11,11,15,18,14,19,10,18,19,12,12,11,13,18,18,13,14,20,10,16,17,11,18,19,16,17,20,11,10,13,14
10,14,10,20,17,17,18,11,17,16,15,13,14,15,10,20,17,18,18,13,18,19,17,20,10,15,11,15,15,10,12,14,14,17,19,10,16,18,16,18,13,11,20,16,12,11,14,18,12,19
13,16,12,17,13,19,18,13,20,12,16,15,13,18,20,17,18,11,15,10,18,20,20,18,10,12,20,12,18,10,15,10,11,19,12,14,16,11,17,14,11,16,12,11,15,18,15,19,20,13
19,19,11,18,20,16,18,17,19,13,11,18,16,12,13,10,14,11,19,15,12,20,11,17,20,14,13,13,20,10,17,19,14,16,18,10,19,15,14,20,17,12,20,14,17,14,11,16,15,15
15,13,12,18,20,18,11,13,13,18,19,19,16,17,18,14,11,14,19,20,14,10,10,18,11,13,12,19,11,16,20,15,11,18,12,11,16,10,10,13,16,13,18,10,11,12,10,13,20,15
20,20,13,19,18,18,18,18,20,19,16,19,18,19,20,15,18,16,13,17,19,20,18,10,12,18,12,16,19,14,11,13,11,16,14,12,19,10,18,12,11,17,20,10,17,14,19,12,11,11
13,12,10,12,12,14,13,11,16,16,11,12,19,20,20,18,16,17,11,12,13,18,15,19,13,20,18,16,15,20,11,19,18,16,11,16,18,10,11,13,17,10,20,17,20,19,14,16,12,11
11,10,11,11,14,17,19,15,19,20,13,18,15,18,13,19,15,20,11,16,18,19,11,15,17,16,12,20,11,12,14,18,19,20,20,12,11,11,17,20,19,14,15,15,20,19,10,17,19,10
10,12,15,19,14,13,16,13,20,19,10,10,17,17,19,17,12,13,12,12,20,12,11,18,14,16,10,19,10,11,15,20,16,11,19,17,16,11,18,20,17,20,19,14,16,14,19,17,14,15
18,18,18,18,12,15,20,13,12,10,14,13,14,15,18,16,16,18,13,13,20,14,13,14,16,17,14,18,16,13,19,14,14,12,13,14,11,19,12,20,10,16,19,12,16,14,19,15,16,16
10,18,18,15,17,18,20,12,17,18,12,10,13,15,10,14,12,16,16,14,15,13,16,16,16,20,13,11,16,18,16,11,16,20,17,15,19,15,19,17,18,16,16,10,18,14,16,19,20,20
19,14,12,14,20,12,17,17,10,17,17,19,16,12,12,13,19,14,14,13,15,14,16,15,16,14,15,15,11,12,11,15,15,10,16,13,20,15,16,17,19,19,17,10,13,18,11,18,11,20
10,15,10,13,19,16,13,12,11,16,17,18,15,16,16,17,15,13,18,10,15,16,14,11,17,11,15,19,17,16,15,17,12,20,18,19,18,13,11,19,17,13,11,11,15,15,13,11,13,14
11,10,20,18,16,16,19,10,17,11,13,20,10,11,18,12,17,11,15,15,15,12,16,18,20,13,10,18,14,18,19,13,12,10,14,15,13,13,15,10,19,20,16,11,10,16,16,18,20,16
17,11,15,18,19,10,15,12,18,17,17,18,10,20,15,15,19,12,12,12,15,10,18,10,13,20,15,19,19,12,15,10,15,16,12,10,15,15,13,12,20,14,14,10,17,16,12,18,11,18
19,12,17,13,15,17,13,14,20,14,12,12,19,14,10,13,17,19,11,13,19,19,19,12,14,10,19,16,15,16,20,19,17,16,17,11,19,16,19,14,20,15,19,20,16,14,13,12,11,12
20,16,13,11,18,18,19,16,15,16,15,18,16,16,11,19,20,17,15,19,18,12,20,17,20,12,18,11,10,11,11,11,10,10,18,16,10,12,13,13,12,15,13,11,19,20,16,17,14,19
19,17,18,12,17,18,10,19,14,11,14,19,12,20,14,15,15,13,13,11,20,17,19,18,19,11,20,13,18,15,16,16,18,10,19,11,10,15,13,18,17,10,15,13,13,14,18,20,14,20
12,12,16,14,16,17,10,11,13,20,19,17,18,15,15,14,17,15,13,12,18,18,12,10,14,10,10,19,16,13,19,16,13,13,17,11,12,13,11,16,20,12,17,15,16,20,17,12,19,11
11,20,16,16,16,15,11,11,18,16,14,12,12,14,20,13,14,18,16,12,11,10,19,10,11,16,10,20,10,13,19,16,12,14,20,11,13,14,12,11,13,18,20,18,10,18,20,14,10,19
12,19,15,18,18,10,18,12,17,18,19,14,11,18,12,15,14,18,15,13,18,14,15,11,16,18,10,20,10,11,13,14,20,12,12,16,16,19,16,17,15,16,16,15,17,17,13,18,19,20
14,11,17,17,18,14,10,10,11,16,20,13,12,20,19,14,18,17,13,15,12,14,20,19,20,12,19,11,13,17,20,20,14,17,18,10,20,18,16,10,18,19,15,15,17,15,20,13,12,14
18,14,16,12,10,18,14,20,15,20,16,14,15,17,18,19,15,15,17,12,10,20,13,11,20,16,12,18,15,10,17,15,10,18,14,10,17,12,15,10,10,11,16,16,19,14,18,12,15,10
20,17,15,12,16,19,20,13,12,19,18,18,14,11,20,13,17,18,12,10,20,15,16,15,10,17,17,13,10,19,15,13,18,19,12,12,13,11,16,20,11,14,11,12,19,16,20,12,10,12
14,18,19,15,13,19,13,11,13,10,18,14,20,20,16,10,19,14,18,20,19,19,17,20,11,18,15,12,15,18,18,10,16,19,10,20,11,11,12,12,19,15,19,14,18,18,16,10,17,17
20,12,15,19,10,16,17,19,19,12,18,17,10,10,13,16,17,13,14,16,19,17,14,15,13,18,15,13,16,14,14,19,12,13,17,17,12,13,10,13,17,17,11,11,19,20,16,13,13,14
16,14,15,20,20,17,14,13,16,17,18,11,20,14,12,14,14,19,17,20,10,13,17,15,14,19,20,17,11,16,14,20,16,20,17,17,15,19,14,19,20,16,14,11,16,19,20,13,17,11
20,11,20,15,14,12,14,18,20,11,12,17,20,16,10,12,11,14,18,16,13,20,10,14,18,13,13,14,12,10,19,14,19,16,13,16,12,13,20,15,19,20,15,20,13,17,12,16,16,19

