The number of jobs:
50
The number of machines:
5
The number of vehicles:
6
The number of workers:
4

The processing time of each order processed on different machines:
(where rows denote machines: 1 to 5 and columns denote orders: 1 to 
50)
39,36,37,20,22,25,26,33,23,22,39,24,20,40,35,33,30,24,38,26,36,30,26,24,34,20,27,31,30,30,32,21,31,36,32,27,33,25,37,37,38,40,35,40,36,38,30,37,29,34
25,20,23,36,32,30,24,30,37,24,27,36,31,24,24,27,35,21,27,20,31,20,33,40,21,28,37,29,25,34,28,34,24,23,27,36,24,38,26,39,23,24,31,35,33,39,30,39,29,27
39,35,31,37,24,24,20,30,36,30,26,24,30,39,30,34,31,38,39,28,21,22,40,26,20,23,38,40,31,25,39,35,21,26,38,35,25,29,32,31,25,40,35,29,34,25,20,29,24,29
23,29,33,28,33,39,36,38,27,32,32,25,40,25,20,39,25,40,36,35,34,22,21,23,25,28,24,36,32,21,38,32,20,21,35,28,30,37,28,25,40,39,27,26,25,37,38,38,21,28
34,37,32,23,36,27,37,21,21,22,36,21,22,27,32,37,25,37,21,35,23,35,31,21,23,33,30,21,34,35,24,25,24,29,30,23,28,28,38,25,35,26,21,24,30,39,35,34,31,21

The coefficient of each worker on each machine:
(where rows denote workers: 1 to 4 and columns denote machines: 1 to 
5)
1.5,1.5,0.75,0.5,1.25
1.5,1.5,1.5,1.25,1.5
0.75,0.75,1.25,1.5,0.5
1.25,1,1,0.75,0.75

The unit processing cost of machines:

10,8,10,10,9

The unit idle cost of machines:

1,2,5,1,2

The distance between each location:
(where rows and columns denote locations: 0 to 50)
0,71,64,114,37,14,20,96,69,44,106,95,97,80,119,52,45,120,86,53,58,128,82,85,79,102,59,93,66,93,58,85,80,82,73,72,76,16,98,106,33,68,7,71,116,97,84,80,21,50,57
71,0,122,93,49,65,84,97,47,52,167,75,120,142,96,85,112,182,42,123,127,189,72,90,148,150,129,77,102,160,128,105,59,12,55,96,29,86,115,164,91,77,71,81,77,156,155,75,87,47,47
64,122,0,178,73,60,44,84,94,108,127,159,61,21,182,44,75,136,115,37,73,143,145,147,43,139,71,97,38,104,38,143,97,130,137,52,111,63,156,43,83,67,70,133,179,34,59,83,42,113,120
114,93,178,0,123,120,134,185,137,71,147,20,201,193,5,158,124,161,135,159,139,167,33,38,183,115,142,169,174,155,163,58,150,99,44,175,122,117,56,219,102,160,108,49,28,210,182,164,135,67,60
37,49,73,123,0,24,41,66,32,56,144,103,78,94,127,38,83,158,50,80,95,165,93,104,104,137,95,57,54,130,85,110,43,57,79,52,41,53,123,115,69,39,42,90,116,107,113,47,44,57,63
14,65,60,120,24,0,19,82,56,50,120,101,85,79,125,40,59,134,74,58,70,141,89,95,83,116,71,78,55,106,63,97,67,75,78,59,65,29,110,103,47,54,20,80,119,95,91,66,22,54,61
20,84,44,134,41,19,0,86,71,64,110,115,81,61,139,39,49,123,90,39,57,131,101,105,64,112,57,88,50,93,44,103,79,94,93,58,82,24,116,86,46,59,27,90,135,77,72,74,3,69,76
96,97,84,185,66,82,86,0,51,121,196,166,35,102,189,49,136,209,63,113,142,216,158,170,127,197,142,24,46,178,117,176,40,97,142,33,70,109,189,109,129,28,102,156,174,105,142,22,89,122,127
69,47,94,137,32,56,71,51,0,78,175,118,76,115,140,51,115,190,21,109,126,197,111,125,130,168,127,32,64,162,113,136,14,47,94,55,21,85,148,132,100,34,73,113,123,125,141,29,74,77,81
44,52,108,71,56,50,64,121,78,0,117,52,132,124,75,88,69,132,86,94,85,140,39,48,119,98,87,110,104,113,98,57,92,63,29,106,72,51,69,150,45,94,38,35,72,141,122,101,65,7,14
106,167,127,147,144,120,110,196,175,117,0,140,185,125,152,148,62,15,191,90,55,23,125,110,95,35,56,198,155,25,89,89,187,178,133,166,180,91,94,146,77,170,103,104,168,139,81,184,108,123,127
95,75,159,20,103,101,115,166,118,52,140,0,181,175,24,138,110,154,117,142,125,161,16,30,167,110,128,150,155,145,146,52,131,82,24,155,104,100,55,201,87,141,89,36,28,192,167,144,117,47,41
97,120,61,201,78,85,81,35,76,132,185,181,0,74,205,45,127,196,93,96,130,202,170,179,104,192,129,58,31,163,98,181,69,123,157,26,97,105,195,77,127,43,104,165,193,74,120,50,82,134,141
80,142,21,193,94,79,61,102,115,124,125,175,74,0,198,64,81,132,136,40,76,138,161,161,32,143,73,116,56,100,38,154,117,150,154,70,132,76,167,26,95,87,86,147,196,17,48,103,59,130,137
119,96,182,5,127,125,139,189,140,75,152,24,205,198,0,162,130,166,137,164,145,172,38,43,189,120,147,172,179,160,168,63,153,101,48,179,125,122,61,224,108,164,112,55,27,215,187,167,140,71,65
52,85,44,158,38,40,39,49,51,88,148,138,45,64,162,0,87,160,72,66,94,168,127,134,83,151,93,55,17,129,70,136,53,91,114,20,70,62,150,81,83,25,59,120,153,74,97,41,40,91,97
45,112,75,124,83,59,49,136,115,69,62,110,127,81,130,87,0,75,131,42,16,83,94,88,62,65,18,136,97,48,44,76,125,124,94,107,121,30,87,107,24,108,43,75,136,98,57,123,47,76,82
120,182,136,161,158,134,123,209,190,132,15,154,196,132,166,160,75,0,206,100,66,8,140,124,101,47,67,211,166,32,98,103,200,193,148,178,194,105,107,152,92,183,117,119,182,145,86,197,121,138,142
86,42,115,135,50,74,90,63,21,86,191,117,93,136,137,72,131,206,0,129,144,213,113,130,151,181,145,40,84,179,133,143,24,38,96,74,14,102,154,153,115,53,89,119,118,146,162,44,93,83,85
53,123,37,159,80,58,39,113,109,94,90,142,96,40,164,66,42,100,129,0,37,106,127,125,26,104,35,121,68,67,5,116,115,133,123,81,121,43,128,65,57,90,56,111,165,56,33,106,36,100,107
58,127,73,139,95,70,57,142,126,85,55,125,130,76,145,94,16,66,144,37,0,74,109,102,51,67,3,145,100,36,37,88,136,139,110,112,134,42,99,100,40,116,57,90,152,91,44,131,55,92,98
128,189,143,167,165,141,131,216,197,140,23,161,202,138,172,168,83,8,213,106,74,0,147,131,107,52,74,218,174,39,105,109,208,201,156,185,202,112,112,157,99,190,125,126,189,151,91,205,128,146,150
82,72,145,33,93,89,101,158,111,39,125,16,170,161,38,127,94,140,113,127,109,147,0,20,152,97,112,143,143,129,131,41,125,81,18,144,100,85,47,187,71,131,75,21,43,178,151,136,103,36,31
85,90,147,38,104,95,105,170,125,48,110,30,179,161,43,134,88,124,130,125,102,131,20,0,148,80,105,157,150,117,128,22,139,99,36,153,116,85,27,187,67,142,78,15,58,178,145,149,105,48,45
79,148,43,183,104,83,64,127,130,119,95,167,104,32,189,83,62,101,151,26,51,107,152,148,0,116,48,138,81,70,21,137,135,158,148,94,145,69,149,51,81,108,82,135,191,44,17,124,61,126,133
102,150,139,115,137,116,112,197,168,98,35,110,192,143,120,151,65,47,181,104,67,52,97,80,116,0,69,194,161,54,105,58,180,161,109,170,168,89,60,167,69,169,96,77,138,158,105,182,110,104,106
59,129,71,142,95,71,57,142,127,87,56,128,129,73,147,93,18,67,145,35,3,74,112,105,48,69,0,145,99,36,35,91,136,140,113,111,135,43,102,97,42,116,58,93,154,89,41,131,54,94,100
93,77,97,169,57,78,88,24,32,110,198,150,58,116,172,55,136,211,40,121,145,218,143,157,138,194,145,0,60,181,125,166,19,76,127,47,49,107,179,128,125,31,98,145,155,123,152,14,91,109,113
66,102,38,174,54,55,50,46,64,104,155,155,31,56,179,17,97,166,84,68,100,174,143,150,81,161,99,60,0,135,71,151,63,107,131,14,84,74,165,69,96,32,74,136,170,63,96,47,51,108,114
93,160,104,155,130,106,93,178,162,113,25,145,163,100,160,129,48,32,179,67,36,39,129,117,70,54,36,181,135,0,66,98,172,171,134,147,169,77,106,121,69,152,91,108,172,114,56,167,91,120,125
58,128,38,163,85,63,44,117,113,98,89,146,98,38,168,70,44,98,133,5,37,105,131,128,21,105,35,125,71,66,0,119,120,138,127,84,126,48,131,63,61,94,61,114,170,54,28,110,41,105,112
85,105,143,58,110,97,103,176,136,57,89,52,181,154,63,136,76,103,143,116,88,109,41,22,137,58,91,166,151,98,119,0,149,116,55,156,129,80,13,180,60,148,78,24,80,171,132,157,103,60,59
80,59,97,150,43,67,79,40,14,92,187,131,69,117,153,53,125,200,24,115,136,208,125,139,135,180,136,19,63,172,120,149,0,58,108,52,31,96,162,132,112,31,85,127,136,126,148,20,82,91,95
82,12,130,99,57,75,94,97,47,63,178,82,123,150,101,91,124,193,38,133,139,201,81,99,158,161,140,76,107,171,138,116,58,0,63,100,27,97,125,171,102,80,82,91,80,164,166,76,97,58,57
73,55,137,44,79,78,93,142,94,29,133,24,157,154,48,114,94,148,96,123,110,156,18,36,148,109,113,127,131,134,127,55,108,63,0,131,82,80,63,179,70,117,68,32,43,170,149,121,95,24,17
72,96,52,175,52,59,58,33,55,106,166,155,26,70,179,20,107,178,74,81,112,185,144,153,94,170,111,47,14,147,84,156,52,100,131,0,76,82,169,81,103,21,79,139,168,76,109,34,60,108,115
76,29,111,122,41,65,82,70,21,72,180,104,97,132,125,70,121,194,14,121,134,202,100,116,145,168,135,49,84,169,126,129,31,27,82,76,0,91,140,151,103,55,78,106,106,144,154,49,85,70,72
16,86,63,117,53,29,24,109,85,51,91,100,105,76,122,62,30,105,102,43,42,112,85,85,69,89,43,107,74,77,48,80,96,97,80,82,91,0,93,103,22,81,15,70,123,93,72,94,23,57,64
98,115,156,56,123,110,116,189,148,69,94,55,195,167,61,150,87,107,154,128,99,112,47,27,149,60,102,179,165,106,131,13,162,125,63,169,140,93,0,193,72,161,91,35,81,184,143,169,116,71,69
106,164,43,219,115,103,86,109,132,150,146,201,77,26,224,81,107,152,153,65,100,157,187,187,51,167,97,128,69,121,63,180,132,171,179,81,151,103,193,0,121,101,112,173,222,9,66,115,85,155,163
33,91,83,102,69,47,46,129,100,45,77,87,127,95,108,83,24,92,115,57,40,99,71,67,81,69,42,125,96,69,61,60,112,102,70,103,103,22,72,121,0,101,27,54,112,112,80,113,45,52,58
68,77,67,160,39,54,59,28,34,94,170,141,43,87,164,25,108,183,53,90,116,190,131,142,108,169,116,31,32,152,94,148,31,80,117,21,55,81,161,101,101,0,74,129,151,95,121,16,62,96,101
7,71,70,108,42,20,27,102,73,38,103,89,104,86,112,59,43,117,89,56,57,125,75,78,82,96,58,98,74,91,61,78,85,82,68,79,78,15,91,112,27,74,0,64,110,103,86,86,28,44,51
71,81,133,49,90,80,90,156,113,35,104,36,165,147,55,120,75,119,119,111,90,126,21,15,135,77,93,145,136,108,114,24,127,91,32,139,106,70,35,173,54,129,64,0,64,164,132,136,91,36,34
116,77,179,28,116,119,135,174,123,72,168,28,193,196,27,153,136,182,118,165,152,189,43,58,191,138,154,155,170,172,170,80,136,80,43,168,106,123,81,222,112,151,110,64,0,213,192,152,137,66,59
97,156,34,210,107,95,77,105,125,141,139,192,74,17,215,74,98,145,146,56,91,151,178,178,44,158,89,123,63,114,54,171,126,164,170,76,144,93,184,9,112,95,103,164,213,0,60,110,76,146,154
84,155,59,182,113,91,72,142,141,122,81,167,120,48,187,97,57,86,162,33,44,91,151,145,17,105,41,152,96,56,28,132,148,166,149,109,154,72,143,66,80,121,86,132,192,60,0,137,69,128,135
80,75,83,164,47,66,74,22,29,101,184,144,50,103,167,41,123,197,44,106,131,205,136,149,124,182,131,14,47,167,110,157,20,76,121,34,49,94,169,115,113,16,86,136,152,110,137,0,77,101,106
21,87,42,135,44,22,3,89,74,65,108,117,82,59,140,40,47,121,93,36,55,128,103,105,61,110,54,91,51,91,41,103,82,97,95,60,85,23,116,85,45,62,28,91,137,76,69,77,0,71,78
50,47,113,67,57,54,69,122,77,7,123,47,134,130,71,91,76,138,83,100,92,146,36,48,126,104,94,109,108,120,105,60,91,58,24,108,70,57,71,155,52,96,44,36,66,146,128,101,71,0,7
57,47,120,60,63,61,76,127,81,14,127,41,141,137,65,97,82,142,85,107,98,150,31,45,133,106,100,113,114,125,112,59,95,57,17,115,72,64,69,163,58,101,51,34,59,154,135,106,78,7,0

The weight of orders:
10,15,19,11,13,13,20,13,15,19,20,10,14,13,13,13,12,20,19,17,15,20,14,10,18,18,11,14,17,11,12,12,17,19,20,19,15,10,17,20,18,12,18,15,11,19,12,10,13,13

The unit tardiness penalty of orders:

7,10,6,6,6,7,6,9,8,8,8,7,6,8,7,7,7,9,10,6,6,9,6,6,9,6,6,8,6,6,6,9,8,7,6,9,7,9,9,6,8,7,10,7,7,7,10,10,9,10

The due date of orders:
517,241,447,686,777,836,630,585,674,609,338,578,405,647,184,571,579,901,417,180,596,313,402,212,859,664,663,781,338,623,557,530,143,501,813,549,417,678,859,872,852,132,514,357,507,720,756,370,344,599

the loading and unloading time of each order:
3,4,5,3,3,3,5,3,4,5,5,3,4,3,3,3,3,5,5,4,4,5,4,3,5,5,3,4,4,3,3,3,4,5,5,5,4,3,4,5,5,3,5,4,3,5,3,3,3,3

The sequence dependent setup time of each job processed on machine 1.
(Where rows denote jobs: 1 to 50 and columns denote jobs: 0 to 50.For example:The value of Sijk is in row j,column i+1.)
12,20,11,10,20,15,16,19,11,14,10,15,14,14,14,20,16,12,10,19,14,12,11,16,15,17,12,13,13,11,17,19,15,13,11,20,16,12,13,12,20,10,20,18,19,13,13,14,13,13
15,15,16,18,20,20,16,13,13,10,16,17,17,16,13,15,15,15,12,13,18,16,15,10,10,18,17,15,12,20,20,18,11,14,14,13,16,17,16,17,14,20,20,10,13,18,14,16,14,15
12,13,12,10,11,17,17,14,19,10,18,10,13,16,20,14,17,17,13,12,12,18,16,10,13,17,20,19,17,20,14,16,14,18,17,10,18,15,12,20,18,12,15,11,19,16,11,10,16,19
18,20,11,17,16,10,14,12,20,14,17,16,10,16,10,10,16,12,11,19,18,11,16,12,19,14,14,12,19,10,15,11,19,12,12,13,14,11,10,18,15,10,12,15,10,12,13,19,15,14
16,14,11,11,11,18,17,12,18,13,20,13,13,10,14,16,20,18,18,18,14,14,13,20,12,10,14,18,11,13,17,18,10,13,19,12,15,14,20,15,17,10,19,20,16,10,15,14,19,14
10,17,17,13,16,13,12,13,11,19,18,17,19,16,12,10,16,12,16,16,18,14,10,11,17,11,10,18,20,18,18,18,15,17,11,10,17,17,11,17,20,19,10,20,13,15,13,15,18,15
16,13,16,19,11,20,15,15,18,20,11,11,15,12,12,16,13,12,12,12,20,19,16,13,12,18,18,15,19,13,20,19,19,19,15,14,17,15,10,11,12,10,19,14,11,10,11,10,13,19
14,14,11,13,16,19,20,16,17,20,12,11,13,14,20,11,14,19,17,16,17,17,14,11,14,19,14,16,14,12,17,14,16,17,14,11,20,18,13,19,11,16,14,10,18,18,13,15,17,15
10,20,19,13,16,19,20,18,12,10,12,15,18,13,18,19,14,17,16,19,14,11,14,12,13,12,18,12,19,15,12,12,20,17,13,16,18,20,19,16,10,19,17,13,11,13,12,17,17,12
20,13,20,17,20,13,11,12,16,19,12,14,15,14,18,11,17,11,17,19,12,10,11,13,12,10,15,17,16,13,17,20,19,18,10,20,14,17,16,17,19,10,15,12,16,14,15,12,14,13
16,17,13,20,20,15,18,14,14,15,18,13,20,11,16,16,17,18,11,11,12,12,19,13,15,12,14,20,12,12,18,17,14,12,12,14,10,18,19,18,19,13,11,18,15,12,13,17,11,16
11,10,12,15,18,16,14,18,20,15,15,13,12,19,18,18,15,18,16,16,15,15,11,19,12,18,18,20,18,15,20,15,17,17,20,13,14,14,10,19,16,17,17,17,10,12,20,13,20,12
12,18,14,14,20,18,16,10,20,17,14,18,15,12,17,13,15,15,13,15,14,16,16,11,18,15,19,10,11,17,10,16,14,14,18,15,12,10,16,20,13,15,12,11,20,17,10,15,20,17
20,20,20,17,12,19,16,14,13,18,19,16,13,12,16,10,19,11,14,20,20,11,18,12,19,18,20,17,14,12,14,15,14,17,18,14,19,20,15,11,12,19,10,15,13,18,13,16,19,19
16,19,19,10,10,15,18,11,18,20,17,17,11,15,13,17,19,17,19,18,10,19,12,14,20,10,12,15,11,15,18,16,15,20,17,12,13,15,15,19,18,15,18,11,16,20,14,18,10,13
15,10,20,20,20,10,15,13,20,19,17,17,13,14,13,19,11,20,17,17,16,18,16,12,14,18,19,18,14,14,14,10,16,16,13,10,14,13,19,20,20,10,18,14,12,17,20,14,10,15
11,13,18,15,15,15,20,17,13,18,12,14,16,17,20,12,18,15,17,10,17,14,14,18,16,19,20,20,19,14,19,11,20,15,20,12,11,10,10,12,10,15,20,13,19,19,19,11,19,10
20,12,13,17,19,13,13,19,17,12,15,17,20,16,14,18,18,14,19,12,19,12,19,11,17,10,20,15,14,13,14,11,10,15,12,20,14,12,13,16,20,12,13,13,13,14,12,18,13,11
19,16,11,12,18,19,17,10,16,10,11,19,17,19,12,10,10,20,10,10,17,14,11,18,20,14,17,20,15,13,15,19,20,12,19,12,14,19,16,11,10,10,17,16,16,11,14,10,11,18
10,14,12,13,11,17,15,15,19,11,17,10,16,11,13,10,10,19,20,11,16,16,13,16,14,15,20,10,16,14,17,14,20,14,11,13,20,16,15,12,20,14,16,14,12,10,18,14,12,18
11,16,15,13,19,13,12,20,20,13,13,16,15,18,19,14,16,18,18,13,11,17,14,16,20,20,15,12,19,10,19,11,14,15,19,20,17,14,15,10,16,19,14,13,10,14,20,17,16,11
11,14,17,12,18,17,12,18,20,13,10,13,17,12,10,20,15,20,10,11,16,20,11,17,10,17,19,17,18,15,15,17,13,16,19,16,11,13,10,16,13,18,13,17,10,15,15,19,20,11
19,10,11,12,19,19,20,15,11,18,14,17,18,10,12,12,17,19,18,16,15,18,16,10,14,19,19,18,10,16,13,14,17,13,17,15,12,20,14,10,16,18,20,11,15,19,12,17,10,12
16,16,18,17,19,20,16,14,19,12,19,19,10,12,12,14,14,19,11,12,15,20,16,16,18,11,18,11,19,11,14,13,19,11,15,20,14,15,20,12,17,19,20,16,11,14,18,12,11,17
15,12,16,20,16,14,18,19,19,10,18,20,13,11,19,12,18,17,15,14,15,11,15,12,16,12,11,13,10,18,18,15,17,10,12,11,10,16,10,12,17,17,12,17,11,17,12,13,14,19
19,12,15,18,13,17,17,16,14,19,14,16,19,17,17,12,13,19,16,11,14,16,14,18,10,20,19,17,20,10,16,10,14,15,14,13,19,15,20,18,12,20,18,18,17,10,12,13,17,18
19,15,16,16,18,11,18,17,13,15,14,13,12,14,18,12,15,10,17,15,10,20,16,20,16,19,17,16,11,19,17,17,10,15,18,14,14,11,15,15,17,16,12,14,13,15,15,16,10,16
14,11,15,17,13,20,12,10,13,14,17,19,16,12,12,12,12,19,19,16,20,19,14,19,18,19,15,20,12,19,18,13,15,19,20,17,16,15,10,18,15,15,20,16,12,15,12,19,16,17
16,11,15,19,14,12,10,15,19,10,19,16,16,15,20,19,16,10,16,18,14,15,18,14,14,15,16,10,20,16,19,20,16,12,18,11,13,17,10,10,20,16,12,14,19,12,10,16,12,17
14,12,11,18,15,18,14,11,17,18,11,10,14,20,10,20,11,13,16,12,17,19,15,18,18,20,11,19,14,16,20,17,17,14,11,13,16,11,13,15,10,13,20,19,15,13,15,12,13,15
14,12,16,18,16,16,12,13,14,10,17,11,17,10,18,12,10,17,15,10,20,14,18,20,12,17,16,15,11,15,10,20,18,12,19,18,19,15,10,11,19,14,14,18,20,20,19,18,11,15
13,17,11,20,18,10,16,14,12,18,19,12,16,16,10,15,12,16,15,19,10,17,19,10,20,15,17,19,12,17,17,10,17,12,18,20,12,13,13,12,15,17,13,13,17,14,13,18,17,17
13,19,20,17,17,11,17,19,13,19,13,20,19,10,14,11,20,16,16,16,17,11,15,20,18,18,15,19,15,20,13,17,13,14,12,11,12,13,12,16,19,11,19,13,10,17,18,14,11,12
12,17,10,14,17,15,19,10,19,14,17,12,13,12,13,11,14,16,12,11,10,17,16,19,14,13,15,19,20,13,18,16,12,18,10,18,17,16,13,11,18,19,18,10,14,14,12,15,19,17
11,12,19,19,19,11,18,10,12,10,11,17,18,14,18,13,20,14,11,10,10,19,12,12,11,17,14,13,11,17,18,13,12,20,17,19,14,14,13,17,16,16,17,20,16,11,16,10,17,15
15,18,12,15,14,20,17,16,10,19,15,16,12,12,18,20,19,12,10,18,19,14,18,20,18,16,10,14,18,10,18,19,10,13,19,10,16,17,17,13,18,13,10,17,17,16,17,10,14,11
15,10,13,14,16,10,18,14,17,14,15,20,10,12,16,13,19,17,17,17,13,18,15,12,17,17,12,13,11,10,19,19,18,12,11,18,16,16,17,17,15,13,12,18,13,20,18,14,13,14
19,13,18,16,12,17,16,17,18,14,10,16,20,19,13,19,19,17,16,19,20,20,10,17,19,13,19,20,10,15,14,19,16,17,17,15,15,16,15,16,19,20,19,17,18,10,18,10,15,15
10,17,14,19,12,17,12,17,14,15,18,13,13,12,15,18,17,16,18,11,12,12,16,11,15,20,13,14,11,12,14,10,15,18,20,11,19,17,17,20,14,15,12,11,12,17,12,16,18,13
20,10,19,18,20,12,19,13,12,14,13,10,17,16,12,12,10,18,12,15,16,19,19,18,15,16,17,13,13,13,18,17,11,14,15,15,16,13,11,13,20,11,17,20,17,20,20,19,12,10
18,20,18,20,19,20,17,16,20,18,12,11,18,13,15,11,15,12,19,19,13,13,19,20,12,11,14,16,18,18,10,13,19,14,17,15,20,14,15,10,16,14,12,19,15,17,19,17,12,12
10,11,13,17,20,19,15,19,15,12,16,14,10,18,20,19,19,11,10,14,14,14,12,14,12,11,16,12,10,14,18,14,10,11,15,17,14,20,12,17,18,18,20,20,13,13,17,18,14,20
15,16,17,11,18,17,18,20,20,19,20,14,16,12,16,17,13,17,14,16,14,20,15,16,17,18,10,12,19,17,12,19,15,10,16,18,12,20,19,12,15,14,16,16,16,11,18,13,20,18
14,14,10,13,15,15,11,12,12,19,14,12,20,12,20,10,10,19,14,19,20,13,15,15,19,14,11,12,18,18,11,18,19,12,16,14,19,13,14,13,20,16,16,16,19,15,15,20,14,15
11,11,14,10,12,20,10,11,15,20,20,20,17,12,18,12,20,12,15,11,13,18,18,17,16,15,15,19,16,12,10,15,12,12,20,11,20,16,11,15,10,10,10,18,14,12,15,17,11,11
16,18,18,11,19,17,17,16,11,20,14,19,14,11,13,10,11,20,13,10,15,15,11,13,20,10,12,19,12,13,13,14,12,17,11,17,16,19,20,11,19,11,17,11,10,13,19,18,18,18
10,14,14,18,13,14,20,10,13,15,20,18,19,12,18,16,13,15,20,16,10,20,19,12,14,17,11,20,16,15,11,14,11,16,10,18,20,15,14,14,17,14,13,17,10,16,10,10,13,15
13,19,15,11,11,13,17,18,20,19,19,17,13,12,17,18,10,17,10,10,11,12,17,20,10,13,17,11,18,17,13,12,12,12,15,14,18,14,11,13,19,10,13,19,15,12,20,12,11,16
13,15,20,19,13,16,10,10,12,18,15,14,16,12,11,11,19,10,18,18,19,16,12,14,15,13,16,20,10,18,15,13,19,11,13,15,20,19,14,11,15,18,16,16,11,16,14,10,12,16
15,19,19,16,12,20,20,12,18,10,18,17,15,14,15,20,20,18,20,11,13,10,19,16,17,17,10,18,15,13,16,18,17,13,11,10,19,13,14,11,16,12,19,19,17,13,11,20,16,10
15,13,17,18,17,20,14,10,11,19,13,14,20,19,14,12,17,13,16,15,12,13,11,19,19,11,19,19,10,11,10,16,19,11,19,15,19,16,18,10,13,20,18,17,11,15,14,13,10,14

The sequence dependent setup time of each job processed on machine 2.
(Where rows denote jobs: 1 to 50 and columns denote jobs: 0 to 50.For example:The value of Sijk is in row j,column i+1.)
19,12,14,18,18,11,18,10,12,12,10,19,10,14,12,15,15,13,10,17,12,18,16,20,14,19,14,15,14,12,14,14,18,12,15,15,17,20,12,20,19,14,10,11,11,11,17,11,18,14
17,17,20,20,16,19,15,13,19,14,16,10,15,20,17,18,11,20,16,14,15,15,16,14,10,12,13,13,16,12,12,16,14,15,15,20,19,19,10,17,15,10,15,11,20,11,13,15,12,12
10,18,12,15,20,16,14,18,14,12,10,15,16,10,14,19,20,20,12,15,19,16,10,16,18,20,14,20,15,14,10,13,19,12,16,15,12,17,16,14,14,10,15,13,11,10,13,14,17,13
18,12,12,15,12,17,17,12,16,11,11,11,16,19,13,14,14,15,18,10,14,18,16,19,12,12,19,14,10,10,17,19,11,20,12,12,14,16,10,17,16,13,15,15,19,10,20,10,17,14
17,17,18,20,15,17,20,12,19,16,20,12,19,12,18,20,15,18,18,18,13,11,17,12,14,10,17,16,15,19,18,16,10,15,15,12,11,15,13,15,10,13,19,12,11,12,13,18,13,12
15,18,18,18,10,16,15,19,16,10,11,20,10,11,10,20,20,20,18,16,14,15,18,12,10,12,20,19,15,14,16,11,12,12,18,18,12,12,10,18,15,16,14,14,18,11,18,20,19,15
14,10,18,14,19,19,15,13,12,11,14,19,14,17,19,14,18,20,15,17,16,14,15,20,10,16,18,18,10,10,15,10,13,14,17,19,18,12,15,15,14,12,19,11,17,20,12,16,20,10
15,18,19,19,12,15,11,13,19,15,12,12,18,16,15,13,17,10,20,13,15,13,12,19,12,10,10,16,16,18,17,20,18,13,11,13,13,14,15,10,12,12,20,17,14,16,12,15,11,16
17,10,20,17,12,20,11,12,14,14,16,10,15,13,19,19,10,16,20,15,18,12,17,16,12,12,12,19,19,20,12,20,20,17,10,19,13,18,19,17,14,14,15,17,16,15,14,13,13,11
13,19,17,18,17,14,14,17,17,17,13,18,15,18,11,12,16,18,14,14,19,10,15,14,17,18,10,19,20,13,11,13,17,18,10,19,12,20,18,17,15,18,17,10,16,16,12,15,15,17
19,15,10,19,17,19,18,19,10,18,13,15,15,12,15,20,10,17,14,19,14,20,18,13,12,12,11,14,18,13,20,17,18,10,12,13,18,16,17,13,10,19,13,10,12,15,15,14,13,11
16,20,14,15,10,10,19,17,19,15,11,17,15,18,18,16,14,11,17,11,12,14,18,10,14,15,14,18,20,11,15,12,11,18,20,12,18,16,17,16,13,10,14,14,20,20,15,12,17,11
14,19,19,19,14,17,14,15,11,19,17,15,20,10,15,17,13,18,19,11,14,19,13,19,15,20,10,10,12,16,11,18,19,20,16,15,11,16,19,20,11,19,15,13,17,15,13,11,19,17
17,13,16,15,17,14,17,11,10,16,15,12,12,18,10,10,13,19,20,17,17,17,10,14,20,17,16,18,11,17,18,10,14,20,10,10,11,13,19,20,20,18,11,17,15,18,17,19,16,17
11,15,19,15,10,14,13,12,18,12,10,18,19,15,13,16,19,10,14,12,19,11,13,14,14,12,14,11,14,20,14,12,18,20,13,18,20,16,13,13,15,12,14,20,13,18,20,19,17,11
16,12,13,14,17,12,20,17,14,20,15,10,13,19,10,15,15,15,13,19,12,20,11,20,12,11,18,14,15,14,10,19,10,16,16,18,12,13,14,18,15,18,11,18,17,15,20,20,20,18
11,19,19,13,14,11,10,16,19,13,13,10,17,19,14,13,13,10,13,19,16,11,16,15,20,10,19,11,10,18,18,10,11,17,10,18,16,14,19,16,15,15,10,15,15,19,13,15,16,18
16,19,12,19,16,10,14,19,13,15,18,17,19,12,11,19,17,18,19,14,19,12,14,11,19,18,14,20,10,14,14,15,10,15,13,20,13,11,20,15,19,14,17,20,12,17,12,20,14,10
10,17,17,13,18,13,17,16,20,12,14,17,16,18,14,16,16,17,20,17,12,18,19,16,12,11,18,13,15,20,14,18,17,20,13,12,15,19,16,18,17,19,16,17,16,10,19,16,18,16
15,15,18,12,12,13,10,12,14,19,20,12,18,18,14,20,11,15,18,15,13,14,10,17,18,12,18,15,14,12,11,10,20,15,18,13,14,20,19,15,11,13,19,20,18,11,10,10,17,19
14,15,18,14,19,10,10,15,11,12,12,17,10,15,15,20,19,18,17,19,13,17,12,10,16,15,16,12,20,11,10,19,10,19,18,17,17,14,17,19,12,20,17,16,19,14,12,15,18,19
17,13,20,20,11,20,18,14,10,15,15,11,18,12,16,17,17,19,14,14,11,14,14,20,17,15,11,20,13,20,14,19,19,11,13,13,16,11,19,20,13,11,20,12,14,11,15,11,16,11
11,20,11,14,16,10,19,18,17,15,19,13,12,13,13,10,14,18,17,17,17,10,11,16,12,11,10,17,19,19,19,13,10,13,20,15,18,17,13,18,14,13,20,11,18,12,11,17,11,18
15,20,16,10,18,12,13,20,18,16,20,10,18,19,19,13,13,18,10,12,18,14,12,17,19,12,12,13,17,17,19,14,14,16,15,19,17,10,11,14,15,17,20,20,18,17,18,10,16,11
14,16,20,11,10,13,10,11,16,13,15,20,13,12,17,14,10,18,11,12,19,20,16,15,15,20,12,16,16,12,12,16,12,16,11,16,20,14,14,17,19,19,20,18,18,16,13,14,14,12
20,14,19,16,11,16,17,20,19,20,12,13,11,14,12,14,13,20,10,12,17,15,11,10,19,18,19,14,17,20,16,12,14,14,16,18,16,15,20,11,12,13,18,11,19,12,16,16,18,17
16,16,12,12,16,10,19,10,10,17,14,16,16,20,20,17,10,17,10,19,18,17,20,19,17,19,19,12,16,20,16,20,15,16,11,15,15,18,18,18,11,18,20,11,18,18,14,10,13,11
19,14,13,20,16,19,10,17,16,11,20,11,16,18,18,15,14,16,20,20,12,14,19,12,18,10,14,19,17,13,17,10,16,10,18,17,18,11,10,10,14,20,14,15,13,15,18,12,20,15
20,20,10,11,18,16,19,10,20,17,10,13,12,12,20,15,16,11,10,19,11,13,15,18,14,18,10,14,11,15,17,15,20,11,17,17,19,11,12,19,14,18,19,10,11,14,16,13,17,11
13,11,14,15,11,10,13,10,17,13,11,12,11,15,12,19,12,19,17,10,11,15,15,17,18,16,19,18,19,16,13,11,10,20,14,14,14,11,10,17,14,11,19,19,10,15,20,19,19,13
15,18,15,15,18,14,13,11,19,16,18,17,10,10,18,19,13,15,19,14,12,14,18,10,11,14,17,18,10,10,11,15,15,19,18,15,15,19,15,20,19,15,14,14,19,19,11,12,12,18
18,10,11,10,20,18,20,13,16,18,14,13,19,19,13,14,12,11,20,16,10,13,19,12,13,17,17,10,18,14,13,17,11,19,16,11,18,11,12,12,11,10,14,13,18,18,20,20,13,20
19,18,18,19,12,19,19,20,10,13,18,11,19,11,15,18,20,17,11,20,16,15,20,19,15,17,18,15,14,15,15,17,17,12,19,19,19,17,10,17,14,19,15,19,12,17,16,12,17,11
13,17,15,11,19,18,13,20,20,10,13,12,11,18,10,13,19,11,13,19,12,14,20,19,13,14,14,13,19,14,16,16,11,13,16,15,20,19,10,13,11,16,19,18,12,10,14,11,17,10
15,12,14,10,14,10,14,11,18,13,17,16,15,17,10,10,17,19,12,18,10,12,17,11,17,10,17,20,20,18,14,17,19,14,20,16,13,19,17,19,19,14,16,11,10,13,15,11,13,15
17,17,11,11,13,17,15,12,14,20,12,11,14,14,20,18,17,14,15,10,10,18,12,19,12,10,19,15,18,20,18,10,14,11,13,11,12,17,19,17,20,15,18,18,15,19,12,20,17,18
11,12,12,14,14,15,17,10,15,13,12,15,16,15,13,20,18,14,17,16,12,11,11,19,13,16,17,14,13,18,13,12,13,17,13,12,15,14,11,14,17,14,19,18,12,15,17,12,12,17
20,19,14,16,18,14,12,18,13,16,16,12,12,17,20,16,16,18,18,17,10,20,12,10,16,15,11,13,17,10,10,12,18,17,16,15,20,20,17,10,16,11,18,15,17,10,18,19,19,16
17,15,15,13,18,14,14,13,10,20,14,11,13,11,12,12,20,17,12,11,11,19,14,14,15,14,14,12,12,14,13,10,12,15,11,13,19,10,14,20,20,13,12,17,11,12,18,18,14,16
12,11,17,16,17,16,11,20,12,17,12,20,20,10,20,13,18,11,14,18,18,17,11,11,13,10,19,13,18,17,20,16,10,14,13,13,12,13,17,15,15,10,11,11,16,10,13,16,14,16
16,17,14,16,18,14,10,12,16,10,18,11,18,10,19,17,16,13,15,19,19,13,11,17,15,19,10,20,15,19,18,19,10,19,17,20,17,12,13,13,16,18,16,12,14,10,20,17,19,15
20,11,15,14,18,20,10,11,10,11,15,19,11,15,11,16,15,13,13,11,15,18,20,11,19,20,20,10,10,12,16,16,16,18,14,12,12,16,16,17,10,15,19,12,18,11,18,18,13,14
14,14,16,11,17,12,13,14,19,11,16,19,11,18,19,10,13,12,20,14,19,11,13,13,20,11,10,13,18,19,16,19,15,19,14,11,18,17,18,16,15,12,10,19,17,15,16,13,11,19
19,16,16,12,15,13,14,17,15,19,15,19,14,20,13,11,20,17,18,13,15,16,10,12,17,11,12,12,17,10,20,10,13,20,16,13,14,17,16,15,20,16,16,10,12,11,10,13,10,16
14,10,12,16,11,13,19,13,20,13,11,16,10,18,14,12,13,10,12,11,17,16,17,11,11,12,12,13,14,18,10,16,16,19,20,17,17,16,12,18,17,13,15,19,15,10,10,17,13,18
19,20,14,13,17,20,17,11,14,19,11,12,16,17,19,13,17,10,16,17,18,12,16,19,10,12,16,14,17,13,13,19,19,15,15,20,17,10,12,12,11,20,10,17,12,18,12,18,12,16
10,19,17,16,14,14,19,18,13,19,13,12,16,10,15,15,12,10,20,16,11,11,16,16,10,18,20,19,13,11,10,17,15,16,18,13,20,18,10,15,13,19,20,16,15,17,11,15,14,14
15,15,11,10,14,10,19,10,16,17,11,13,10,19,17,19,12,17,16,14,17,10,18,19,17,11,17,13,16,16,16,15,11,14,10,14,13,11,14,15,11,10,16,10,14,11,15,20,17,15
18,18,17,20,10,13,11,13,11,14,12,13,12,10,15,18,15,10,19,11,19,15,17,19,18,14,18,13,16,18,17,20,20,13,19,12,13,18,14,14,19,10,13,20,12,15,13,15,17,10
15,10,13,13,20,16,16,16,10,15,16,14,16,11,14,20,15,13,10,11,13,12,20,19,15,10,12,10,11,12,15,14,15,13,19,13,10,10,10,16,14,14,16,17,19,17,14,11,18,16
17,14,12,13,11,11,13,19,14,13,15,10,11,17,18,11,19,18,19,18,10,15,15,15,15,17,14,17,10,13,15,18,18,10,18,18,11,16,18,12,14,19,18,13,10,16,18,19,18,11

The sequence dependent setup time of each job processed on machine 3.
(Where rows denote jobs: 1 to 50 and columns denote jobs: 0 to 50.For example:The value of Sijk is in row j,column i+1.)
14,19,19,10,11,12,17,19,19,17,15,20,20,16,15,13,19,19,19,11,15,19,15,13,20,13,14,13,15,11,15,16,15,20,17,10,17,18,15,20,18,11,13,11,19,18,20,13,18,20
19,17,16,11,20,19,11,18,18,20,13,17,18,20,13,14,11,12,14,13,14,13,15,11,11,12,16,13,16,10,10,11,12,14,17,19,18,18,20,14,15,13,10,13,14,10,12,19,12,13
15,17,16,15,18,19,14,18,13,10,10,13,14,18,15,19,17,20,18,17,11,18,15,15,15,15,12,13,11,17,11,12,11,15,19,14,15,17,13,10,17,19,20,11,19,19,12,10,14,10
10,14,16,14,20,17,11,11,19,16,10,18,15,17,11,10,19,17,15,17,20,11,10,19,14,13,15,11,19,12,12,10,13,11,15,17,14,11,19,14,19,14,17,17,14,14,11,20,17,12
17,15,15,16,19,16,13,11,14,12,10,11,20,20,16,12,16,15,16,17,11,12,10,13,12,19,16,17,19,10,19,17,18,18,18,19,14,18,11,13,18,11,15,14,15,20,10,13,19,11
18,18,12,14,11,16,18,12,17,17,14,18,20,11,15,12,10,17,10,15,11,16,15,15,15,15,18,11,10,15,12,13,14,14,17,19,12,14,13,16,20,18,11,19,20,13,16,18,18,14
10,18,18,11,18,12,20,17,19,16,19,12,12,14,11,15,11,10,15,12,17,10,13,20,18,20,12,11,18,10,12,20,19,19,17,11,16,16,18,10,20,12,19,13,11,12,11,10,19,13
14,15,18,16,12,20,13,10,11,19,20,16,17,10,12,20,20,18,15,13,18,17,12,16,15,17,15,20,18,14,19,13,13,10,13,20,15,10,16,14,19,14,12,20,20,17,12,20,20,17
14,11,16,14,14,13,17,15,15,14,18,10,18,11,12,14,13,10,16,18,19,18,12,16,10,13,11,11,12,15,14,16,16,13,18,11,16,15,14,12,11,20,18,17,12,14,13,19,20,20
12,11,11,16,15,12,11,18,18,10,20,19,20,11,10,19,20,14,15,19,20,14,20,11,12,16,13,20,19,20,20,15,18,10,11,17,11,17,15,13,13,18,15,10,11,15,17,18,13,15
14,10,20,11,20,12,16,18,18,18,15,10,20,10,12,19,10,18,11,12,20,16,19,18,13,13,14,14,11,13,18,19,13,19,12,10,18,18,20,15,18,19,13,11,11,17,15,14,17,18
11,19,15,18,15,14,16,12,11,13,11,17,18,14,16,14,11,17,19,11,11,18,11,16,13,12,15,17,11,10,15,13,10,14,14,17,19,19,11,15,13,16,19,19,19,18,19,20,15,19
18,20,13,17,12,16,11,14,20,12,13,15,13,19,14,11,17,13,19,17,10,14,19,13,13,11,10,18,10,18,16,12,12,14,10,16,16,14,10,13,17,10,19,19,15,10,16,11,13,18
15,16,11,19,11,11,10,11,19,12,15,15,16,16,10,13,17,15,12,17,12,13,15,10,13,17,20,13,10,10,17,10,11,11,17,10,19,15,14,18,20,20,12,11,12,18,20,12,14,15
10,15,16,10,19,20,20,19,19,19,13,11,16,20,20,20,16,18,18,19,10,13,15,13,10,15,18,11,11,18,17,16,10,20,15,15,15,20,20,19,20,19,19,12,19,14,18,17,12,12
10,13,10,20,14,14,13,16,11,10,17,16,12,16,15,20,14,18,13,16,13,16,10,20,18,20,10,15,11,14,17,15,14,14,13,12,10,14,11,13,10,17,20,13,10,14,14,17,20,16
15,10,14,19,19,19,13,18,18,11,13,10,15,13,16,10,20,11,16,11,15,19,17,15,17,17,12,19,20,20,10,16,12,17,15,19,20,14,13,15,19,15,18,10,20,17,15,15,10,18
14,11,14,20,17,16,18,16,16,13,14,14,20,10,15,10,15,14,16,20,10,14,18,14,14,13,11,20,11,19,16,16,19,10,15,15,17,15,14,13,20,20,16,15,19,11,10,19,12,17
12,19,16,18,20,16,16,19,16,20,15,11,10,19,18,14,19,20,18,13,12,20,10,15,20,11,18,16,20,16,11,13,13,15,18,11,13,18,11,12,19,15,15,20,18,18,13,17,11,10
18,20,16,17,17,16,18,19,17,13,12,17,19,16,12,13,10,17,11,16,13,16,17,13,14,13,17,12,12,17,10,16,10,14,17,12,19,10,20,20,20,17,16,14,13,15,19,20,16,20
10,16,12,11,18,14,13,10,15,11,11,16,18,11,16,15,12,14,12,20,11,20,16,20,20,18,15,12,12,20,18,11,14,20,11,10,19,15,18,11,11,20,15,15,14,13,15,16,12,16
14,18,13,11,13,17,17,14,11,12,12,16,16,17,16,14,15,19,10,14,17,12,18,13,19,11,12,15,18,12,14,18,17,15,10,16,16,10,12,16,11,19,10,14,15,20,10,13,18,14
15,10,15,15,19,16,18,14,11,12,14,16,12,16,11,13,10,16,17,12,19,20,13,10,12,17,14,18,12,18,17,11,15,13,17,18,12,11,14,11,19,10,14,13,16,18,12,10,11,14
15,17,13,12,17,20,15,12,20,19,18,16,10,14,18,18,20,13,17,11,17,20,20,14,10,14,13,14,18,20,11,16,16,13,12,13,12,12,13,14,20,17,10,20,13,18,12,18,20,17
12,19,16,18,10,12,17,14,14,20,12,20,13,11,18,16,18,11,18,15,18,19,11,18,13,16,10,16,14,11,14,13,13,13,20,11,10,11,19,16,13,15,14,10,10,14,15,17,10,13
16,18,18,14,10,11,16,11,10,18,14,12,18,14,15,12,16,20,11,17,18,13,20,14,18,20,10,10,16,14,15,10,20,11,14,11,12,20,18,15,19,12,12,15,14,13,16,13,12,15
14,15,16,18,16,16,14,18,11,16,13,12,11,19,10,19,11,16,16,12,11,15,10,16,20,18,14,12,15,14,10,18,18,15,14,13,16,20,13,15,16,10,17,10,17,16,19,17,12,19
13,11,20,17,13,12,16,12,10,12,12,11,15,18,10,12,18,12,17,18,10,10,10,11,11,19,17,11,20,16,19,19,17,11,17,12,14,15,12,18,18,19,19,17,11,20,20,17,12,18
20,18,17,12,11,13,17,13,16,20,15,20,14,16,13,11,12,11,13,16,18,11,18,19,12,13,20,10,18,18,14,16,20,14,19,15,10,18,12,18,19,18,20,11,20,18,14,10,10,20
11,19,18,20,16,15,14,20,11,17,15,17,13,11,13,20,12,17,16,17,10,17,13,12,18,20,15,19,13,11,20,15,18,14,12,13,10,12,14,10,18,12,16,18,12,13,11,13,19,18
12,12,16,19,12,11,13,15,16,20,15,19,11,20,14,18,16,17,17,17,15,14,17,11,13,20,14,17,12,16,16,20,14,14,14,19,14,20,14,15,16,11,15,13,13,12,11,20,20,12
18,16,18,17,20,13,14,10,16,15,19,15,12,10,16,10,15,11,20,20,19,12,12,13,12,17,20,17,17,19,20,16,19,16,16,11,13,14,19,12,20,13,17,10,18,10,19,12,10,14
12,20,13,12,17,13,14,13,11,13,14,18,20,10,10,18,15,17,10,20,14,11,16,13,11,17,10,19,20,11,11,10,19,15,18,12,10,17,13,16,20,12,16,14,15,11,14,18,13,19
10,14,19,17,12,13,19,14,11,16,14,13,16,13,11,12,19,15,18,15,11,16,17,18,15,14,16,13,10,20,13,14,19,18,18,10,19,10,14,10,14,19,19,20,17,17,14,18,16,10
14,18,12,19,18,18,13,14,19,14,16,15,13,11,19,19,19,11,11,17,18,18,13,10,12,14,18,20,12,14,16,13,14,12,11,10,10,17,20,12,11,19,17,17,19,11,10,18,19,16
12,19,20,13,15,16,17,19,17,20,11,15,10,17,18,12,10,10,16,18,13,12,10,15,12,12,19,17,13,18,10,15,14,10,16,14,16,13,15,20,15,12,15,14,14,16,15,10,16,12
20,11,10,19,20,19,11,18,14,15,14,19,17,16,16,20,11,11,10,19,16,14,15,17,13,14,17,10,20,16,13,20,14,13,13,16,19,14,14,13,20,12,20,10,20,11,12,18,20,15
16,14,17,20,17,10,13,20,13,20,15,12,10,11,12,19,16,12,10,19,20,12,13,14,19,20,12,18,19,20,15,18,19,20,14,14,17,11,14,16,18,16,10,17,12,18,10,13,12,19
13,19,15,10,15,12,20,16,19,14,15,11,19,15,11,14,20,20,14,15,11,15,19,13,10,15,12,18,18,16,20,11,18,11,12,11,11,18,14,16,16,15,11,11,12,19,11,15,12,12
11,10,14,14,20,18,13,16,12,12,11,14,10,14,15,11,12,16,11,17,10,18,16,20,19,18,12,10,16,13,11,20,12,15,10,12,20,16,14,15,13,15,18,15,13,19,16,19,14,20
15,19,11,11,16,16,20,17,18,15,12,20,10,18,15,12,10,19,18,16,13,16,13,12,20,10,14,16,12,12,20,15,14,12,18,11,20,18,15,20,14,14,17,11,13,13,17,12,11,15
14,12,14,13,11,15,14,12,16,16,12,14,10,14,14,18,19,15,19,18,10,18,15,17,14,20,16,13,10,20,16,17,20,17,11,20,18,17,15,17,18,19,15,11,14,10,13,12,18,19
16,10,17,10,16,15,19,19,18,17,10,12,11,16,18,10,17,10,10,13,14,11,19,19,10,16,19,13,17,18,11,13,18,14,13,19,18,18,16,13,13,18,16,12,13,18,12,10,16,10
10,19,16,14,14,10,11,20,18,18,10,17,20,20,16,20,13,20,10,11,20,15,18,10,19,12,14,18,15,13,18,10,13,11,19,10,13,12,10,17,19,17,19,15,16,10,20,17,19,10
16,12,20,13,13,17,16,12,19,18,14,13,11,20,12,16,10,12,19,16,18,10,16,15,17,19,10,11,13,13,11,17,17,20,19,20,19,13,19,12,11,17,15,17,10,18,11,17,18,12
20,11,19,16,12,10,12,11,10,16,15,15,10,13,12,19,18,11,12,14,15,11,19,18,11,12,11,11,20,12,12,15,15,17,16,16,14,12,17,16,10,17,13,11,10,12,14,14,17,15
13,20,11,12,18,12,18,11,20,19,10,11,11,18,10,15,11,19,11,18,11,10,19,10,19,14,17,18,12,18,16,15,14,17,10,15,19,14,12,12,11,15,20,15,11,12,16,15,20,16
10,10,19,14,14,20,20,20,10,17,15,17,15,13,11,11,19,18,12,20,20,17,11,16,15,19,20,12,18,19,19,17,17,17,12,12,12,19,16,12,12,13,18,12,14,14,10,20,11,12
17,11,16,15,10,11,19,20,10,17,19,12,11,13,17,16,12,13,15,11,12,18,12,11,15,15,16,13,17,19,18,10,13,11,10,11,14,16,13,18,13,20,18,16,11,10,16,13,15,17
20,18,10,14,14,20,10,15,15,15,18,19,16,18,20,17,19,10,17,10,16,20,16,12,15,10,10,15,11,13,18,19,13,16,20,12,20,13,17,19,11,12,16,16,16,12,14,11,13,11
17,12,17,12,15,12,16,12,16,18,14,16,15,16,19,19,13,14,15,10,17,20,12,10,11,16,19,10,13,13,13,20,20,13,10,15,11,12,19,11,20,20,18,18,18,17,11,12,17,17

The sequence dependent setup time of each job processed on machine 4.
(Where rows denote jobs: 1 to 50 and columns denote jobs: 0 to 50.For example:The value of Sijk is in row j,column i+1.)
18,20,17,16,15,19,13,18,15,12,19,16,20,15,20,20,17,11,17,15,18,11,17,14,13,10,17,15,11,16,12,18,15,20,20,19,19,12,14,18,10,14,15,19,12,18,13,18,11,15
20,20,14,19,17,11,13,16,19,19,16,14,10,13,19,15,19,20,11,16,19,10,16,10,11,15,18,10,13,20,18,13,11,13,13,10,12,12,19,18,11,16,20,17,17,12,10,10,15,12
14,19,15,10,18,15,11,19,15,11,15,11,17,12,11,15,20,14,13,15,16,19,15,15,18,20,14,19,15,16,20,17,17,13,18,13,12,11,13,17,18,13,11,12,16,18,18,15,18,13
12,12,10,15,11,11,16,13,19,14,16,20,20,11,12,18,17,10,13,13,17,19,20,11,14,10,14,18,20,13,18,19,14,11,13,16,11,12,13,20,10,19,18,18,16,16,17,18,20,13
10,15,19,12,12,18,18,19,16,10,20,17,20,19,11,19,13,18,16,14,18,17,15,12,10,12,20,18,10,15,11,16,11,12,20,10,18,20,17,20,20,14,10,11,20,12,18,17,16,20
12,20,12,12,18,18,10,11,14,17,13,19,14,10,19,13,12,20,20,15,11,11,20,12,19,10,15,15,18,18,14,13,15,17,15,19,18,15,11,20,19,12,10,20,15,13,20,11,20,18
10,13,20,11,17,11,18,17,12,16,12,20,18,15,18,17,14,11,18,14,14,13,20,16,19,17,20,16,17,16,20,11,11,11,12,16,11,17,12,19,17,20,12,16,11,10,13,10,17,10
12,14,14,10,13,15,17,19,19,17,17,18,10,12,11,13,18,11,11,16,19,10,19,20,14,18,17,16,16,20,15,18,19,19,15,13,14,14,11,20,12,12,10,11,16,19,16,12,16,20
14,16,18,19,18,15,20,19,20,17,17,10,20,11,20,19,17,15,15,16,15,13,10,15,18,20,13,13,19,19,12,10,11,11,10,19,15,15,15,15,18,14,19,16,16,10,17,17,16,20
10,16,18,20,19,17,20,11,10,20,18,13,11,20,14,16,20,10,18,11,16,15,13,20,17,14,11,11,11,10,16,20,16,15,10,19,18,16,14,12,18,13,20,11,10,20,18,16,13,20
13,18,16,16,14,13,15,18,20,15,19,12,18,17,19,16,13,14,20,12,15,12,11,15,20,14,19,14,16,12,19,18,19,11,20,13,16,17,12,10,10,10,13,17,15,12,10,15,16,11
15,14,11,17,11,17,19,20,15,10,17,10,20,18,20,12,13,17,18,20,10,19,10,19,19,10,11,16,13,19,15,16,10,20,14,20,18,18,20,19,20,15,20,17,13,20,19,11,15,17
11,18,20,18,20,14,13,20,14,14,20,11,20,13,18,20,12,16,10,14,14,18,17,12,16,20,13,12,13,12,10,11,12,18,10,10,16,15,10,19,13,16,20,13,16,16,16,15,11,14
13,20,12,11,12,11,19,15,20,14,10,16,16,20,11,10,19,15,17,16,18,15,19,13,17,12,12,13,10,13,20,20,11,11,12,19,11,14,10,19,11,20,10,18,19,17,11,11,17,15
12,10,11,13,12,14,11,15,13,15,16,17,13,15,19,15,17,12,11,17,20,19,16,17,16,18,11,12,14,20,11,16,16,15,20,13,10,18,11,19,10,11,13,16,12,14,11,16,10,16
11,12,19,12,20,10,18,20,15,20,12,11,15,17,15,15,18,10,18,13,18,12,16,20,12,12,18,12,19,12,12,17,20,10,16,20,15,11,13,18,10,16,12,11,16,20,17,11,12,16
20,12,19,15,14,15,19,13,20,15,10,15,18,19,14,20,12,18,19,11,14,14,15,15,16,19,17,19,11,20,14,15,20,17,19,20,11,19,12,11,17,17,19,16,15,19,17,20,20,13
13,20,18,10,16,12,13,15,14,20,20,14,11,14,12,10,18,19,20,11,10,14,12,11,18,11,11,15,16,19,12,13,12,16,18,16,18,16,13,17,17,20,19,18,17,18,11,13,17,10
14,18,17,18,18,12,15,15,16,20,13,18,13,17,20,19,17,19,11,11,19,13,11,14,16,14,15,19,20,20,15,13,13,19,19,12,17,13,17,16,14,12,19,17,15,16,20,12,20,12
18,15,16,18,11,10,15,13,11,17,12,10,10,20,12,13,16,19,14,20,13,15,14,10,19,11,14,11,12,19,14,17,18,13,20,18,10,13,17,12,16,20,12,19,14,18,18,20,14,12
12,17,18,11,20,17,18,12,18,18,20,11,12,10,13,17,20,19,10,14,16,14,20,19,16,20,15,18,10,14,10,13,11,11,16,20,11,15,10,12,17,18,12,16,11,20,12,14,19,20
18,14,18,10,18,13,14,19,14,17,19,19,10,11,17,20,15,12,14,12,10,11,15,10,17,16,17,11,14,13,15,19,15,20,13,12,18,12,16,13,13,14,14,12,13,10,12,10,14,17
10,20,13,18,11,11,13,13,18,17,12,10,18,20,14,10,13,12,18,14,16,10,11,11,17,17,17,16,19,16,15,15,11,16,12,11,17,18,20,10,12,17,12,13,13,19,17,19,17,18
16,19,10,11,14,12,12,12,19,14,11,16,17,17,12,12,14,12,10,11,12,16,14,11,18,12,16,14,12,10,20,10,20,11,12,11,19,17,20,12,16,10,11,12,16,12,14,19,13,12
14,14,15,11,13,18,12,17,11,13,10,17,12,11,16,20,14,19,18,11,15,18,20,10,14,17,12,16,13,11,14,17,12,18,20,10,16,17,13,14,12,13,17,17,10,19,13,14,14,10
12,20,18,11,16,20,19,18,19,17,14,15,15,14,17,19,14,13,15,17,12,18,16,15,15,17,13,14,11,17,12,12,16,13,16,10,14,12,16,19,10,16,18,11,13,11,15,11,18,20
16,15,11,16,19,20,11,16,17,17,12,18,11,19,12,15,17,12,17,18,16,14,12,16,19,16,18,16,20,13,15,14,13,11,17,15,13,20,14,15,13,12,18,17,18,19,15,17,19,19
10,15,15,18,19,20,19,17,16,16,16,17,14,18,20,18,11,18,18,15,17,16,11,15,13,19,20,10,18,14,18,19,18,11,12,17,15,15,20,19,19,18,20,16,16,12,14,20,15,14
14,20,10,19,18,15,20,15,11,19,11,11,15,12,15,11,16,17,15,16,11,13,17,16,12,14,10,18,10,19,11,19,12,17,12,13,12,17,13,17,14,18,15,16,15,13,19,10,15,13
12,15,16,15,14,16,18,19,15,13,18,10,10,14,20,15,12,15,13,15,12,17,12,19,16,16,18,13,20,11,19,20,10,14,18,17,18,19,16,20,17,19,11,16,18,16,16,10,16,19
20,16,14,19,15,17,17,19,12,14,10,18,18,12,12,12,12,15,13,15,15,17,11,20,20,10,19,20,13,14,13,15,15,14,11,13,19,11,14,13,16,19,16,12,11,19,10,16,18,17
16,17,16,11,10,18,11,19,10,11,18,10,13,15,12,11,15,17,14,16,16,19,12,11,15,16,20,10,11,12,18,11,12,11,20,15,13,13,16,19,14,19,19,12,15,12,14,20,20,14
13,14,20,11,13,18,15,18,16,16,13,20,15,11,17,19,10,10,13,15,14,16,11,18,17,19,20,17,11,11,11,20,18,12,18,16,13,12,20,17,10,19,19,16,13,16,14,13,12,15
10,16,17,15,15,20,17,19,19,13,12,11,10,11,17,19,14,20,10,12,17,16,14,16,13,12,12,18,17,15,20,19,18,15,12,11,20,14,16,12,10,19,13,13,19,16,18,16,14,16
11,20,20,16,13,13,10,16,18,11,11,11,16,20,17,12,15,11,11,12,17,20,20,11,12,14,14,17,15,14,17,14,15,15,14,15,17,20,20,12,20,14,11,17,14,12,13,16,17,16
12,10,12,17,11,13,19,14,19,15,12,20,12,11,17,19,10,11,16,12,16,20,19,15,19,14,20,19,16,13,18,14,17,14,10,12,13,15,14,15,11,15,14,16,15,19,13,18,19,10
19,12,14,16,12,20,19,12,13,19,10,16,11,17,13,16,16,12,20,17,18,19,16,20,16,16,17,18,13,12,14,18,13,19,18,10,11,19,15,12,17,10,16,20,12,17,13,12,17,10
20,17,17,15,12,17,20,17,19,12,10,11,11,15,10,20,16,18,18,19,13,18,13,20,18,18,12,15,18,17,14,14,20,13,19,14,16,15,12,14,20,16,17,19,18,16,13,10,14,11
16,13,13,13,15,17,16,11,13,12,15,19,16,14,19,20,13,10,17,14,13,12,15,16,10,19,13,15,14,19,19,13,13,17,14,10,14,19,11,11,10,17,16,10,19,13,13,17,17,16
20,19,18,11,15,18,11,10,15,12,12,12,10,11,13,18,18,15,14,15,10,17,11,13,11,14,16,10,16,11,20,10,16,10,11,13,12,16,14,13,14,16,13,15,13,13,18,17,13,13
15,15,16,11,20,12,18,16,12,16,17,16,16,11,16,10,20,16,17,19,10,18,17,15,12,14,10,20,19,12,19,15,11,12,20,15,10,15,14,11,10,20,15,19,18,11,16,16,15,12
18,15,16,18,10,20,10,20,18,19,14,16,15,13,20,13,14,18,16,19,19,19,16,12,19,17,17,13,14,13,15,16,19,19,15,17,11,16,13,18,14,17,13,17,10,17,14,20,17,16
11,14,17,18,20,20,16,11,17,20,14,14,18,17,10,15,12,18,18,15,13,13,14,12,13,20,19,14,14,19,14,19,11,10,20,14,17,13,10,16,15,19,19,14,11,14,12,17,12,10
18,17,14,19,16,13,18,20,12,17,14,13,20,15,16,15,19,20,19,20,10,16,16,16,14,10,19,20,14,19,10,14,15,19,19,12,17,10,11,14,11,19,17,10,16,16,20,12,19,10
13,14,13,14,17,12,16,20,18,15,19,15,18,19,13,14,20,18,10,11,17,17,15,10,12,14,13,19,15,15,13,15,13,18,19,18,13,13,17,19,17,15,10,11,20,20,16,18,17,19
13,17,14,11,20,16,16,19,19,16,15,10,16,18,19,15,14,19,17,12,14,18,18,13,14,16,15,18,20,17,16,17,12,11,18,20,19,13,12,14,10,15,19,11,18,10,12,17,10,20
16,18,14,13,19,15,20,13,17,15,16,18,17,15,12,12,10,12,17,14,15,17,11,15,12,20,20,10,17,19,18,10,12,17,19,16,13,19,13,16,20,20,17,17,19,11,15,13,15,13
13,15,16,13,16,12,14,16,15,11,19,10,12,20,17,11,14,11,13,14,10,10,14,18,20,17,19,11,15,12,16,19,10,12,11,18,15,16,13,16,11,20,12,18,10,10,16,13,13,16
20,17,18,15,14,13,19,12,19,19,15,15,16,20,18,20,10,17,11,17,13,20,12,14,20,17,19,13,16,20,19,11,20,16,16,11,19,19,13,16,15,17,18,16,12,10,11,17,10,18
15,16,14,13,16,19,11,20,16,19,14,17,17,12,18,20,20,16,15,11,11,11,19,19,10,18,19,16,11,13,10,17,16,14,18,14,10,19,11,16,14,17,14,13,19,16,15,18,13,19
11,10,16,11,11,20,17,10,17,19,13,12,16,20,12,10,19,12,13,19,17,18,12,16,11,11,17,10,11,17,18,18,14,18,16,15,11,16,10,10,16,12,14,20,11,12,18,18,18,12

The sequence dependent setup time of each job processed on machine 5.
(Where rows denote jobs: 1 to 50 and columns denote jobs: 0 to 50.For example:The value of Sijk is in row j,column i+1.)
18,19,12,15,10,17,14,14,17,19,13,12,12,15,14,17,12,15,16,17,18,20,14,11,11,16,12,14,10,14,15,13,16,15,11,19,13,17,12,18,20,16,13,16,14,11,17,12,15,16
10,11,12,11,16,13,11,16,19,17,12,16,11,11,11,13,14,16,10,20,19,16,14,17,15,11,11,15,19,16,11,12,20,18,17,16,14,14,16,17,11,20,14,19,10,11,18,19,20,11
15,19,10,19,17,14,20,17,14,16,16,15,15,15,18,16,12,15,20,18,10,18,15,12,12,13,16,12,14,14,20,12,12,12,16,15,20,12,13,17,18,20,10,15,12,17,14,18,19,12
16,19,10,19,20,10,17,12,19,14,19,18,19,18,10,15,17,14,16,12,14,13,18,10,19,14,18,18,15,18,10,10,10,18,13,20,15,16,17,12,16,20,20,19,19,19,19,17,19,15
10,13,16,20,11,19,15,17,19,12,17,13,18,12,19,12,11,19,11,13,10,16,13,18,19,13,14,18,16,16,20,11,17,16,20,20,20,16,13,12,11,14,18,11,13,20,12,12,20,19
18,18,18,14,20,12,17,14,14,18,16,17,14,20,15,16,13,13,10,20,16,15,12,18,11,17,16,19,11,17,19,17,15,10,13,11,14,19,15,16,11,16,15,19,11,15,10,17,12,17
10,12,16,10,17,10,13,20,15,10,14,15,11,17,17,13,14,13,10,20,20,18,12,14,20,19,15,20,19,10,11,10,19,19,14,17,16,13,12,10,19,19,11,20,19,10,20,15,13,11
10,14,10,11,18,16,14,10,12,19,11,16,12,19,11,15,17,14,18,11,12,15,10,17,17,16,13,12,17,15,12,16,15,18,10,18,14,10,18,20,15,18,12,17,20,13,20,20,19,13
13,15,15,10,13,11,13,13,11,19,20,19,15,10,12,14,17,10,18,20,12,13,18,17,18,17,10,16,12,10,17,10,14,18,12,19,12,19,19,19,11,11,12,20,15,15,12,19,13,13
12,18,10,10,11,10,10,12,15,10,16,13,17,14,17,11,13,13,16,20,16,10,20,19,19,12,16,16,10,13,15,19,16,11,18,18,19,18,16,10,13,14,10,16,18,14,13,20,12,17
17,12,14,14,11,16,11,13,12,20,11,13,16,12,15,16,15,19,18,20,14,17,12,17,11,19,20,13,10,17,18,15,16,13,17,10,12,19,12,10,16,19,13,16,13,18,14,18,13,16
11,13,11,19,10,20,13,10,17,18,11,13,19,20,12,16,20,10,10,14,11,14,18,19,15,20,20,15,16,13,17,19,14,12,18,20,12,15,15,15,16,12,10,15,14,18,19,17,12,11
17,12,18,18,20,14,12,12,15,15,18,14,11,20,20,19,10,11,12,19,10,12,20,17,10,20,11,12,16,15,12,14,19,14,17,14,12,18,15,11,13,19,14,20,11,11,20,15,19,10
12,20,16,20,11,10,14,20,15,11,15,14,14,11,18,16,13,17,13,11,10,16,14,11,15,20,15,15,15,11,15,19,12,11,15,14,18,20,17,19,11,12,11,11,16,14,10,19,16,12
16,15,20,11,15,15,12,10,14,13,16,18,18,10,10,18,20,16,18,18,11,15,15,14,11,18,14,10,15,17,11,12,10,18,12,17,17,12,13,15,10,16,10,18,20,19,15,11,16,18
13,15,14,14,18,14,15,10,12,13,20,20,20,15,12,10,19,14,18,15,11,14,13,12,16,11,19,10,14,12,12,11,11,13,11,11,16,13,18,12,11,19,17,20,15,15,20,17,13,20
14,15,13,11,11,12,12,15,14,14,19,19,18,19,15,19,14,12,19,20,15,14,11,16,17,13,13,15,16,11,12,20,11,10,17,16,14,12,18,16,16,12,16,10,10,18,13,14,13,12
18,16,20,17,11,14,16,13,19,17,10,14,12,16,14,14,13,10,20,13,20,19,10,14,12,17,18,15,12,14,19,13,18,18,16,20,13,19,15,19,17,16,20,15,13,10,18,14,15,19
17,17,20,13,20,14,15,14,17,10,11,11,11,17,11,12,20,10,19,10,15,12,14,13,18,12,13,18,18,16,10,11,19,16,16,11,16,15,19,16,17,16,19,14,10,17,10,20,10,15
14,19,17,11,20,17,16,10,15,16,16,19,14,13,19,20,16,14,14,13,10,14,11,17,12,17,18,11,16,18,15,15,10,15,18,10,20,16,12,11,11,10,14,14,15,11,18,18,12,16
13,20,12,15,17,14,19,17,15,19,16,20,14,19,18,18,13,20,10,19,15,10,12,18,10,19,15,11,13,12,19,13,12,19,17,18,17,12,18,15,10,10,10,11,12,11,14,11,18,19
11,16,20,15,17,11,20,15,15,14,10,15,12,10,11,15,15,20,18,15,20,18,19,15,10,10,15,10,10,16,18,19,10,11,14,14,14,12,20,16,10,17,15,20,13,15,20,17,16,19
14,20,12,10,12,13,16,13,19,18,19,13,17,11,15,20,20,19,17,13,16,15,18,16,15,19,18,19,10,14,17,14,20,10,19,13,11,16,14,18,15,15,20,20,16,15,10,14,15,20
18,12,11,17,13,13,18,14,12,13,12,16,19,16,18,17,20,15,10,12,19,13,14,18,15,12,18,13,17,17,17,17,17,20,19,14,17,11,10,10,18,15,13,10,13,12,12,16,10,18
15,20,20,20,18,20,10,17,20,15,13,17,20,12,13,14,11,17,11,20,16,10,15,16,13,13,13,18,14,17,13,14,13,19,10,10,17,11,20,11,20,14,20,16,11,20,18,12,14,15
12,14,14,18,15,19,16,18,19,13,13,12,17,14,20,13,10,20,12,11,11,18,14,16,16,18,13,10,17,12,15,20,20,17,20,14,11,18,10,16,18,16,15,20,20,16,15,16,17,13
14,20,20,20,16,13,15,19,11,10,10,13,10,13,14,16,11,11,17,13,10,19,17,17,18,13,13,19,10,11,18,10,19,15,15,11,14,15,11,14,19,19,14,15,13,17,19,15,20,16
11,12,10,20,12,10,20,18,16,19,14,20,17,13,11,17,15,20,15,20,19,17,14,10,10,12,12,11,17,19,14,12,19,19,12,11,16,15,20,15,18,14,16,17,14,17,11,20,20,12
15,14,20,18,20,15,13,16,14,13,17,18,14,11,13,15,12,20,11,13,11,20,15,20,16,18,13,20,19,10,17,15,17,11,17,17,15,11,18,15,13,11,12,16,20,18,16,10,14,15
15,13,18,11,10,18,14,19,14,19,11,14,20,13,16,18,20,11,13,13,19,17,20,11,15,11,15,14,11,19,16,14,18,16,10,11,18,17,15,16,12,11,10,14,19,17,18,20,13,17
11,16,12,12,15,13,14,18,14,20,15,18,16,17,12,15,14,20,13,13,10,15,17,15,16,17,17,19,12,17,13,18,10,20,15,10,16,20,12,13,18,20,15,19,20,18,10,19,19,19
20,16,20,16,11,13,15,20,18,16,19,14,15,20,19,11,18,13,19,20,18,17,12,11,17,13,18,16,12,19,18,10,12,13,14,20,11,16,20,20,17,17,14,16,17,15,20,18,12,18
20,14,18,12,12,19,18,12,18,12,11,12,19,20,13,19,12,16,13,13,13,10,19,15,20,18,14,13,19,11,15,14,20,20,14,15,12,16,18,20,19,13,15,16,14,13,20,14,20,18
18,18,11,10,20,10,17,10,19,12,10,13,17,15,12,16,17,12,11,19,12,12,13,19,12,11,16,12,17,12,16,13,14,14,18,15,16,18,15,12,19,15,13,19,12,17,14,18,12,13
11,15,10,11,20,20,20,16,10,18,17,18,17,11,16,20,17,15,20,13,20,15,13,15,18,20,17,17,12,13,11,19,11,15,19,16,10,14,10,17,12,11,19,10,12,16,10,16,20,12
20,18,15,18,12,16,14,12,17,13,18,14,15,13,14,16,17,14,16,18,10,18,18,12,18,10,14,10,12,10,13,12,13,11,20,17,19,17,12,10,11,19,10,15,10,18,18,12,13,12
11,17,20,10,20,13,17,20,20,13,16,19,13,13,12,11,13,15,12,17,19,20,19,12,10,11,11,18,16,16,17,17,13,19,16,13,11,16,17,17,15,10,12,12,13,19,19,14,11,17
20,11,14,16,13,20,20,19,11,18,18,14,18,19,19,13,13,12,12,18,11,19,16,12,14,11,19,12,10,16,15,20,17,10,17,14,18,13,18,12,17,19,14,19,14,13,18,18,14,20
14,17,20,14,14,20,16,11,20,20,12,15,13,18,12,12,14,17,19,11,13,13,11,11,11,10,10,14,20,18,15,16,20,16,10,16,14,16,14,16,12,13,14,13,17,20,15,12,16,18
11,13,19,11,19,15,13,15,10,14,12,17,10,11,14,12,10,15,13,17,14,18,13,20,20,18,15,19,15,10,11,10,13,18,19,19,15,19,16,17,13,16,17,14,15,14,16,13,16,16
19,17,12,18,19,18,14,16,19,16,13,18,16,11,18,14,18,18,14,17,16,14,16,17,17,20,19,17,12,12,10,13,16,14,19,11,10,10,14,19,14,13,10,17,18,12,14,17,20,10
12,20,20,20,20,17,11,11,15,11,18,17,16,16,10,13,15,13,12,15,19,17,15,11,20,13,13,18,19,18,13,11,16,20,15,14,11,19,14,18,17,17,19,10,20,13,18,16,11,13
13,14,20,17,17,10,15,16,11,16,15,16,12,17,12,12,19,12,16,15,10,16,10,18,11,12,14,17,14,10,18,12,13,20,18,11,10,12,19,17,15,17,18,12,15,15,20,19,11,10
17,16,18,17,20,11,15,14,19,12,16,11,20,11,17,12,12,16,16,10,11,10,12,16,15,12,15,20,11,19,18,20,12,14,19,19,12,10,14,11,12,15,14,13,11,12,14,10,13,11
20,16,12,15,17,11,16,10,14,11,18,20,18,20,18,17,15,17,17,17,18,15,20,12,20,13,12,15,17,14,20,20,10,20,12,18,19,20,15,10,20,19,17,19,10,20,18,11,19,17
15,10,12,17,16,11,20,12,17,16,20,17,12,13,14,18,11,10,17,13,16,14,15,18,13,12,19,10,16,10,19,11,19,18,15,12,17,17,14,18,19,18,16,15,20,11,17,11,16,11
13,14,14,13,11,17,14,11,16,14,15,10,12,10,15,13,19,19,17,20,11,15,15,20,17,19,10,19,18,17,20,17,16,10,15,16,12,20,13,20,16,10,19,12,19,12,14,11,18,20
16,12,20,19,20,14,10,11,18,14,16,19,13,20,13,10,16,19,18,20,13,15,11,13,10,12,17,16,19,19,13,16,15,19,15,15,13,18,15,19,16,20,15,14,18,20,10,10,13,15
15,19,16,19,12,11,11,19,17,19,12,14,16,17,10,19,17,12,10,10,16,19,17,12,11,11,16,18,11,14,19,10,11,15,17,19,11,11,16,19,17,10,10,20,12,14,15,20,14,13
11,13,13,13,10,13,13,12,18,20,11,13,12,18,12,18,10,14,16,19,17,18,15,11,17,10,14,14,16,16,10,15,20,11,11,10,12,20,15,19,13,14,16,18,12,14,15,12,10,10
11,20,12,13,20,11,13,18,19,15,13,14,19,11,11,14,20,11,18,13,20,13,11,14,10,16,18,17,12,15,18,15,12,19,15,16,15,15,17,13,13,10,18,11,11,12,11,17,19,11

