The number of jobs:
20
The number of machines:
4
The number of vehicles:
4
The number of workers:
2

The processing time of each order processed on different machines:
(where rows denote machines: 1 to 4 and columns denote orders: 1 to 
20)
34,38,33,40,20,22,24,33,34,38,20,30,25,24,38,32,24,32,26,29
38,23,27,33,27,37,38,32,32,28,39,33,21,37,36,29,30,24,20,26
33,24,35,40,22,37,33,22,32,29,37,20,37,37,31,22,35,28,38,29
29,27,35,39,21,37,27,34,29,33,30,28,20,40,36,20,24,38,33,23

The coefficient of each worker on each machine:
(where rows denote workers: 1 to 2 and columns denote machines: 1 to 
4)
0.5,0.5,0.5,0.75
1,1.25,1.5,1.25

The unit processing cost of machines:

9,8,9,9

The unit idle cost of machines:

4,2,3,1

The distance between each location:
(where rows and columns denote locations: 0 to 20)
0,85,29,117,52,36,119,65,88,80,137,43,106,33,71,35,49,114,72,45,107
85,0,112,34,127,108,167,135,31,163,145,118,191,84,36,77,53,198,110,51,59
29,112,0,145,28,42,124,43,117,52,135,43,80,40,100,59,69,86,88,67,135
117,34,145,0,161,137,185,169,39,196,169,147,223,117,56,104,86,231,130,84,55
52,127,28,161,0,69,150,15,137,39,118,69,78,45,121,85,77,77,116,78,158
36,108,42,137,69,0,85,84,102,81,171,10,92,67,83,34,83,105,47,79,112
119,167,124,185,150,85,0,164,146,146,256,82,132,152,131,97,161,152,57,156,138
65,135,43,169,15,84,164,0,148,42,108,84,83,51,132,99,83,79,131,85,170
88,31,117,39,137,102,146,148,0,169,173,112,191,98,19,69,73,201,91,68,29
80,163,52,196,39,81,146,42,169,0,149,76,41,83,151,108,115,38,127,115,186
137,145,135,169,118,171,256,108,173,149,0,176,190,105,168,166,106,183,208,112,202
43,118,43,147,69,10,82,84,112,76,176,0,83,73,93,43,92,98,51,87,121
106,191,80,223,78,92,132,83,191,41,190,83,0,117,173,124,148,20,130,147,203
33,84,40,117,45,67,152,51,98,83,105,73,117,0,84,64,33,120,104,33,122
71,36,100,56,121,83,131,132,19,151,168,93,173,84,0,50,63,183,75,58,38
35,77,59,104,85,34,97,99,69,108,166,43,124,64,50,0,65,136,43,59,80
49,53,69,86,77,83,161,83,73,115,106,92,148,33,63,65,0,152,108,6,100
114,198,86,231,77,105,152,79,201,38,183,98,20,120,183,136,152,0,146,152,216
72,110,88,130,116,47,57,131,91,127,208,51,130,104,75,43,108,146,0,102,88
45,51,67,84,78,79,156,85,68,115,112,87,147,33,58,59,6,152,102,0,95
107,59,135,55,158,112,138,170,29,186,202,121,203,122,38,80,100,216,88,95,0

The weight of orders:
16,11,19,15,10,13,16,16,15,20,15,14,10,18,15,18,10,11,20,14

The unit tardiness penalty of orders:

10,7,8,7,10,9,6,9,10,7,8,6,7,7,9,10,7,7,7,7

The due date of orders:
352,159,589,165,482,583,353,340,325,601,337,302,502,390,538,361,481,401,516,264

the loading and unloading time of each order:
4,3,5,4,3,3,4,4,4,5,4,4,3,5,4,5,3,3,5,4

The sequence dependent setup time of each job processed on machine 1.
(Where rows denote jobs: 1 to 20 and columns denote jobs: 0 to 20.For example:The value of Sijk is in row j,column i+1.)
11,19,14,11,20,17,20,18,12,16,16,11,11,19,20,11,12,18,19,16
17,17,18,19,16,16,14,15,19,17,10,13,12,14,17,20,17,13,18,17
17,14,11,19,10,15,18,14,10,17,19,16,20,14,10,17,17,15,13,19
20,14,19,12,18,20,13,12,17,16,16,14,18,19,17,16,16,12,14,19
16,14,19,14,12,20,15,14,10,15,18,14,12,17,20,10,14,18,19,16
14,10,15,20,20,18,13,19,18,15,12,14,12,17,18,15,18,20,17,14
14,14,16,15,18,10,16,14,11,13,10,19,13,10,10,12,15,12,10,18
11,12,19,19,16,20,17,15,11,11,13,14,12,14,11,19,16,19,18,19
10,19,15,17,11,15,15,16,15,20,12,14,18,11,10,17,16,11,19,14
12,12,10,14,10,18,11,14,18,15,11,17,13,15,13,19,15,13,13,13
18,17,13,16,16,12,15,18,11,12,19,14,11,11,15,11,13,13,20,14
18,18,17,19,14,20,11,18,20,20,18,16,13,16,13,12,20,14,14,16
19,16,13,10,14,14,15,12,11,15,19,15,14,20,19,19,15,20,17,15
10,16,13,12,10,18,11,16,15,20,17,20,15,13,20,12,13,20,13,12
14,10,14,20,10,13,18,13,19,18,10,11,13,12,18,12,15,19,11,17
12,14,19,10,14,15,18,15,18,15,16,18,10,19,16,15,10,13,13,14
10,14,20,14,15,16,15,20,13,20,16,12,16,19,15,12,14,13,18,17
12,14,11,18,13,10,15,20,14,15,10,17,17,19,20,18,16,10,15,12
12,13,20,15,20,14,15,20,18,13,12,13,11,16,20,19,14,13,13,16
20,10,11,14,10,13,15,18,16,16,20,16,18,19,12,12,13,10,13,19
14,16,11,20,11,14,12,20,14,14,19,16,10,15,14,13,11,14,10,16

The sequence dependent setup time of each job processed on machine 2.
(Where rows denote jobs: 1 to 20 and columns denote jobs: 0 to 20.For example:The value of Sijk is in row j,column i+1.)
19,10,12,20,17,11,16,16,19,18,15,11,18,10,17,12,20,16,17,12
11,14,18,15,11,16,20,12,16,20,19,13,14,11,11,20,13,20,12,19
19,20,17,11,18,10,19,12,14,14,20,17,10,12,17,13,17,12,20,13
13,16,19,15,12,11,11,18,11,19,18,18,10,18,20,11,15,14,13,18
17,17,20,19,19,12,10,18,11,14,20,10,14,11,13,11,17,12,18,13
20,20,15,20,19,20,12,10,15,14,20,19,13,18,15,10,12,18,18,16
13,20,19,15,20,13,18,18,10,18,17,15,15,16,20,12,10,19,18,19
14,16,15,20,17,15,12,20,15,17,11,11,14,20,10,20,17,11,17,12
17,20,15,12,14,17,13,20,15,12,18,13,10,10,17,20,18,11,13,12
11,15,17,14,10,20,19,11,12,17,17,13,18,19,17,16,11,19,16,16
18,14,18,15,15,20,19,16,11,20,10,14,20,10,11,19,14,15,19,16
13,16,14,19,11,12,13,17,14,18,14,15,19,10,12,12,20,17,18,12
19,15,19,14,11,11,12,20,16,14,20,16,13,15,16,15,16,16,17,15
19,11,19,15,16,19,10,13,20,10,13,19,19,11,12,12,17,11,16,18
12,20,13,13,16,10,11,18,20,16,11,12,16,11,14,17,12,20,13,16
18,10,19,15,12,16,16,15,15,10,12,13,18,13,15,14,19,10,16,20
14,17,14,14,20,15,16,17,19,15,15,11,11,19,19,11,19,19,18,13
16,15,17,11,18,16,12,10,12,15,10,11,10,10,18,17,12,18,16,10
18,13,18,12,13,11,11,13,12,15,13,14,18,13,17,13,17,14,19,15
18,18,14,19,13,10,15,13,17,13,10,20,13,11,17,11,19,10,16,20
13,10,17,15,17,13,20,15,15,12,20,10,12,19,14,13,15,20,18,13

The sequence dependent setup time of each job processed on machine 3.
(Where rows denote jobs: 1 to 20 and columns denote jobs: 0 to 20.For example:The value of Sijk is in row j,column i+1.)
20,14,13,20,11,13,16,18,11,14,20,13,18,16,11,11,14,11,16,16
14,19,18,16,15,14,11,11,19,15,20,18,18,11,13,18,17,13,10,15
16,20,11,12,12,14,18,20,14,13,16,16,20,13,19,10,18,20,17,15
19,17,13,17,13,20,20,19,14,15,10,11,10,16,16,15,16,10,13,14
17,20,15,17,11,15,12,19,10,16,17,16,18,16,19,11,14,15,19,15
12,12,17,15,15,14,15,14,14,15,16,17,19,11,17,12,18,19,13,18
12,11,14,20,14,13,16,10,13,11,14,16,12,11,12,17,12,20,16,13
14,17,14,18,15,12,18,14,12,11,12,19,17,12,18,18,14,12,18,10
13,10,10,14,17,14,15,10,18,10,13,20,18,19,18,18,11,17,15,15
12,13,18,16,15,20,10,16,16,16,19,18,17,15,14,12,13,11,12,18
12,18,12,17,20,19,13,15,10,19,17,17,16,14,10,12,13,13,15,14
17,13,11,12,14,13,18,12,14,16,19,13,10,12,11,20,16,12,13,13
20,14,15,19,12,15,20,11,16,11,17,20,18,18,19,11,17,15,18,11
10,11,20,14,17,19,16,16,14,19,20,11,20,11,14,13,14,19,12,19
20,19,20,13,18,19,16,19,10,16,12,11,13,16,13,11,11,17,14,14
11,15,18,17,13,15,12,18,14,10,11,20,13,12,14,15,15,13,16,16
11,20,13,11,20,18,19,10,19,14,17,19,18,17,19,18,11,17,11,10
15,14,18,17,20,17,20,10,20,20,13,10,20,16,12,14,20,15,14,11
13,14,10,19,13,15,11,10,13,17,20,10,12,19,12,17,18,15,16,12
10,18,13,19,10,18,10,17,11,20,15,11,12,18,13,17,15,10,12,14
15,18,18,18,17,14,12,15,13,18,10,15,13,13,16,13,20,14,14,19

The sequence dependent setup time of each job processed on machine 4.
(Where rows denote jobs: 1 to 20 and columns denote jobs: 0 to 20.For example:The value of Sijk is in row j,column i+1.)
17,20,19,13,20,10,19,17,14,12,17,17,11,14,18,20,14,10,14,12
14,12,10,12,16,11,11,12,15,11,20,12,20,16,19,11,17,14,13,14
12,17,20,12,18,13,17,14,20,10,17,18,10,20,12,15,15,12,17,20
19,17,19,14,16,16,15,13,16,16,14,16,16,20,20,10,11,19,19,13
19,15,20,17,13,12,16,17,12,13,14,16,17,16,20,17,19,10,19,15
19,13,13,11,18,16,13,12,10,15,13,12,11,13,11,13,12,14,10,11
13,20,11,17,14,15,20,12,18,12,20,13,12,20,19,15,11,10,17,17
11,12,16,19,17,20,15,19,14,10,20,12,14,17,15,12,12,13,14,15
20,20,13,16,15,12,17,19,10,11,15,18,18,17,17,11,14,10,14,18
19,18,16,13,13,14,17,20,11,20,10,17,15,18,12,18,18,14,10,14
10,12,11,18,12,15,15,19,10,16,19,16,14,15,19,13,11,14,17,19
19,14,15,16,17,13,13,17,11,15,19,16,11,12,18,13,13,14,15,18
17,19,14,12,12,15,17,11,13,14,12,17,18,19,13,17,13,18,15,16
20,11,20,13,19,19,12,15,11,17,15,18,19,15,17,18,15,19,10,15
18,12,13,12,15,10,17,12,18,17,18,20,10,19,10,12,10,20,10,20
16,19,15,10,11,12,11,20,11,17,16,20,11,16,11,10,16,11,15,15
17,10,16,14,19,15,13,18,10,17,17,20,18,10,20,19,15,16,14,16
20,19,16,18,16,16,13,19,20,16,10,15,10,15,17,14,20,12,10,13
13,12,13,13,14,17,19,20,10,17,12,17,16,13,16,19,18,18,19,18
20,13,17,16,11,19,17,10,11,19,16,16,11,14,14,12,19,17,17,15
18,19,10,13,13,12,18,11,19,10,19,18,19,15,10,15,13,10,11,20

