The number of jobs:
50
The number of machines:
5
The number of vehicles:
5
The number of workers:
5

The processing time of each order processed on different machines:
(where rows denote machines: 1 to 5 and columns denote orders: 1 to 
50)
26,26,35,22,33,24,35,38,28,22,24,35,29,39,21,26,28,26,21,24,31,22,40,23,35,32,25,26,31,29,38,31,24,35,20,22,33,31,37,31,25,27,37,34,21,35,33,23,25,28
25,30,39,28,22,21,32,35,37,33,27,37,36,29,23,25,23,36,29,39,40,31,24,20,36,27,30,39,22,21,32,35,37,35,38,34,21,22,27,34,34,24,23,23,27,25,26,28,36,25
23,38,32,36,31,37,24,35,28,40,39,21,40,30,22,38,33,23,27,29,26,37,24,34,22,25,20,36,26,25,22,24,21,28,36,28,38,34,32,34,36,32,37,38,35,38,38,23,34,20
36,28,32,35,34,23,31,34,34,31,28,26,30,31,36,25,39,39,36,27,26,39,33,27,37,39,26,20,38,25,34,31,26,28,30,21,20,39,35,33,36,23,28,32,23,35,36,31,35,33
36,31,36,23,31,36,39,21,33,30,25,34,40,27,28,38,29,37,24,28,40,39,32,32,21,40,29,28,36,21,20,27,29,25,25,31,22,30,25,32,38,20,25,32,40,38,22,40,35,33

The coefficient of each worker on each machine:
(where rows denote workers: 1 to 5 and columns denote machines: 1 to 
5)
0.5,1,1.25,1,0.75
0.75,0.5,1.5,1.25,1.25
0.5,0.75,1,1,1
1.5,0.75,1,0.75,1.5
1.25,1.5,1,0.5,1.5

The unit processing cost of machines:

10,6,10,7,10

The unit idle cost of machines:

3,1,5,4,2

The distance between each location:
(where rows and columns denote locations: 0 to 50)
0,88,29,28,103,92,89,110,95,107,110,77,37,99,107,94,48,94,85,95,104,94,122,29,117,100,22,78,24,45,74,98,73,107,120,120,93,70,82,131,87,100,121,97,85,56,73,104,90,71,83
88,0,70,66,76,178,160,164,66,160,196,153,65,61,47,83,102,164,79,29,16,16,123,112,52,55,102,163,108,63,161,156,149,56,47,205,44,113,37,61,154,95,176,93,23,122,23,70,90,106,171
29,70,0,6,74,119,118,137,97,134,126,107,8,99,101,66,35,96,56,70,84,72,97,43,110,72,34,94,53,16,100,125,79,104,110,135,65,54,77,123,86,111,148,108,61,54,51,75,63,92,104
28,66,6,0,76,120,116,134,91,130,130,105,10,93,95,69,41,101,59,68,80,69,101,46,104,72,37,98,52,18,101,122,84,98,104,139,64,60,71,117,92,105,145,102,58,59,47,76,67,87,107
103,76,74,76,0,190,191,208,137,205,179,180,66,134,123,16,77,130,22,49,76,63,49,108,128,22,101,151,126,58,170,197,124,131,121,186,32,73,109,135,119,163,220,160,53,97,58,8,27,158,167
92,178,119,120,190,0,49,87,161,88,70,42,127,168,184,178,116,107,169,187,194,186,195,82,194,191,88,59,70,134,19,76,91,181,200,78,184,131,162,208,110,148,90,146,177,103,165,192,171,105,40
89,160,118,116,191,49,0,38,127,39,116,13,125,135,154,183,129,142,173,177,176,171,208,94,164,187,96,97,66,133,51,27,121,149,172,125,178,149,135,177,141,107,44,107,165,124,153,192,178,66,82
110,164,137,134,208,87,38,0,117,4,154,49,143,125,147,202,155,177,193,185,179,177,232,123,155,200,123,134,90,151,89,13,156,139,165,163,190,176,133,168,175,90,12,90,174,154,162,208,200,58,120
95,66,97,91,137,161,127,117,0,113,202,125,97,8,31,140,132,188,133,94,76,81,180,124,38,119,116,170,102,101,149,113,168,22,48,212,107,151,29,51,180,32,128,30,86,148,79,132,144,62,170
107,160,134,130,205,88,39,4,113,0,154,49,140,121,143,199,153,176,190,181,175,173,229,121,151,196,121,134,88,148,89,12,154,135,161,164,186,174,129,164,174,86,16,86,170,153,158,204,197,54,120
110,196,126,130,179,70,116,154,202,154,0,106,132,207,217,164,103,57,157,195,210,198,166,84,227,188,93,33,99,137,66,143,55,217,230,10,185,107,192,241,66,197,159,195,186,82,176,184,154,157,35
77,153,107,105,180,42,13,49,125,49,106,0,114,133,151,171,116,129,162,168,169,163,196,81,160,177,84,85,54,122,40,37,108,146,168,115,168,136,130,174,128,108,56,107,156,111,144,181,167,65,71
37,65,8,10,66,127,125,143,97,140,132,114,0,98,98,59,38,100,50,63,78,66,92,50,107,64,41,101,61,8,108,132,84,102,106,141,57,54,75,119,90,113,155,110,54,57,44,67,57,97,112
99,61,99,93,134,168,135,125,8,121,207,133,98,0,23,138,134,191,132,90,70,77,178,128,30,115,119,175,108,101,155,121,171,14,40,217,104,152,26,43,183,40,136,38,82,150,76,129,143,70,175
107,47,101,95,123,184,154,147,31,143,217,151,98,23,0,129,136,196,124,76,52,61,169,135,10,102,126,185,120,100,170,142,177,11,18,227,91,151,25,24,187,62,158,60,70,154,67,117,135,91,188
94,83,66,69,16,178,183,202,140,199,164,171,59,138,129,0,63,114,9,59,86,72,40,96,135,35,90,137,117,51,158,191,109,137,129,170,42,57,113,144,103,163,214,160,60,82,63,23,11,154,153
48,102,35,41,77,116,129,155,132,153,103,116,38,134,136,63,0,63,55,94,113,100,80,36,144,85,33,74,65,38,97,143,50,139,144,111,83,22,112,157,52,144,166,141,87,22,79,82,55,119,90
94,164,96,101,130,107,142,177,188,176,57,129,100,191,196,114,63,0,109,156,176,163,110,66,205,143,72,48,96,101,93,164,22,198,206,60,143,58,171,218,11,193,185,190,149,42,142,137,104,159,68
85,79,56,59,22,169,173,193,133,190,157,162,50,132,124,9,55,109,0,57,83,69,46,87,130,36,81,129,108,42,149,181,102,131,125,163,40,51,106,139,98,156,205,152,56,75,57,28,11,145,145
95,29,70,68,49,187,177,185,94,181,195,168,63,90,76,59,94,156,57,0,27,14,98,113,79,27,104,163,118,58,169,176,143,85,72,203,17,100,66,86,145,123,197,120,11,116,24,42,67,129,174
104,16,84,80,76,194,176,179,76,175,210,169,78,70,52,86,113,176,83,27,0,14,125,126,54,54,117,178,124,75,176,171,161,62,46,219,44,123,49,59,165,107,191,104,28,135,34,69,94,121,186
94,16,72,69,63,186,171,177,81,173,198,163,66,77,61,72,100,163,69,14,14,0,111,115,65,41,106,166,116,62,168,169,149,71,58,207,31,109,53,72,152,111,189,108,14,122,22,56,80,120,176
122,123,97,101,49,195,208,232,180,229,166,196,92,178,169,40,80,110,46,98,125,111,0,115,175,72,112,145,143,85,176,220,112,177,169,170,81,63,152,183,100,202,243,198,100,92,103,57,36,188,164
29,112,43,46,108,82,94,123,124,121,84,81,50,128,135,96,36,66,87,113,126,115,115,0,145,111,9,52,34,56,62,110,44,136,147,93,106,54,110,159,59,128,133,125,103,32,93,111,89,95,62
117,52,110,104,128,194,164,155,38,151,227,160,107,30,10,135,144,205,130,79,54,65,175,145,0,107,136,194,130,108,180,151,187,16,12,237,96,160,35,14,196,68,166,67,75,163,73,121,141,99,198
100,55,72,72,22,191,187,200,119,196,188,177,64,115,102,35,85,143,36,27,54,41,72,111,107,0,103,158,124,56,171,190,134,111,99,195,12,86,90,113,132,146,212,143,33,106,41,15,45,146,172
22,102,34,37,101,88,96,123,116,121,93,84,41,119,126,90,33,72,81,104,117,106,112,9,136,103,0,61,32,47,69,110,52,127,138,103,98,53,101,150,65,121,133,119,94,35,84,104,84,91,71
78,163,94,98,151,59,97,134,170,134,33,85,101,175,185,137,74,48,129,163,178,166,145,52,194,158,61,0,68,106,47,122,34,184,198,42,155,83,160,209,51,167,141,165,154,55,144,156,128,128,21
24,108,53,52,126,70,66,90,102,88,99,54,61,108,120,117,65,96,108,118,124,116,143,34,130,124,32,68,0,69,52,78,74,118,135,110,116,86,96,144,91,100,101,97,107,65,95,128,113,63,68
45,63,16,18,58,134,133,151,101,148,137,122,8,101,100,51,38,101,42,58,75,62,85,56,108,56,47,106,69,0,115,140,86,104,106,145,50,52,77,120,91,119,163,115,49,59,41,59,49,104,117
74,161,100,101,170,19,51,89,149,89,66,40,108,155,170,158,97,93,149,169,176,168,176,62,180,171,69,47,52,115,0,77,75,167,185,75,165,113,146,194,94,138,95,136,158,85,147,173,151,95,31
98,156,125,122,197,76,27,13,113,12,143,37,132,121,142,191,143,164,181,176,171,169,220,110,151,190,110,122,78,140,77,0,143,135,160,152,180,163,126,164,162,89,23,89,165,141,153,197,188,52,108
73,149,79,84,124,91,121,156,168,154,55,108,84,171,177,109,50,22,102,143,161,149,112,44,187,134,52,34,74,86,75,143,0,179,188,62,132,52,153,200,20,172,164,169,136,28,127,129,99,137,54
107,56,104,98,131,181,149,139,22,135,217,146,102,14,11,137,139,198,131,85,62,71,177,136,16,111,127,184,118,104,167,135,179,0,27,227,100,156,27,29,189,53,150,51,79,157,74,126,142,84,186
120,47,110,104,121,200,172,165,48,161,230,168,106,40,18,129,144,206,125,72,46,58,169,147,12,99,138,198,135,106,185,160,188,27,0,240,89,158,39,14,196,80,176,78,69,163,69,114,136,108,202
120,205,135,139,186,78,125,163,212,164,10,115,141,217,227,170,111,60,163,203,219,207,170,93,237,195,103,42,110,145,75,152,62,227,240,0,193,113,202,251,70,208,168,206,195,89,185,191,160,167,45
93,44,65,64,32,184,178,190,107,186,185,168,57,104,91,42,83,143,40,17,44,31,81,106,96,12,98,155,116,50,165,180,132,100,89,193,0,87,79,103,132,135,202,132,22,105,30,26,51,135,168
70,113,54,60,73,131,149,176,151,174,107,136,54,152,151,57,22,58,51,100,123,109,63,54,160,86,53,83,86,52,113,163,52,156,158,113,87,0,129,172,47,164,187,161,95,28,90,79,47,141,101
82,37,77,71,109,162,135,133,29,129,192,130,75,26,25,113,112,171,106,66,49,53,152,110,35,90,101,160,96,77,146,126,153,27,39,202,79,129,0,49,162,58,144,55,57,130,51,104,117,75,163
131,61,123,117,135,208,177,168,51,164,241,174,119,43,24,144,157,218,139,86,59,72,183,159,14,113,150,209,144,120,194,164,200,29,14,251,103,172,49,0,209,79,178,78,83,176,83,128,150,113,212
87,154,86,92,119,110,141,175,180,174,66,128,90,183,187,103,52,11,98,145,165,152,100,59,196,132,65,51,91,91,94,162,20,189,196,70,132,47,162,209,0,186,183,184,139,33,132,125,93,154,72
100,95,111,105,163,148,107,90,32,86,197,108,113,40,62,163,144,193,156,123,107,111,202,128,68,146,121,167,100,119,138,89,172,53,80,208,135,164,58,79,186,0,100,3,114,156,105,159,165,43,163
121,176,148,145,220,90,44,12,128,16,159,56,155,136,158,214,166,185,205,197,191,189,243,133,166,212,133,141,101,163,95,23,164,150,176,168,202,187,144,178,183,100,0,101,186,164,174,220,211,70,126
97,93,108,102,160,146,107,90,30,86,195,107,110,38,60,160,141,190,152,120,104,108,198,125,67,143,119,165,97,115,136,89,169,51,78,206,132,161,55,78,184,3,101,0,111,153,102,156,162,42,161
85,23,61,58,53,177,165,174,86,170,186,156,54,82,70,60,87,149,56,11,28,14,100,103,75,33,94,154,107,49,158,165,136,79,69,195,22,95,57,83,139,114,186,111,0,108,12,47,67,118,165
56,122,54,59,97,103,124,154,148,153,82,111,57,150,154,82,22,42,75,116,135,122,92,32,163,106,35,55,65,59,85,141,28,157,163,89,105,28,130,176,33,156,164,153,108,0,100,102,73,126,73
73,23,51,47,58,165,153,162,79,158,176,144,44,76,67,63,79,142,57,24,34,22,103,93,73,41,84,144,95,41,147,153,127,74,69,185,30,90,51,83,132,105,174,102,12,100,0,54,68,107,154
104,70,75,76,8,192,192,208,132,204,184,181,67,129,117,23,82,137,28,42,69,56,57,111,121,15,104,156,128,59,173,197,129,126,114,191,26,79,104,128,125,159,220,156,47,102,54,0,34,156,171
90,90,63,67,27,171,178,200,144,197,154,167,57,143,135,11,55,104,11,67,94,80,36,89,141,45,84,128,113,49,151,188,99,142,136,160,51,47,117,150,93,165,211,162,67,73,68,34,0,153,145
71,106,92,87,158,105,66,58,62,54,157,65,97,70,91,154,119,159,145,129,121,120,188,95,99,146,91,128,63,104,95,52,137,84,108,167,135,141,75,113,154,43,70,42,118,126,107,156,153,0,122
83,171,104,107,167,40,82,120,170,120,35,71,112,175,188,153,90,68,145,174,186,176,164,62,198,172,71,21,68,117,31,108,54,186,202,45,168,101,163,212,72,163,126,161,165,73,154,171,145,122,0

The weight of orders:
14,11,16,13,15,12,16,13,17,17,10,20,20,18,14,12,16,10,12,11,12,18,10,12,13,17,19,13,18,11,17,18,15,11,16,11,17,14,10,10,16,19,19,17,20,15,20,19,14,16

The unit tardiness penalty of orders:

10,6,10,8,10,7,10,8,10,6,8,6,6,9,10,6,8,8,10,6,9,10,8,9,9,10,10,6,9,9,10,8,9,9,7,7,9,7,9,7,10,6,6,9,7,9,6,7,6,7

The due date of orders:
620,750,611,673,234,370,729,491,343,343,447,363,534,555,469,121,869,820,220,777,493,835,627,586,578,229,785,467,144,513,218,665,350,460,696,493,375,755,420,792,593,469,676,279,312,335,528,271,565,842

the loading and unloading time of each order:
4,3,4,3,4,3,4,3,4,4,3,5,5,5,4,3,4,3,3,3,3,5,3,3,3,4,5,3,5,3,4,5,4,3,4,3,4,4,3,3,4,5,5,4,5,4,5,5,4,4

The sequence dependent setup time of each job processed on machine 1.
(Where rows denote jobs: 1 to 50 and columns denote jobs: 0 to 50.For example:The value of Sijk is in row j,column i+1.)
14,14,17,16,14,19,12,18,19,15,13,15,12,15,20,14,19,12,19,17,17,17,19,11,10,15,13,15,18,10,18,13,13,14,12,13,16,16,10,20,13,14,20,14,16,12,16,11,18,13
15,14,18,14,12,16,15,14,16,12,16,20,15,12,17,18,20,10,13,10,15,18,14,15,17,15,19,19,20,16,18,13,18,14,19,14,20,10,20,12,18,17,20,16,11,16,10,12,14,20
11,17,14,14,10,13,16,16,20,10,17,13,16,15,10,19,12,14,13,17,16,14,19,17,14,13,16,15,13,16,16,12,15,19,10,12,12,19,14,12,14,20,16,11,11,18,14,17,10,19
12,14,16,14,14,10,10,10,14,18,15,15,15,20,12,16,18,19,13,11,14,14,16,15,13,15,18,15,13,11,12,14,14,20,19,13,19,19,17,10,12,18,15,10,15,11,15,15,12,19
11,11,17,12,13,14,16,15,11,19,18,12,17,20,18,11,11,20,18,20,14,18,12,12,20,20,19,17,14,12,12,16,16,17,15,13,15,19,15,13,16,11,19,17,12,17,16,15,19,16
10,18,10,11,10,16,17,15,19,20,13,14,17,11,16,12,14,19,14,15,12,15,14,13,19,10,16,14,19,18,17,19,16,11,10,19,10,19,17,12,14,14,12,18,11,16,13,13,10,17
19,19,11,17,19,10,19,16,16,11,19,15,16,18,19,10,15,15,19,16,14,13,18,14,12,14,14,17,16,14,17,14,18,16,15,10,17,18,12,17,15,11,15,15,19,12,11,14,10,14
12,19,20,19,10,17,15,19,10,20,10,10,15,18,16,15,14,19,12,14,18,19,14,20,19,15,11,19,11,14,14,17,20,15,15,10,17,15,14,14,10,11,10,13,14,11,17,12,17,18
16,15,18,13,19,17,19,13,17,18,17,10,17,10,20,17,11,19,19,19,12,16,10,11,20,18,18,11,12,15,18,13,11,12,19,18,18,18,13,19,18,20,20,15,12,16,17,16,15,11
20,19,19,18,13,16,20,13,13,15,19,19,11,16,13,16,17,16,12,12,11,17,12,13,18,19,16,13,10,11,15,12,10,11,13,16,15,19,20,13,16,17,17,20,11,14,14,13,15,17
15,14,18,18,10,19,11,12,19,19,15,15,18,11,11,20,16,19,11,10,19,12,17,20,18,16,13,11,18,10,17,12,12,12,12,19,10,20,11,13,18,14,15,16,15,15,12,19,19,12
11,15,17,16,18,10,20,16,20,13,14,10,11,14,13,17,11,17,13,13,20,14,16,14,11,11,20,12,14,19,20,13,12,11,11,14,14,20,11,14,13,18,14,15,13,11,20,19,16,20
10,19,19,12,15,12,16,20,20,20,19,20,10,11,19,16,14,16,16,14,11,12,10,16,15,17,18,14,13,11,14,17,10,14,20,15,13,19,20,20,11,18,17,14,10,16,17,17,13,18
10,18,19,14,10,16,19,10,20,20,11,13,18,15,19,10,15,17,18,16,12,20,19,18,12,17,18,11,19,16,12,12,17,11,10,15,12,13,17,17,10,13,18,17,18,10,20,10,14,16
16,19,17,19,16,11,15,19,19,16,12,17,19,16,18,18,17,11,11,11,20,18,16,14,14,20,11,18,13,14,13,13,10,12,16,16,18,16,15,11,16,19,16,17,13,10,15,15,16,14
14,12,17,14,20,19,10,15,15,18,12,16,16,16,14,12,18,11,18,14,18,16,10,13,11,15,20,16,15,11,13,18,15,11,10,17,13,13,14,20,20,19,12,12,11,15,19,19,10,15
17,20,18,10,18,13,11,16,11,17,17,16,16,14,15,20,17,20,20,19,13,16,12,20,12,18,15,20,20,12,19,15,15,17,18,20,15,15,18,11,19,12,15,16,13,14,16,10,14,11
13,17,14,20,15,15,15,15,13,17,16,10,19,19,10,18,20,19,18,17,20,14,14,12,20,14,14,19,16,19,14,12,16,14,16,11,17,13,12,13,14,16,20,17,15,11,11,16,10,17
16,13,16,10,10,10,13,19,13,11,15,20,17,17,14,19,15,17,13,11,13,10,11,12,18,14,19,13,11,14,13,18,13,17,20,16,17,19,12,19,15,14,20,19,17,16,15,19,11,10
20,12,11,15,20,14,12,11,19,18,12,11,15,16,19,17,15,14,16,10,13,19,14,14,19,11,14,11,20,16,11,18,13,19,17,11,18,13,11,14,13,14,12,16,16,13,16,20,14,18
17,14,18,12,13,15,19,10,17,15,14,19,12,16,20,18,14,14,14,16,14,20,11,12,11,20,20,18,20,16,11,11,18,16,16,10,17,11,11,17,17,19,10,15,18,12,20,13,15,16
20,18,14,17,15,17,15,15,10,12,16,13,10,20,13,16,17,11,18,11,15,12,11,20,15,13,17,20,18,19,14,14,18,13,19,15,12,19,12,15,20,16,11,10,10,18,15,19,19,17
19,13,16,11,16,14,10,14,12,17,15,20,15,13,17,17,12,11,13,15,14,18,12,17,12,17,16,17,12,11,13,19,17,10,11,15,19,16,20,16,14,17,10,16,17,15,14,11,18,15
18,12,13,10,12,14,19,14,19,16,15,18,13,18,19,11,11,12,13,13,17,12,11,20,17,11,14,12,16,15,14,12,14,15,10,16,12,20,18,11,10,12,16,14,19,10,12,14,19,18
11,16,20,16,10,12,20,15,16,14,14,10,15,13,12,15,10,19,16,17,17,13,17,12,18,16,17,12,19,11,10,17,13,12,17,20,14,10,10,20,15,16,15,17,12,14,17,12,14,12
20,16,20,18,17,16,10,19,20,13,14,10,18,10,14,18,14,14,17,14,17,17,18,19,11,13,20,17,19,15,14,12,19,12,17,10,19,14,15,20,18,19,19,18,15,14,19,19,17,13
10,19,15,13,10,12,20,10,16,14,11,17,16,17,18,11,11,20,19,13,15,14,14,16,14,11,20,20,16,14,14,19,20,17,18,17,13,20,19,11,14,13,19,20,19,16,14,15,10,10
17,19,14,12,10,11,20,15,15,12,15,12,10,18,12,10,18,17,18,16,14,12,20,18,18,15,14,14,19,18,12,14,17,11,15,18,16,15,19,16,19,18,14,12,20,19,19,17,14,12
19,15,20,12,11,20,18,13,10,12,20,17,12,11,20,13,17,18,13,15,17,19,12,12,10,10,15,10,20,13,19,10,16,13,17,20,16,16,12,16,13,13,13,10,11,16,15,11,16,17
13,17,20,15,10,10,14,13,17,16,12,20,11,14,10,16,10,18,12,13,16,14,12,10,16,12,10,11,18,18,17,15,18,15,13,10,14,10,18,19,15,10,20,14,18,18,17,16,11,12
11,11,12,10,12,20,18,20,20,14,18,14,16,16,14,16,15,18,10,18,15,11,10,10,13,12,18,16,18,12,10,16,10,10,14,10,19,18,14,14,20,20,19,15,18,11,19,19,12,20
19,19,20,18,12,15,14,16,14,11,17,17,16,11,14,16,16,11,12,20,20,11,12,12,12,13,17,19,10,13,13,14,11,19,18,15,11,18,13,20,17,13,20,17,14,15,14,13,14,16
14,16,20,12,11,18,17,15,15,16,13,20,18,10,13,11,11,20,16,18,16,14,19,15,17,14,19,20,12,10,17,19,10,17,20,11,11,16,12,11,13,14,20,13,14,15,17,13,16,17
16,11,12,19,17,20,15,11,19,11,11,19,14,12,15,10,13,12,20,15,17,15,10,15,20,20,17,19,10,14,12,11,20,16,10,20,20,10,13,20,15,18,13,13,16,13,18,15,17,11
10,11,15,14,10,19,15,18,12,13,16,10,19,14,20,16,19,10,11,20,11,13,15,18,11,10,16,11,14,19,18,17,12,15,15,12,14,15,15,11,15,10,13,19,14,17,19,20,13,14
16,12,17,17,16,20,18,20,14,20,11,18,10,15,17,11,20,16,11,14,14,14,13,17,12,10,18,17,11,11,10,18,17,14,13,19,11,15,16,15,15,18,12,16,18,18,11,20,12,20
16,17,15,17,15,13,18,19,15,18,16,20,15,18,14,16,20,10,19,12,20,17,20,16,19,15,13,12,20,17,18,16,20,19,12,13,12,10,14,11,17,15,11,16,15,12,15,13,18,18
12,10,10,16,13,19,14,19,12,17,20,12,20,11,17,16,17,13,16,12,18,18,19,11,12,19,15,17,11,19,16,15,12,19,13,15,10,17,10,14,12,17,14,13,18,12,18,11,10,10
18,16,16,18,15,15,20,12,14,20,14,10,10,13,11,14,19,10,12,16,17,10,16,13,17,14,15,19,15,18,17,10,19,10,20,17,11,10,16,10,19,20,17,17,15,14,16,17,11,12
20,19,20,16,17,14,12,10,20,15,11,18,13,18,11,12,14,13,20,19,19,18,17,11,11,10,20,18,15,19,20,15,20,16,12,20,16,13,15,20,10,20,11,13,13,19,19,15,10,10
14,13,15,10,11,13,13,13,20,16,14,13,16,12,18,10,17,18,15,13,14,19,13,19,19,18,14,12,13,17,17,11,20,16,17,19,15,19,19,13,14,15,12,11,11,18,14,15,15,15
11,17,12,14,18,13,13,12,19,18,17,12,19,18,13,10,15,20,13,20,14,17,11,20,16,17,17,15,17,18,20,15,12,19,18,13,19,11,17,10,19,12,15,14,14,17,13,11,13,18
16,19,20,18,11,14,20,20,16,15,12,15,12,16,19,19,16,18,18,20,12,18,14,20,17,20,13,10,16,13,20,20,10,14,15,16,19,17,11,16,13,16,17,16,11,16,11,14,12,16
13,19,19,13,13,11,14,18,11,10,19,13,16,20,19,18,10,20,17,14,16,13,12,14,18,19,10,10,20,20,13,15,13,14,10,20,14,19,17,16,11,18,17,12,12,12,19,20,19,15
19,17,19,19,17,19,16,15,17,10,18,11,10,16,18,12,10,14,15,11,17,19,15,20,10,13,16,14,10,16,18,15,18,20,20,15,19,11,11,11,11,16,20,10,15,18,16,16,16,17
11,10,18,10,11,10,11,16,13,12,20,20,20,16,19,17,13,10,18,16,14,16,18,13,17,14,18,18,12,12,10,11,13,17,15,19,20,17,11,14,17,16,14,14,16,17,14,19,13,15
19,13,18,20,14,10,13,15,10,11,12,20,18,11,12,20,20,11,14,15,10,18,15,16,20,16,14,11,12,10,14,19,15,13,15,12,15,17,13,19,15,17,15,12,18,16,16,10,10,12
13,15,13,10,17,18,12,20,18,14,12,18,18,15,13,11,20,16,17,18,13,19,20,17,13,12,19,15,11,18,18,19,17,11,16,13,17,11,14,19,11,10,20,14,15,11,12,17,17,15
13,17,17,20,10,13,20,12,12,15,20,14,15,16,15,12,19,15,13,19,17,19,20,20,10,12,17,15,11,11,20,19,14,17,20,19,10,16,16,17,19,11,14,19,14,16,12,20,13,18
12,16,12,20,10,15,17,16,11,12,14,20,17,15,13,19,13,15,15,17,16,17,20,11,17,10,20,13,20,15,16,14,20,15,19,11,19,14,18,14,17,13,17,12,12,16,10,11,16,10
13,11,11,11,18,11,20,13,16,16,13,19,18,13,11,17,14,16,14,10,13,19,20,19,11,20,19,13,12,13,17,15,17,16,17,15,15,19,17,18,10,14,20,20,12,16,17,19,17,20

The sequence dependent setup time of each job processed on machine 2.
(Where rows denote jobs: 1 to 50 and columns denote jobs: 0 to 50.For example:The value of Sijk is in row j,column i+1.)
19,15,17,13,14,15,20,15,13,10,14,13,14,17,18,10,15,17,11,13,12,12,14,20,13,10,19,14,17,19,14,12,20,18,17,12,15,15,13,15,11,10,20,17,15,17,14,20,13,16
10,15,19,11,15,18,19,15,17,16,11,14,11,10,15,14,13,11,20,10,17,17,19,11,15,20,12,11,19,14,20,12,13,19,11,12,19,18,15,16,18,17,16,15,15,14,10,15,11,11
20,11,13,17,13,14,10,15,10,14,12,18,17,12,12,10,10,14,20,16,11,19,17,14,19,15,18,19,16,11,14,10,19,20,18,18,16,17,14,10,15,20,16,18,14,19,16,16,14,13
13,13,12,15,11,17,16,19,18,14,19,14,19,16,16,16,12,17,14,15,18,11,14,17,19,11,20,19,14,13,13,11,12,13,16,12,20,11,20,10,20,19,18,17,20,20,14,16,15,20
13,10,20,19,20,11,16,14,14,12,15,13,14,17,13,10,18,13,11,14,10,12,18,19,11,11,17,18,10,11,10,19,18,14,19,17,11,11,16,18,14,12,16,12,13,15,20,19,20,13
15,14,14,10,10,15,11,19,16,12,19,18,16,12,10,11,16,15,18,12,15,18,19,18,16,12,13,18,19,19,17,13,11,18,13,19,16,19,20,15,16,18,15,16,12,12,18,16,10,13
14,18,10,20,18,19,20,13,10,16,13,13,10,18,12,10,14,20,17,18,11,14,15,17,12,11,10,15,12,17,15,16,13,10,15,10,13,18,20,19,10,20,15,18,12,13,17,14,19,19
15,20,16,11,10,16,19,13,14,14,16,18,17,13,20,16,19,11,16,17,17,12,18,13,10,12,20,16,14,10,19,20,18,16,20,18,18,16,18,16,10,15,11,20,18,10,19,17,13,13
12,13,12,15,10,20,16,13,17,19,13,12,10,15,17,16,12,15,13,18,18,18,15,14,11,14,14,16,19,17,17,11,19,16,13,18,13,17,17,12,12,15,14,20,13,10,13,10,17,16
17,14,16,19,15,15,20,19,10,19,11,19,11,12,13,20,11,18,15,16,15,12,15,12,13,16,20,14,14,20,19,12,12,20,13,18,12,17,19,19,20,15,10,17,17,16,19,19,10,15
11,13,17,19,14,12,19,15,18,20,17,14,12,14,18,17,18,14,20,19,16,18,11,19,14,17,15,13,17,10,13,10,14,12,10,19,10,14,15,12,14,12,13,18,14,17,12,10,20,18
14,10,20,16,14,15,17,10,12,17,11,19,13,14,13,14,10,20,12,11,19,10,20,13,15,13,11,13,10,20,14,11,12,18,16,20,10,16,15,12,18,11,16,14,15,20,18,12,15,12
17,11,15,16,20,12,15,12,20,16,19,20,13,11,14,16,18,15,11,19,18,15,15,12,10,17,11,15,18,20,15,11,14,11,16,16,10,12,13,20,16,11,20,15,10,20,12,12,11,13
17,20,11,11,16,18,12,10,16,17,20,15,13,13,16,14,16,14,15,17,20,16,10,14,14,11,16,15,15,18,11,18,12,12,10,14,10,14,15,15,11,16,15,17,11,17,20,19,19,14
13,12,11,13,13,12,14,14,14,11,19,12,15,15,11,17,19,16,16,19,12,15,12,12,13,13,19,12,11,12,18,20,12,14,12,19,14,10,17,13,13,15,19,20,15,11,20,14,14,13
16,12,12,20,12,12,15,14,14,17,11,19,17,13,15,14,19,11,10,10,16,11,19,16,19,17,17,10,12,19,14,18,18,17,18,10,19,14,16,15,11,12,19,18,12,10,17,19,14,17
19,17,20,10,13,10,11,15,11,20,14,19,19,12,17,13,15,11,17,12,11,12,19,11,11,20,18,14,15,12,20,17,16,15,14,14,14,16,14,20,17,18,19,15,12,14,12,20,19,16
14,14,13,13,15,17,19,20,14,12,15,20,18,14,14,15,19,10,14,14,10,16,13,10,12,12,13,10,19,18,11,10,17,16,14,20,18,14,12,13,11,13,15,18,17,14,18,15,20,14
10,20,17,13,19,11,16,13,13,10,18,11,11,17,19,15,16,17,16,18,13,13,11,14,20,11,14,11,20,16,20,18,16,17,18,16,11,19,18,13,16,17,16,13,19,16,12,17,19,18
17,14,17,15,15,18,16,11,19,15,11,10,18,19,16,12,13,10,14,15,13,19,10,10,19,17,17,15,16,11,20,14,17,20,20,11,14,18,14,13,18,15,14,14,14,15,18,11,10,20
20,11,16,12,12,11,14,16,17,16,16,12,20,10,10,16,12,13,20,16,16,16,10,12,11,18,16,10,16,13,13,10,19,11,14,10,10,19,13,17,20,10,14,17,18,10,15,16,19,20
19,15,16,14,11,20,12,16,12,11,11,19,12,13,15,11,16,18,17,10,11,14,11,10,20,17,14,12,20,11,17,13,12,18,18,10,14,18,19,12,11,15,10,13,10,11,14,18,18,19
10,17,12,11,16,20,12,20,20,13,19,11,10,11,19,11,14,15,10,18,18,20,18,14,18,18,17,18,19,16,16,17,11,18,19,13,14,12,20,17,20,11,12,20,13,14,12,19,18,10
16,18,10,15,11,16,14,10,16,13,10,19,15,16,15,15,15,16,18,17,20,11,16,18,18,19,14,15,12,11,11,15,11,13,12,13,12,17,10,20,20,17,16,12,14,15,14,18,12,13
10,15,13,11,17,13,14,10,20,16,17,17,16,18,11,11,13,14,20,11,16,10,13,20,14,18,20,19,11,14,15,16,12,14,13,11,11,17,10,20,20,20,14,13,10,17,14,16,14,14
16,17,11,10,15,10,13,11,18,20,18,15,13,10,18,17,20,19,17,10,10,20,10,12,20,20,15,18,16,19,13,11,17,10,12,13,14,17,10,15,15,19,13,20,19,17,16,17,11,15
20,10,20,18,18,14,17,12,13,19,15,11,14,14,18,20,15,20,20,20,18,18,10,16,10,19,18,13,11,12,19,15,11,13,13,17,12,10,14,18,10,14,14,20,10,11,20,20,10,18
15,10,20,20,10,17,14,20,17,14,12,13,17,19,14,20,15,15,13,10,18,14,16,17,20,20,11,19,15,13,19,11,14,13,13,17,17,19,20,19,14,11,13,14,16,20,13,15,11,16
20,20,19,11,10,11,11,12,11,10,18,10,18,12,11,19,20,11,12,19,14,10,13,18,11,11,11,11,18,19,14,13,16,12,11,14,13,16,13,17,16,18,10,19,12,14,18,11,10,16
10,16,14,14,19,11,10,12,13,18,12,10,10,18,15,19,17,17,10,10,17,12,15,20,14,20,18,16,15,12,19,17,14,17,13,16,19,14,15,11,13,20,17,11,11,11,12,20,19,20
15,20,17,13,11,20,11,20,17,19,20,12,14,19,12,16,11,17,11,19,15,16,11,20,20,12,20,19,17,17,12,20,18,12,20,14,14,12,15,12,11,16,10,18,20,16,18,14,10,15
16,20,12,19,11,14,18,17,16,18,14,12,19,17,12,14,19,20,11,13,15,11,20,13,20,18,15,11,19,19,18,14,20,19,13,14,20,19,17,19,12,17,20,16,18,15,17,18,13,15
13,13,16,14,12,16,20,17,10,20,16,10,13,14,14,10,15,11,11,20,11,14,11,18,12,11,10,20,10,10,16,13,18,13,18,13,15,16,14,18,12,18,13,20,10,20,18,15,13,17
13,15,17,15,13,14,15,12,12,19,12,17,19,16,18,15,12,18,17,12,12,12,11,11,17,11,17,19,17,16,13,15,11,17,12,11,20,13,19,17,20,19,13,13,19,17,16,12,10,10
20,18,12,10,18,16,16,13,12,15,20,15,20,12,18,10,14,12,11,11,20,10,19,16,15,19,16,17,19,14,20,20,11,17,16,19,16,18,13,10,12,20,16,20,14,16,10,20,10,11
12,13,10,15,19,10,15,15,14,15,12,18,17,13,14,19,11,12,10,17,14,19,14,13,13,12,10,17,19,20,18,14,15,15,19,13,14,13,10,10,12,20,12,17,16,15,15,14,12,16
18,16,20,10,17,14,18,11,10,14,10,12,11,11,13,11,11,15,15,13,10,13,16,13,11,11,10,18,19,17,19,18,13,16,13,12,12,20,10,18,17,18,16,17,18,20,20,16,18,11
13,13,10,19,15,17,14,14,13,20,18,18,15,18,14,20,18,14,13,11,19,19,20,19,12,10,18,20,19,17,19,14,20,10,12,11,11,14,13,19,14,16,18,11,11,12,17,15,12,15
15,13,17,14,19,14,19,19,17,11,19,10,13,20,16,20,20,10,19,15,15,15,13,18,12,13,10,17,17,19,12,20,16,15,17,20,17,16,18,14,19,20,16,19,12,16,10,17,10,13
13,20,12,16,11,15,17,18,11,10,10,19,12,20,16,17,10,16,16,13,13,15,20,15,13,17,20,17,11,14,13,15,12,19,11,15,16,16,11,16,18,20,14,14,18,12,12,16,15,14
14,20,14,18,11,13,19,10,14,15,10,13,12,12,17,16,18,19,13,17,17,16,14,15,12,14,15,19,20,10,17,12,14,19,10,18,16,19,19,11,14,19,18,19,16,15,10,15,18,20
13,10,11,16,20,12,10,17,14,10,18,18,16,14,16,12,14,10,18,11,12,11,12,13,11,13,14,11,20,18,10,12,20,14,18,18,20,15,17,10,18,20,16,13,16,10,10,19,19,17
16,19,10,12,15,11,20,13,14,15,18,11,15,16,15,10,15,16,18,14,13,15,16,10,16,10,13,19,19,12,20,11,12,17,12,14,11,16,18,10,16,20,12,13,11,12,12,20,12,20
16,14,15,15,19,10,20,19,13,17,13,19,18,15,14,14,10,13,16,11,18,16,14,12,10,14,13,10,10,15,15,18,17,15,16,16,11,18,15,12,19,20,19,10,11,14,16,10,10,13
15,17,11,15,11,19,13,16,14,10,10,17,14,12,14,19,20,17,16,14,13,17,18,15,16,13,10,14,11,14,10,14,10,13,20,12,10,16,18,19,11,18,15,13,20,19,10,15,12,19
20,11,12,15,17,10,17,11,14,13,13,18,10,13,14,14,10,17,15,11,15,12,19,11,18,18,19,14,10,12,12,14,10,11,16,13,20,10,19,10,17,11,17,20,11,15,14,11,18,12
13,20,10,15,16,16,11,15,20,17,14,16,15,10,10,20,16,16,10,19,11,13,11,16,19,11,13,12,12,18,11,11,12,17,16,11,20,14,17,20,19,19,17,15,12,14,11,11,17,15
17,16,16,13,14,10,13,18,11,13,14,16,18,17,12,12,19,14,13,17,16,17,14,10,13,10,12,13,18,18,17,13,13,17,18,20,15,10,20,14,12,13,18,16,18,16,10,16,14,19
17,17,20,12,10,10,19,19,20,14,17,16,19,11,15,12,20,12,13,12,16,14,13,11,20,19,15,16,19,14,20,11,19,18,17,18,11,16,18,19,10,10,12,10,20,11,11,14,20,20
11,17,14,15,19,19,10,10,16,17,19,19,15,18,14,14,13,18,19,14,11,18,12,16,16,19,18,17,10,16,12,17,20,11,12,18,18,12,15,15,17,20,17,19,20,16,13,20,16,11
16,20,14,14,20,11,15,14,19,17,19,11,12,20,14,12,11,12,11,19,14,20,11,10,20,11,17,18,18,20,16,18,12,12,20,11,15,15,20,18,12,18,18,13,12,10,15,16,12,14

The sequence dependent setup time of each job processed on machine 3.
(Where rows denote jobs: 1 to 50 and columns denote jobs: 0 to 50.For example:The value of Sijk is in row j,column i+1.)
12,14,16,13,17,20,11,11,18,18,18,12,15,15,17,18,13,10,14,16,15,15,16,20,11,16,12,16,17,20,19,10,20,19,12,15,15,17,17,20,11,10,10,18,12,12,19,17,16,10
17,18,12,16,18,19,20,16,12,18,12,20,12,13,17,16,18,10,11,15,12,12,14,11,10,17,16,16,15,16,15,14,10,20,19,19,10,15,18,16,16,13,10,13,20,14,15,18,17,13
18,15,16,16,15,17,18,15,15,18,17,15,11,19,13,12,20,11,17,15,20,16,20,10,17,13,12,14,15,13,19,20,12,20,14,16,12,19,18,15,13,11,15,18,12,14,18,10,12,18
13,15,13,19,13,14,13,12,11,13,18,19,17,16,15,12,19,20,16,18,10,11,12,14,19,13,18,15,20,12,16,12,14,20,15,16,18,18,13,12,11,12,16,14,12,13,19,13,10,14
11,19,17,16,20,19,14,20,10,14,15,17,10,18,18,15,16,18,13,20,17,11,12,18,15,17,16,17,14,18,16,15,17,15,18,15,12,17,19,19,16,11,15,19,13,16,18,18,11,18
11,16,15,20,15,20,17,13,18,19,13,16,20,20,14,19,11,19,12,11,10,16,11,11,16,16,15,20,20,20,13,10,17,14,13,11,19,11,15,14,18,11,20,19,12,17,10,15,17,11
11,11,10,13,10,17,15,15,18,13,12,19,17,16,16,10,19,13,17,19,14,10,17,18,17,17,20,10,14,12,11,17,13,15,17,20,14,12,20,11,14,19,17,19,11,10,10,17,14,14
16,19,15,11,14,18,15,18,19,18,14,12,18,17,15,11,19,15,14,17,10,18,12,15,17,18,16,11,10,15,18,15,20,20,20,12,19,10,15,13,10,13,19,10,14,16,10,19,20,14
13,13,15,20,20,13,13,10,16,13,15,17,12,11,18,14,11,18,11,15,19,12,11,10,18,11,18,19,17,16,14,18,16,16,11,11,20,17,14,19,15,20,10,15,13,20,10,15,20,13
11,14,11,10,11,10,17,19,18,13,18,12,18,15,20,15,17,11,12,19,14,12,16,19,11,10,10,10,18,10,20,12,19,11,16,17,14,10,10,11,10,19,10,16,16,20,17,16,11,10
10,11,10,12,19,11,18,14,14,11,18,12,20,15,11,15,10,15,18,19,18,14,16,15,11,10,13,17,19,12,18,10,10,16,12,12,13,20,20,19,20,19,15,16,16,16,20,14,15,17
15,10,14,20,20,17,12,18,18,11,12,14,17,11,18,19,15,18,15,10,15,17,20,15,14,13,12,12,13,14,19,14,14,16,15,13,18,16,20,19,13,15,11,13,19,16,11,12,13,15
16,17,14,12,20,12,15,15,18,12,17,10,19,10,18,15,20,17,14,14,15,11,13,16,10,20,11,18,12,16,20,11,15,10,13,20,11,11,14,12,11,14,17,20,11,11,16,10,13,11
15,20,12,16,15,17,14,19,17,16,13,20,10,17,11,12,15,10,18,10,15,12,20,19,19,17,14,14,12,18,12,11,20,12,19,16,19,14,14,20,16,12,12,18,11,16,11,11,15,14
16,10,18,14,16,18,18,12,20,19,16,13,14,20,10,14,15,10,18,17,13,16,16,14,11,11,11,16,15,11,13,14,13,13,10,16,18,20,16,17,20,11,18,12,18,19,16,14,10,14
17,19,19,12,13,20,11,20,15,16,12,17,19,15,12,13,11,10,16,20,18,19,13,13,16,19,15,13,12,11,12,10,12,12,14,18,18,16,19,10,15,16,16,19,12,12,13,13,19,16
20,16,14,13,18,18,14,17,20,16,18,18,13,18,20,18,19,14,11,15,11,18,17,20,20,16,14,17,18,17,14,12,19,18,13,10,11,17,13,11,16,15,11,17,14,19,20,16,18,17
17,13,19,14,14,20,16,12,19,14,16,18,14,18,19,12,16,15,17,20,12,16,20,16,16,15,12,13,12,20,16,19,20,16,20,12,19,15,16,20,15,17,17,17,12,19,12,20,12,11
18,12,13,15,18,16,13,12,18,11,12,12,14,11,20,13,11,14,20,18,10,18,15,20,20,15,20,18,13,17,11,18,17,10,15,11,10,12,15,11,10,11,10,10,16,16,19,14,13,19
18,13,13,17,19,12,11,17,10,20,20,20,13,19,16,11,11,11,11,11,17,14,14,10,17,20,20,19,17,14,15,15,19,20,11,16,16,11,18,10,13,14,18,20,10,17,15,19,20,18
19,20,14,15,20,14,18,11,13,10,20,17,15,14,19,11,20,15,15,17,12,12,18,18,16,15,10,11,11,20,17,19,19,13,14,17,16,17,13,10,13,13,19,10,13,17,12,10,17,11
11,19,11,16,18,14,19,17,18,14,15,14,10,10,14,15,12,18,10,19,20,12,14,16,17,12,10,18,11,19,20,19,14,10,11,19,11,13,16,10,17,14,19,12,19,14,12,13,12,13
12,11,15,13,12,15,16,14,16,11,10,11,17,17,11,11,13,13,14,12,11,17,18,12,10,16,13,14,14,12,12,18,14,17,14,20,10,19,20,16,19,15,12,17,20,19,15,19,10,14
15,19,13,18,20,19,17,20,12,11,13,14,15,14,11,10,20,15,16,20,19,17,20,15,13,10,14,20,19,13,10,15,12,15,11,12,20,11,17,18,19,10,16,11,18,17,10,20,18,14
14,12,19,20,13,14,12,15,10,10,10,12,10,18,10,16,13,11,20,12,20,11,14,12,16,20,11,11,12,10,17,18,19,19,16,14,12,18,17,17,17,18,16,17,10,15,14,15,12,10
20,20,15,19,17,19,20,18,13,14,13,19,19,16,20,16,15,12,11,10,18,12,20,19,14,15,14,15,20,10,16,13,15,12,13,15,13,19,20,10,17,19,13,16,20,16,19,12,20,14
10,18,11,18,10,11,17,17,16,20,16,11,19,16,10,15,18,17,11,20,10,14,17,20,14,13,12,13,16,14,19,15,10,15,18,20,12,20,17,15,15,10,10,18,15,20,13,14,11,16
17,11,13,20,11,12,19,12,11,12,18,17,20,14,18,12,13,15,16,11,19,11,17,10,11,15,19,13,11,14,11,17,13,12,15,14,15,11,16,19,16,19,17,18,19,19,19,19,16,12
15,17,15,20,16,14,20,16,16,16,10,11,11,11,19,10,13,12,18,13,11,12,15,12,14,16,15,12,18,14,20,17,17,16,14,20,16,19,11,11,20,12,11,19,11,13,19,13,15,12
15,14,10,20,11,14,16,18,18,14,14,14,19,14,16,20,13,14,13,16,20,13,14,10,20,11,10,14,20,16,14,14,19,20,11,16,17,14,17,12,18,12,15,19,20,15,16,15,14,20
16,15,13,18,10,17,11,19,17,18,11,12,15,15,11,10,15,18,18,11,16,13,19,19,11,15,18,17,19,10,15,17,13,12,15,19,11,18,15,20,16,13,20,14,14,17,19,10,15,11
14,11,12,17,11,18,17,12,17,17,20,19,12,17,20,12,13,10,14,10,18,15,13,12,16,20,10,18,17,11,16,13,20,18,14,19,17,19,14,15,20,20,11,12,13,13,13,10,18,19
17,16,10,13,20,19,19,14,14,10,17,18,12,13,12,19,13,14,13,12,17,16,13,14,16,10,15,11,15,18,12,14,20,19,15,12,15,12,17,14,10,16,16,19,10,10,20,18,15,12
16,17,18,13,17,12,14,14,17,18,17,15,18,16,18,20,15,19,12,14,10,19,11,18,17,15,11,16,11,10,11,11,11,18,19,20,17,16,16,20,12,12,13,11,19,16,16,13,16,15
19,19,10,15,11,15,18,16,15,17,18,19,11,16,15,20,17,17,19,18,19,18,20,18,20,15,17,17,14,19,12,14,11,14,16,18,17,19,15,18,13,18,19,18,15,15,11,14,18,17
20,14,15,17,15,16,19,15,17,18,12,20,15,15,17,18,18,18,15,18,14,13,17,11,12,12,11,20,16,17,14,20,20,10,13,17,15,10,15,18,12,14,12,19,12,17,14,15,10,18
10,18,15,19,14,11,18,18,16,19,17,17,13,12,12,16,10,12,13,18,14,17,11,14,17,19,10,14,10,20,10,10,18,11,20,19,16,15,20,18,16,12,19,12,17,16,15,11,10,10
12,18,12,12,17,14,13,19,11,16,17,13,12,12,13,14,18,16,20,10,18,16,11,12,19,18,13,20,10,13,14,17,13,11,11,17,15,16,16,15,16,13,19,15,18,15,13,16,12,20
18,17,19,10,14,20,16,13,20,19,10,11,10,12,16,12,18,16,13,20,15,10,18,12,20,11,20,12,11,19,18,20,15,17,10,19,19,19,18,19,11,17,18,19,10,16,14,14,17,15
13,20,17,10,11,18,20,20,15,17,18,18,20,12,14,16,10,14,19,16,15,13,15,14,16,10,16,19,12,10,12,18,16,18,10,17,18,19,19,10,15,18,19,18,20,11,12,12,19,11
16,11,17,19,20,10,15,11,15,14,11,18,16,18,17,19,14,12,20,14,17,20,20,12,20,18,10,11,13,15,15,17,14,19,10,14,11,18,14,19,20,13,16,17,14,10,14,15,11,11
20,15,20,18,17,14,14,13,16,12,15,14,17,12,19,11,16,14,19,12,10,14,11,15,12,15,19,16,11,12,11,19,12,20,20,11,12,17,13,14,18,16,14,18,14,18,19,10,19,13
10,11,16,11,13,19,16,18,12,20,13,11,10,19,10,11,19,14,12,19,16,11,13,12,11,20,17,12,13,16,10,17,20,10,18,14,16,20,10,11,12,12,19,11,17,13,13,15,11,10
11,18,14,16,18,12,11,12,15,16,15,10,20,13,14,13,12,10,12,10,13,14,15,19,19,15,16,12,15,11,13,15,12,13,19,11,10,17,13,10,10,18,17,18,19,17,16,15,17,20
12,18,20,18,11,15,16,15,18,14,18,15,14,14,15,20,18,17,13,15,16,13,12,20,12,20,20,18,20,17,19,12,20,13,14,17,20,19,18,20,16,14,12,18,10,12,17,15,15,11
11,16,17,19,19,11,16,16,12,13,14,19,11,13,11,16,11,18,17,17,12,20,13,11,12,19,14,18,15,13,16,11,17,15,17,10,14,15,10,10,16,16,18,18,17,13,10,16,18,17
11,11,13,10,15,11,11,16,16,16,18,15,17,18,20,13,14,20,12,10,17,18,18,10,15,19,17,12,11,18,17,14,10,10,17,19,20,20,11,18,12,12,16,18,14,16,17,20,20,17
18,15,17,11,17,18,11,19,18,18,10,19,16,17,17,12,10,12,14,10,18,11,19,10,19,18,15,15,19,18,11,10,16,16,17,14,20,15,12,16,14,12,14,18,12,19,10,17,10,20
10,18,19,11,14,14,20,10,16,14,12,18,15,17,15,18,20,11,12,17,10,20,12,20,20,16,20,12,11,16,10,12,15,12,16,10,18,14,12,20,15,14,18,16,10,13,20,10,10,12
19,17,13,12,10,15,15,17,18,13,15,11,13,13,10,13,15,12,17,13,14,13,15,13,20,15,11,16,15,17,11,15,16,16,10,12,19,14,11,15,16,18,17,18,17,20,16,14,11,15
13,10,17,11,17,19,10,12,17,14,10,18,20,19,13,16,14,16,15,14,16,19,19,16,14,11,12,15,12,14,16,17,13,19,18,18,15,19,10,18,16,20,11,14,12,12,18,20,19,16

The sequence dependent setup time of each job processed on machine 4.
(Where rows denote jobs: 1 to 50 and columns denote jobs: 0 to 50.For example:The value of Sijk is in row j,column i+1.)
14,14,20,19,11,13,18,18,15,19,10,11,13,14,16,10,20,10,17,16,17,20,11,19,20,15,19,13,14,20,17,20,15,10,17,16,15,17,15,11,10,17,12,15,10,11,16,11,19,18
20,20,14,13,10,18,17,20,17,13,16,11,19,20,13,11,15,17,19,15,15,18,17,11,15,16,13,10,17,12,10,16,18,20,13,19,10,18,17,15,10,16,13,18,20,18,11,16,19,19
17,18,13,11,18,13,18,15,17,15,11,13,10,12,18,20,19,12,10,20,10,20,15,10,10,10,20,20,19,13,16,11,18,14,15,15,15,18,14,20,11,17,17,19,15,12,10,16,17,11
13,12,14,13,17,12,19,14,10,14,18,19,16,10,15,16,10,15,10,20,20,14,15,17,17,12,18,14,17,10,16,18,16,20,10,12,12,15,10,16,18,19,17,15,19,12,20,14,18,16
17,12,12,13,18,16,15,17,10,11,20,13,13,12,14,13,19,16,13,13,11,19,11,16,20,20,11,19,12,15,17,16,14,17,11,11,16,18,17,13,10,18,17,18,20,15,16,10,12,20
11,17,12,18,20,19,13,10,10,19,20,15,14,12,20,19,13,12,11,14,17,17,20,18,11,19,18,13,18,18,17,10,20,16,18,17,20,16,19,14,16,12,20,19,12,15,17,18,16,16
20,12,19,17,20,20,10,12,18,15,16,20,15,12,11,20,17,15,10,13,14,15,12,18,12,12,17,14,10,16,10,15,13,20,12,15,12,13,19,19,14,18,11,13,14,11,18,12,10,12
18,14,13,19,13,13,10,19,19,13,12,15,13,10,17,12,11,13,13,16,15,14,18,15,13,15,15,13,10,13,13,19,20,12,13,14,19,20,15,11,15,17,10,20,11,19,17,14,15,15
14,11,14,14,11,15,11,15,16,15,16,18,11,19,16,19,20,19,11,11,11,18,10,15,20,20,14,19,17,17,20,20,13,13,17,20,14,10,18,13,17,19,18,20,14,18,17,16,17,12
16,14,12,19,15,17,14,15,12,14,15,12,17,20,13,19,20,19,17,19,12,15,17,11,11,18,18,16,14,10,13,10,16,11,10,10,15,17,10,19,15,12,14,16,19,10,20,12,19,14
11,19,10,13,10,17,12,13,13,14,10,16,16,14,13,18,12,18,18,10,17,13,10,14,15,13,15,13,15,15,18,11,17,18,16,17,20,15,15,12,10,13,10,15,12,20,14,11,18,11
18,17,13,19,11,20,20,19,16,19,20,18,17,13,18,14,14,15,11,16,10,11,11,12,14,15,11,20,18,18,14,18,10,20,16,18,17,11,13,14,11,15,10,13,14,11,16,20,15,16
16,12,11,20,16,14,17,15,13,14,16,12,12,14,15,19,12,10,13,15,12,16,11,16,15,12,17,13,17,20,19,16,10,20,17,19,10,12,14,16,13,12,17,16,13,15,11,20,10,20
15,16,16,19,20,12,12,15,19,13,20,11,20,12,15,12,18,10,10,14,19,10,12,11,17,10,18,11,10,15,14,11,16,19,18,18,15,15,11,10,15,11,12,12,19,13,14,18,15,16
15,16,16,13,11,15,11,14,14,16,13,20,12,15,15,18,16,14,10,15,13,13,20,20,10,10,14,14,13,11,11,14,10,10,13,12,14,19,11,12,11,17,11,12,19,19,14,13,11,10
16,18,15,18,15,16,11,14,15,10,16,17,11,20,10,13,12,15,10,12,12,17,16,14,10,12,14,15,11,14,20,20,18,18,10,14,13,11,15,17,20,19,15,13,16,15,12,19,19,20
19,16,16,14,17,18,10,10,20,17,17,18,20,19,16,10,17,17,15,13,12,20,12,18,19,18,18,17,11,16,14,17,18,14,13,12,11,13,16,13,15,12,12,11,10,20,16,15,12,16
16,18,16,20,19,12,14,15,20,12,18,10,11,18,10,15,20,18,19,16,20,10,14,20,13,10,11,11,19,15,11,20,20,10,10,13,19,20,12,17,13,16,10,10,11,17,11,12,19,19
19,18,20,12,19,14,12,10,11,15,19,13,19,17,16,16,18,18,18,11,12,20,18,15,14,16,14,16,19,16,12,18,14,19,20,18,11,13,10,17,18,15,18,12,20,10,12,20,19,18
14,20,15,14,20,13,13,17,17,20,10,12,15,16,10,12,13,10,10,12,18,11,18,12,11,18,10,16,20,18,13,12,17,12,14,10,11,12,19,16,10,16,12,12,14,18,19,12,10,12
16,20,12,13,19,13,19,18,20,13,18,20,14,16,14,14,19,11,18,12,17,20,12,14,16,11,19,17,18,16,19,15,12,11,19,19,11,18,15,16,15,11,14,16,11,16,16,16,19,10
14,19,13,12,12,11,14,12,15,14,15,10,19,13,11,20,11,20,19,19,11,18,18,20,12,16,19,12,11,13,17,19,20,12,10,12,19,11,16,19,11,12,15,18,13,19,15,12,19,19
13,13,17,10,19,17,20,16,12,19,20,13,18,20,10,12,15,18,17,12,11,13,11,13,16,15,14,13,13,15,16,19,20,15,19,16,10,10,17,13,13,20,11,13,18,13,19,18,16,16
18,17,13,18,18,10,20,18,12,15,11,19,14,11,14,14,13,12,10,14,19,18,10,14,15,14,10,13,12,15,17,11,12,20,19,20,16,14,18,11,11,11,17,12,15,19,17,16,11,15
16,15,13,14,19,15,17,19,18,14,15,18,19,15,20,19,15,14,17,16,10,18,15,10,19,10,18,18,19,13,19,15,12,11,19,10,12,16,20,20,14,18,14,18,14,17,18,17,20,18
14,10,15,17,17,15,13,10,11,13,20,17,12,11,16,12,14,13,16,19,12,10,11,16,12,11,11,18,13,16,17,14,20,12,20,13,16,20,13,12,11,15,19,17,15,18,16,20,15,18
19,16,19,13,16,12,18,16,18,12,19,18,17,13,10,17,13,16,11,17,18,11,20,14,12,19,14,10,16,11,13,12,15,20,20,18,19,19,20,18,17,15,13,10,20,11,12,19,11,14
18,18,13,11,16,10,10,12,20,10,15,17,14,10,17,16,15,13,20,14,20,16,15,17,20,12,16,16,13,12,11,17,10,18,12,17,11,17,10,18,15,14,18,12,20,13,10,19,10,18
15,20,20,13,12,15,19,20,13,19,18,20,15,16,13,12,18,16,14,20,16,16,14,19,15,10,10,11,15,13,14,15,10,15,19,16,17,17,17,10,12,19,15,16,19,11,18,11,19,14
20,14,13,10,18,11,12,18,12,19,15,11,17,15,15,15,17,19,17,20,10,11,20,18,11,13,19,14,18,19,18,16,11,14,17,10,14,13,12,11,15,11,20,16,13,13,10,13,16,13
12,20,13,16,17,19,18,19,17,13,16,17,14,11,17,15,11,17,19,11,17,14,20,18,13,12,14,12,11,16,17,15,14,19,11,20,18,10,15,17,15,10,14,16,10,10,10,15,12,10
19,12,12,18,20,19,11,18,19,12,19,14,11,10,15,14,13,19,14,18,19,20,14,13,18,12,20,16,11,16,12,20,10,11,18,11,15,19,18,10,12,16,18,20,11,13,10,11,16,20
11,18,20,14,12,12,12,13,19,17,13,16,14,12,12,12,20,17,12,20,18,18,17,18,18,18,17,13,13,12,13,18,17,19,15,13,11,14,13,10,20,15,17,12,13,18,13,14,20,10
16,14,13,19,13,10,10,16,11,14,14,11,13,16,16,13,18,15,10,13,16,13,16,13,14,13,17,16,13,15,10,15,15,15,16,20,10,14,16,11,13,11,19,10,12,11,16,12,18,11
20,12,20,16,12,12,12,17,10,12,12,19,18,20,17,15,14,20,18,11,14,15,17,20,19,12,10,15,12,12,13,14,19,18,12,19,20,10,12,10,17,17,10,18,17,10,12,17,19,12
16,10,13,16,19,19,12,11,10,16,10,19,16,20,18,20,18,19,12,15,10,17,19,14,16,15,19,19,20,17,13,16,20,12,12,16,13,16,18,11,18,19,16,20,18,15,17,19,15,19
18,14,20,19,11,18,15,12,13,16,13,15,12,10,15,10,16,12,19,19,10,18,15,16,11,17,11,18,13,20,16,11,17,17,19,13,11,16,14,14,11,12,13,18,10,13,18,17,20,18
13,14,12,16,13,14,10,17,19,18,11,11,14,20,16,11,19,20,19,10,20,10,13,19,12,15,18,13,13,18,10,11,10,15,20,14,19,17,20,10,19,19,16,12,18,10,15,14,17,10
14,17,10,12,16,17,18,14,17,19,12,20,18,11,19,10,11,11,13,19,18,17,10,15,10,12,14,19,19,14,16,14,20,17,15,16,20,12,11,13,13,14,18,19,17,17,15,16,18,16
16,17,16,13,13,16,17,17,17,17,19,15,16,11,17,19,10,17,18,14,17,12,20,10,19,18,18,18,20,12,13,18,13,19,20,15,16,16,16,17,16,20,10,19,17,19,14,16,18,11
19,11,14,18,10,12,17,13,10,17,20,11,16,15,12,18,16,15,17,18,13,12,18,18,15,20,14,19,13,15,16,17,15,17,17,16,18,12,18,17,13,17,19,19,16,19,16,10,11,15
16,12,18,12,11,19,17,12,12,19,18,19,13,19,13,16,10,15,19,13,20,13,20,14,10,11,18,13,12,20,16,19,16,19,17,13,12,15,20,13,20,10,15,15,10,14,12,16,19,16
19,19,14,17,18,18,12,18,19,13,18,13,10,14,10,15,14,18,10,10,13,19,15,17,15,18,20,15,12,14,20,18,18,17,16,13,19,13,14,10,18,16,15,20,12,11,20,19,18,11
16,16,19,11,15,15,16,14,18,15,20,13,12,20,13,12,19,14,13,14,15,15,20,12,14,20,16,17,10,18,18,16,15,14,13,13,14,19,12,13,19,17,10,13,12,10,16,11,13,15
11,18,14,12,15,10,17,13,17,15,17,10,15,18,16,17,14,11,10,19,11,17,16,15,10,14,19,15,12,14,15,11,16,14,18,12,18,11,13,14,10,20,19,15,15,10,13,10,16,18
14,19,18,16,10,19,11,15,16,11,20,14,15,14,12,10,16,14,15,14,13,16,17,18,13,20,12,14,15,11,14,18,18,10,10,14,12,19,17,17,19,19,15,10,20,18,17,14,14,20
14,17,14,13,14,12,19,11,11,19,12,10,16,10,17,13,10,20,10,11,10,11,12,13,15,15,12,15,19,17,13,20,12,13,20,20,15,20,11,19,19,10,17,10,20,11,16,10,18,19
17,19,16,10,12,12,15,19,15,10,13,12,19,16,10,16,14,12,12,15,14,11,18,11,17,19,12,10,16,18,15,11,12,16,18,12,11,10,14,10,11,16,13,14,17,13,12,17,16,19
17,15,11,15,11,13,15,14,16,20,16,20,10,20,16,19,20,17,10,12,10,14,18,17,12,14,11,14,20,13,15,14,19,12,10,10,17,20,13,16,10,16,11,19,13,13,14,17,13,19
14,11,10,12,14,14,12,13,13,18,16,14,15,18,10,12,13,14,15,17,19,16,10,19,16,20,11,14,17,14,16,14,20,14,12,19,10,12,14,16,18,15,18,12,10,12,15,14,18,14
11,19,14,10,15,15,16,13,19,17,18,20,13,10,11,17,13,12,15,19,14,15,11,18,13,14,20,16,19,19,14,12,17,18,11,19,18,13,13,19,19,18,19,16,13,20,10,16,19,13

The sequence dependent setup time of each job processed on machine 5.
(Where rows denote jobs: 1 to 50 and columns denote jobs: 0 to 50.For example:The value of Sijk is in row j,column i+1.)
15,16,13,10,10,10,10,20,15,14,20,19,18,20,11,18,14,16,20,17,15,14,17,16,14,11,19,13,13,12,18,11,12,12,11,15,20,12,15,14,11,10,18,20,14,10,11,12,20,18
14,14,19,10,13,12,14,19,16,12,19,17,15,14,16,13,10,19,13,13,15,11,16,12,12,19,10,16,11,10,18,19,13,17,13,20,11,13,11,20,11,10,13,14,18,16,12,15,15,16
19,16,14,14,10,16,15,18,16,18,12,13,13,19,15,14,15,20,12,16,10,18,17,12,14,11,18,19,14,16,19,16,13,14,15,20,10,17,18,12,18,14,11,10,17,13,10,12,14,18
15,19,15,12,18,11,13,15,13,10,15,17,18,19,19,19,14,14,20,16,13,17,10,17,18,20,10,20,10,13,16,20,14,14,17,14,20,15,15,11,17,11,19,19,10,11,14,19,12,13
16,13,12,16,19,10,17,20,10,15,17,14,13,20,11,13,17,14,10,14,18,19,16,19,19,19,11,15,12,16,19,19,18,16,20,13,17,12,15,16,14,20,19,18,13,19,20,12,16,19
11,20,19,14,12,20,19,19,13,13,12,11,18,19,13,12,20,12,15,15,14,17,17,18,13,14,10,16,13,15,17,20,14,16,10,14,19,15,17,19,12,10,13,11,13,13,17,14,10,14
13,18,18,17,11,13,13,14,15,14,20,10,10,20,11,11,17,16,20,12,15,12,17,12,10,14,18,16,17,17,11,15,17,19,10,19,19,12,15,16,18,11,15,16,18,17,16,15,14,13
19,20,12,15,12,11,19,13,19,20,17,18,18,18,11,12,20,11,16,12,17,12,19,14,13,19,17,10,16,14,17,14,13,20,10,11,10,18,16,19,16,12,13,11,11,12,11,18,14,18
12,16,18,16,15,18,15,19,20,10,16,18,18,10,12,19,19,15,11,20,14,18,14,18,20,15,15,12,13,12,10,14,19,20,18,14,13,19,20,18,19,17,11,17,16,14,13,11,11,12
10,17,19,15,10,14,15,10,13,10,18,11,11,20,16,17,14,20,13,20,12,20,11,13,20,20,15,17,12,15,12,16,12,11,14,17,13,12,18,13,19,16,18,10,14,12,17,20,11,19
11,19,16,14,15,20,19,12,10,13,14,10,20,11,15,11,13,17,14,12,12,13,11,18,10,14,17,18,16,14,13,13,20,13,17,11,13,11,18,18,14,20,19,19,15,17,16,14,20,15
16,11,10,14,16,10,16,11,11,18,11,17,12,14,18,14,19,13,12,15,17,14,10,19,20,18,12,18,20,16,10,10,14,17,20,19,17,14,15,18,17,15,15,12,11,19,16,19,15,16
11,12,16,19,15,15,15,20,12,17,11,13,16,10,13,12,15,13,11,16,14,14,16,14,19,14,18,14,18,12,15,15,20,14,14,13,19,15,15,13,12,19,20,15,17,13,17,14,17,18
12,17,11,12,11,12,16,13,19,18,20,17,16,15,17,10,13,11,14,16,16,11,16,11,17,17,13,14,14,16,13,20,11,13,13,19,18,10,14,15,14,18,13,17,12,15,20,12,18,20
17,12,15,13,20,18,11,10,14,17,13,20,15,17,17,16,17,18,16,20,19,18,10,16,11,17,19,19,16,18,20,20,15,14,18,20,12,11,15,16,11,19,17,19,20,11,11,17,12,15
18,10,17,18,20,12,13,17,14,10,13,18,11,12,17,15,13,20,20,11,20,17,18,14,20,14,18,14,20,16,20,10,20,15,16,10,18,15,19,16,11,11,11,10,20,13,13,17,13,11
13,14,19,13,14,10,11,16,19,12,10,17,11,15,16,15,15,12,15,14,17,10,19,20,16,13,16,13,14,14,12,16,12,14,10,18,18,20,20,18,14,11,18,12,16,13,16,17,15,14
12,19,11,18,17,18,14,14,19,12,20,17,14,20,12,20,10,14,20,17,10,14,11,16,13,19,14,19,10,17,13,17,18,16,18,17,14,17,11,19,18,19,16,19,14,18,10,17,11,19
16,19,16,19,12,13,18,20,18,13,13,16,10,14,14,14,15,11,19,20,11,20,11,14,20,20,18,15,11,16,11,10,11,19,16,12,18,20,10,17,19,17,12,10,20,17,11,11,16,10
15,13,17,11,12,18,17,16,16,18,18,17,18,18,11,10,16,17,16,15,17,19,12,11,19,17,19,17,13,20,13,12,14,11,13,14,16,11,15,18,19,13,12,13,12,13,18,20,14,15
12,12,12,13,19,17,17,14,15,10,16,18,15,17,13,10,12,17,12,18,15,17,18,19,14,17,18,13,16,18,18,10,19,20,18,17,10,18,11,20,16,14,12,12,20,19,17,18,12,20
10,10,10,13,17,14,19,20,12,19,15,18,16,17,13,11,20,15,17,16,19,18,11,19,17,13,20,12,16,12,11,17,17,18,10,19,20,12,20,15,13,15,14,16,19,19,15,12,18,14
16,10,15,11,18,15,12,13,17,12,17,17,16,13,11,20,12,10,17,19,16,19,20,16,13,17,20,19,13,15,18,11,20,15,18,11,17,20,18,12,11,16,19,19,13,13,18,12,16,15
14,12,20,15,19,20,15,16,12,15,10,19,12,17,13,13,19,14,12,14,17,14,18,16,19,12,18,19,16,20,10,12,18,12,10,11,11,15,20,10,17,13,19,17,18,17,17,16,15,16
14,19,16,18,12,12,11,14,15,14,17,16,13,14,13,11,20,14,18,19,13,16,11,20,15,17,19,12,20,18,17,16,10,17,14,17,18,13,16,15,11,11,13,11,10,17,18,12,16,14
15,11,12,12,16,13,17,14,14,12,11,14,14,20,14,20,15,15,19,14,16,15,14,14,11,17,18,12,17,16,17,15,19,16,19,19,16,18,14,19,17,17,12,14,19,16,20,17,13,11
13,12,16,15,13,18,17,18,13,20,20,20,20,19,18,20,16,13,12,15,15,20,10,20,14,12,14,18,12,12,10,13,13,12,20,18,12,10,18,16,14,16,19,19,17,17,14,15,10,17
20,10,19,11,12,19,16,19,15,17,12,14,20,13,14,11,19,20,13,15,17,13,10,11,18,10,10,16,17,19,11,19,17,18,16,20,16,13,11,13,19,20,13,18,20,19,12,19,14,14
17,19,17,16,10,18,20,17,16,18,20,15,10,14,18,19,14,16,13,15,20,16,20,15,16,17,19,15,20,15,14,15,15,15,11,12,12,20,17,19,16,19,10,12,14,15,18,19,15,16
11,10,10,13,11,16,10,16,17,10,11,11,16,13,19,15,11,16,14,14,13,15,16,16,11,17,10,13,14,17,20,15,11,14,16,13,15,15,19,13,16,12,10,19,10,10,20,13,16,16
11,17,10,15,11,10,14,10,13,12,10,15,18,20,16,10,17,18,14,12,17,17,12,12,10,14,12,18,13,20,15,16,17,16,12,10,17,12,18,20,17,11,14,12,11,16,10,13,19,11
18,13,13,14,20,16,15,13,10,13,10,13,13,10,16,18,13,20,10,10,20,15,14,10,19,12,19,16,17,20,14,14,11,18,14,14,10,19,17,16,19,14,11,13,13,20,18,14,14,20
20,20,19,15,11,14,18,19,16,15,18,13,18,12,10,18,20,19,10,15,19,17,13,11,16,12,17,17,13,19,11,17,16,12,14,10,10,11,13,20,18,17,18,15,15,10,13,12,13,20
15,10,20,14,19,16,17,12,15,17,15,17,15,14,16,18,16,16,16,19,17,11,19,10,16,18,14,10,17,10,12,16,20,20,16,19,19,19,13,13,19,13,14,16,15,19,20,10,16,16
14,20,20,10,11,15,14,10,14,19,17,14,16,11,10,13,16,16,10,10,14,11,10,15,14,16,19,12,12,17,20,14,10,20,18,13,14,15,15,18,16,16,11,12,11,14,18,16,17,18
13,10,19,14,17,16,17,11,11,18,10,20,14,12,16,10,10,18,17,10,17,11,19,18,18,14,16,10,15,12,10,11,19,11,13,11,12,16,18,10,17,19,20,20,12,12,19,11,10,10
13,10,10,16,10,19,17,18,10,12,14,14,20,17,14,13,16,20,15,14,16,12,12,14,10,15,19,18,11,14,17,14,10,10,11,10,14,13,13,18,18,17,20,17,11,18,10,15,16,18
17,10,13,18,19,10,10,13,13,18,17,17,11,18,11,17,18,12,18,19,19,10,10,14,15,19,14,12,13,19,11,12,17,11,20,12,16,17,18,10,17,15,20,19,16,14,20,20,20,18
12,10,20,20,15,19,17,19,11,10,15,17,18,16,13,18,18,15,16,16,15,17,12,12,15,10,13,17,15,18,19,11,15,16,15,11,17,18,18,16,10,17,15,10,13,16,15,19,14,18
15,15,12,16,18,16,10,10,14,15,20,20,19,12,16,11,19,12,17,14,15,11,13,11,14,16,14,19,19,17,20,17,10,11,16,20,10,11,20,14,17,16,20,12,10,14,16,19,16,14
20,20,18,19,11,10,10,11,12,16,20,16,10,19,10,20,12,17,16,17,16,12,13,20,11,12,16,13,16,11,13,10,11,15,11,12,18,10,12,12,11,10,18,20,17,18,20,17,13,20
18,10,15,11,17,11,12,10,10,12,14,19,17,13,19,15,13,18,18,13,13,17,18,20,19,20,11,11,14,11,16,18,15,20,17,19,13,20,19,10,20,13,20,18,18,14,12,20,15,17
11,13,18,10,19,15,11,13,13,20,18,10,10,14,12,20,20,19,18,11,16,12,15,11,13,12,18,15,17,13,15,16,15,17,18,16,10,12,18,10,20,18,18,17,14,18,18,12,10,19
18,11,13,15,12,18,10,16,15,17,17,14,19,19,15,15,14,18,17,12,16,18,14,17,14,17,12,15,15,18,17,14,14,16,14,18,12,16,12,18,13,16,11,19,18,13,18,15,15,15
10,11,17,18,13,15,17,15,18,12,17,18,11,12,20,13,19,20,16,10,20,12,14,17,14,11,11,12,19,16,19,14,10,14,17,10,12,18,12,16,16,20,19,17,15,11,11,15,19,10
17,16,12,16,17,14,14,19,16,19,19,17,11,10,19,12,13,12,12,16,20,18,16,16,14,16,17,15,18,14,16,14,16,11,11,20,13,19,11,17,13,19,20,13,16,10,11,19,17,13
12,19,19,15,10,18,17,17,17,17,13,18,12,16,10,12,20,19,12,20,11,20,15,11,18,18,11,13,13,11,14,12,14,18,16,12,16,14,15,14,19,14,20,10,10,15,13,12,10,13
10,16,18,16,15,17,15,11,15,11,19,10,17,16,12,19,17,10,10,16,12,11,13,16,13,15,18,11,16,18,11,19,19,17,13,17,10,13,11,19,16,11,19,11,19,13,10,13,16,17
15,15,19,12,14,16,18,16,20,18,10,10,11,15,13,20,10,11,16,20,15,17,17,14,10,15,13,20,18,18,13,20,13,20,15,12,12,12,17,20,11,19,12,18,16,10,11,17,11,12
16,15,18,12,15,12,18,11,18,11,13,18,14,13,12,15,17,10,18,20,17,15,12,16,14,20,10,14,11,14,19,14,16,11,10,19,13,13,12,17,12,20,14,19,17,16,11,17,20,12
11,18,20,18,14,11,17,18,13,11,14,18,10,17,16,11,18,15,15,13,15,10,12,15,16,14,10,18,13,13,18,19,20,15,15,13,10,11,16,11,18,19,10,13,10,16,19,10,16,18

