The number of jobs:
50
The number of machines:
6
The number of vehicles:
4
The number of workers:
4

The processing time of each order processed on different machines:
(where rows denote machines: 1 to 6 and columns denote orders: 1 to 
50)
35,37,33,40,32,24,38,36,31,36,22,23,22,38,22,26,24,21,40,33,25,23,28,33,28,29,20,26,33,39,25,27,32,23,32,23,33,40,33,28,39,39,32,34,24,30,23,40,37,37
25,33,28,35,23,21,26,20,39,27,28,31,35,22,36,27,33,27,33,39,29,29,21,22,22,35,39,27,40,30,24,29,25,39,29,22,35,20,22,28,31,30,30,27,33,25,30,22,28,27
36,34,36,22,35,38,23,32,33,33,30,39,22,31,27,33,31,28,40,33,37,28,38,38,39,25,26,34,29,37,40,23,35,35,25,28,35,28,20,33,21,20,25,21,34,28,23,21,32,40
27,26,27,32,36,23,37,35,35,36,40,40,24,38,36,35,31,32,30,39,37,28,29,33,21,32,21,32,35,32,33,36,28,35,27,35,26,31,25,29,31,29,33,35,34,32,24,39,25,28
23,34,20,26,22,38,21,25,35,32,33,37,34,32,23,27,36,33,23,32,31,32,39,35,37,29,37,34,29,32,25,20,25,21,22,36,31,34,20,25,25,33,32,40,27,22,31,29,40,25
21,32,35,36,24,39,23,28,20,33,35,30,21,34,22,27,23,23,40,33,20,23,27,40,34,27,33,25,27,22,22,28,24,22,24,24,39,37,34,20,30,33,22,25,26,28,32,29,34,24

The coefficient of each worker on each machine:
(where rows denote workers: 1 to 4 and columns denote machines: 1 to 
6)
1.25,0.75,1,1.5,1.5,1
0.75,1.25,0.5,0.5,1.25,1.5
0.75,0.5,1.25,1,1,0.75
0.75,1.25,1,1.5,0.75,0.75

The unit processing cost of machines:

8,6,6,10,6,6

The unit idle cost of machines:

1,3,5,4,4,1

The distance between each location:
(where rows and columns denote locations: 0 to 50)
0,94,106,84,54,52,67,85,115,15,116,111,117,62,60,69,126,91,70,89,74,61,55,34,99,70,83,107,93,76,71,72,40,77,102,79,96,122,36,113,45,89,56,82,75,99,85,64,48,72,53
94,0,199,169,85,114,155,178,151,103,109,149,155,114,149,30,49,116,158,176,79,76,129,60,98,100,135,26,187,128,29,126,115,38,196,121,181,141,93,206,115,182,70,74,153,191,136,158,87,55,42
106,199,0,48,144,102,50,24,168,96,200,135,138,112,54,175,225,143,70,74,167,157,86,140,185,151,136,210,18,110,174,109,92,176,9,145,80,187,125,20,95,17,155,178,69,48,113,44,126,174,160
84,169,48,0,134,60,18,47,177,70,195,87,89,67,25,150,187,96,86,99,156,144,43,114,179,146,143,175,51,63,141,62,55,141,53,146,107,192,114,67,56,39,140,165,21,83,65,47,87,156,134
54,85,144,134,0,105,116,120,72,69,62,161,168,113,109,56,131,137,85,98,23,13,109,50,46,19,50,109,128,128,78,125,93,92,138,37,102,72,20,144,98,128,16,33,128,120,137,101,92,36,50
52,114,102,60,105,0,52,89,167,39,166,59,65,12,49,100,127,46,102,121,123,111,17,67,149,122,134,116,97,24,85,20,16,82,103,131,129,174,89,117,10,87,104,129,40,118,33,74,28,115,85
67,155,50,18,116,52,0,40,159,53,177,91,95,62,7,134,176,94,71,86,138,126,35,98,161,128,125,162,46,62,128,60,42,129,51,128,94,173,96,66,45,36,122,147,24,74,66,33,76,139,118
85,178,24,47,120,89,40,0,145,76,176,131,134,100,41,153,206,133,48,56,143,133,74,119,161,127,114,190,9,102,154,99,76,157,18,121,63,164,101,29,81,11,131,154,63,36,106,21,110,151,138
115,151,168,177,72,167,159,145,0,128,60,226,232,177,153,123,199,205,98,97,72,77,166,121,59,53,34,176,150,191,149,187,153,163,159,37,95,24,81,158,158,156,84,78,178,126,199,132,160,96,121
15,103,96,70,69,39,53,76,128,0,131,98,104,50,47,81,131,82,71,90,89,77,40,45,114,85,95,114,84,63,78,59,25,82,93,92,98,136,50,105,31,79,71,97,60,95,72,56,42,87,65
116,109,200,195,62,166,177,176,60,131,0,221,227,173,170,88,157,194,133,140,43,55,171,104,17,49,71,135,183,189,118,185,155,133,192,58,140,39,82,196,159,185,62,40,190,167,198,158,150,60,94
111,149,135,87,161,59,91,131,226,98,221,0,6,49,92,145,142,33,156,174,178,166,64,117,204,180,193,141,136,35,121,39,74,112,139,189,182,232,146,154,68,125,159,183,67,165,27,122,71,166,132
117,155,138,89,168,65,95,134,232,104,227,6,0,55,96,151,147,39,161,179,184,172,69,124,211,186,199,146,140,41,128,45,80,117,142,196,187,238,153,157,74,128,165,189,71,169,33,127,78,172,138
62,114,112,67,113,12,62,100,177,50,173,49,55,0,59,103,122,34,114,133,130,118,26,72,157,131,145,113,107,16,85,13,28,80,113,141,141,184,98,127,22,97,111,136,46,130,25,86,27,120,89
60,149,54,25,109,49,7,41,153,47,170,92,96,59,0,127,171,92,67,83,131,119,33,91,154,121,119,157,48,61,122,59,38,123,54,122,91,167,89,68,41,39,115,140,27,73,66,30,72,132,111
69,30,175,150,56,100,134,153,123,81,88,145,151,103,127,0,76,114,130,146,52,47,112,36,75,71,105,53,162,119,30,116,97,45,171,92,151,116,63,181,98,158,41,50,136,163,127,133,76,29,16
126,49,225,187,131,127,176,206,199,131,157,142,147,122,171,76,0,110,195,214,127,123,144,94,147,147,181,23,215,133,56,132,133,49,223,168,220,190,135,235,131,208,117,123,167,225,138,187,100,103,83
91,116,143,96,137,46,94,133,205,82,194,33,39,34,92,114,110,0,148,167,151,139,59,90,178,156,174,108,140,32,89,34,62,78,145,169,175,209,125,159,56,129,132,155,74,164,33,120,45,137,102
70,158,70,86,85,102,71,48,98,71,133,156,161,114,67,130,195,148,0,20,106,98,92,101,120,86,67,176,52,122,139,119,86,147,61,76,27,117,68,63,92,58,98,117,94,35,129,39,112,119,117
89,176,74,99,98,121,86,56,97,90,140,174,179,133,83,146,214,167,20,0,118,111,110,120,128,96,70,194,57,140,158,137,105,166,65,82,8,119,84,62,111,67,113,129,110,29,147,53,132,134,134
74,79,167,156,23,123,138,143,72,89,43,178,184,130,131,52,127,151,106,118,0,13,129,61,27,24,60,104,151,146,80,142,113,95,161,45,121,64,43,167,117,151,19,11,149,141,155,124,107,24,53
61,76,157,144,13,111,126,133,77,77,55,166,172,118,119,47,123,139,98,111,13,0,116,50,39,25,60,100,141,133,72,130,101,87,151,45,115,73,32,157,104,140,8,21,136,133,142,113,95,23,45
55,129,86,43,109,17,35,74,166,40,171,64,69,26,33,112,144,59,92,110,129,116,0,77,154,125,132,132,81,30,100,27,16,98,87,131,118,175,91,101,14,71,111,136,25,105,37,61,44,124,96
34,60,140,114,50,67,98,119,121,45,104,117,124,72,91,36,94,90,101,120,61,50,77,0,88,69,95,75,127,87,38,84,61,48,136,85,126,121,44,147,63,123,42,65,100,132,96,98,46,49,20
99,98,185,179,46,149,161,161,59,114,17,204,211,157,154,75,147,178,120,128,27,39,154,88,0,34,61,124,168,172,104,169,139,119,178,46,129,43,65,182,143,170,46,25,173,154,181,143,134,46,79
70,100,151,146,19,122,128,127,53,85,49,180,186,131,121,71,147,156,86,96,24,25,125,69,34,0,36,125,134,146,96,142,110,110,144,21,98,53,34,148,115,136,31,34,142,121,155,109,111,47,68
83,135,136,143,50,134,125,114,34,95,71,193,199,145,119,105,181,174,67,70,60,60,132,95,61,36,0,159,119,158,127,154,120,141,128,16,70,50,51,129,125,123,65,69,144,98,167,99,130,82,99
107,26,210,175,109,116,162,190,176,114,135,141,146,113,157,53,23,108,176,194,104,100,132,75,124,125,159,0,199,126,37,124,120,34,207,145,200,167,114,219,119,192,94,100,157,207,132,170,89,80,61
93,187,18,51,128,97,46,9,150,84,183,136,140,107,48,162,215,140,52,57,151,141,81,127,168,134,119,199,0,108,162,106,84,166,10,127,64,169,109,21,89,12,139,161,69,34,112,29,118,159,146
76,128,110,63,128,24,62,102,191,63,189,35,41,16,61,119,133,32,122,140,146,133,30,87,172,146,158,126,108,0,100,4,38,93,113,155,148,198,112,127,33,97,127,151,42,134,9,90,43,136,104
71,29,174,141,78,85,128,154,149,78,118,121,128,85,122,30,56,89,139,158,80,72,100,38,104,96,127,37,162,100,0,97,87,15,171,115,164,144,79,182,86,157,65,79,125,170,107,134,58,58,28
72,126,109,62,125,20,60,99,187,59,185,39,45,13,59,116,132,34,119,137,142,130,27,84,169,142,154,124,106,4,97,0,35,91,111,151,145,194,108,125,29,95,123,148,41,132,13,88,40,133,101
40,115,92,55,93,16,42,76,153,25,155,74,80,28,38,97,133,62,86,105,113,101,16,61,139,110,120,120,84,38,87,35,0,86,91,117,113,161,76,105,6,76,95,120,39,104,47,60,34,108,81
77,38,176,141,92,82,129,157,163,82,133,112,117,80,123,45,49,78,147,166,95,87,98,48,119,110,141,34,166,93,15,91,86,0,174,129,173,159,91,186,85,159,80,94,122,176,100,138,54,73,42
102,196,9,53,138,103,51,18,159,93,192,139,142,113,54,171,223,145,61,65,161,151,87,136,178,144,128,207,10,113,171,111,91,174,0,137,70,178,119,15,95,16,149,171,72,39,116,39,125,169,156
79,121,145,146,37,131,128,121,37,92,58,189,196,141,122,92,168,169,76,82,45,45,131,85,46,21,16,145,127,155,115,151,117,129,137,0,83,45,44,139,122,131,51,54,145,109,164,105,124,68,87
96,181,80,107,102,129,94,63,95,98,140,182,187,141,91,151,220,175,27,8,121,115,118,126,129,98,70,200,64,148,164,145,113,173,70,83,0,117,88,66,119,73,117,132,118,33,155,61,139,138,140
122,141,187,192,72,174,173,164,24,136,39,232,238,184,167,116,190,209,117,119,64,73,175,121,43,53,50,167,169,198,144,194,161,159,178,45,117,0,86,179,166,174,80,67,190,147,207,149,164,87,117
36,93,125,114,20,89,96,101,81,50,82,146,153,98,89,63,135,125,68,84,43,32,91,44,65,34,51,114,109,112,79,108,76,91,119,44,88,86,0,125,81,108,31,53,108,103,121,81,80,51,53
113,206,20,67,144,117,66,29,158,105,196,154,157,127,68,181,235,159,63,62,167,157,101,147,182,148,129,219,21,127,182,125,105,186,15,139,66,179,125,0,109,30,156,177,87,34,131,49,138,176,166
45,115,95,56,98,10,45,81,158,31,159,68,74,22,41,98,131,56,92,111,117,104,14,63,143,115,125,119,89,33,86,29,6,85,95,122,119,166,81,109,0,80,98,124,38,109,41,65,31,111,82
89,182,17,39,128,87,36,11,156,79,185,125,128,97,39,158,208,129,58,67,151,140,71,123,170,136,123,192,12,97,157,95,76,159,16,131,73,174,108,30,80,0,138,161,57,45,101,27,110,157,142
56,70,155,140,16,104,122,131,84,71,62,159,165,111,115,41,117,132,98,113,19,8,111,42,46,31,65,94,139,127,65,123,95,80,149,51,117,80,31,156,98,138,0,26,131,133,136,111,88,21,37
82,74,178,165,33,129,147,154,78,97,40,183,189,136,140,50,123,155,117,129,11,21,136,65,25,34,69,100,161,151,79,148,120,94,171,54,132,67,53,177,124,161,26,0,157,152,161,134,111,21,54
75,153,69,21,128,40,24,63,178,60,190,67,71,46,27,136,167,74,94,110,149,136,25,100,173,142,144,157,69,42,125,41,39,122,72,145,118,190,108,87,38,57,131,157,0,98,44,57,68,146,120
99,191,48,83,120,118,74,36,126,95,167,165,169,130,73,163,225,164,35,29,141,133,105,132,154,121,98,207,34,134,170,132,104,176,39,109,33,147,103,34,109,45,133,152,98,0,139,44,135,154,149
85,136,113,65,137,33,66,106,199,72,198,27,33,25,66,127,138,33,129,147,155,142,37,96,181,155,167,132,112,9,107,13,47,100,116,164,155,207,121,131,41,101,136,161,44,139,0,96,51,145,113
64,158,44,47,101,74,33,21,132,56,158,122,127,86,30,133,187,120,39,53,124,113,61,98,143,109,99,170,29,90,134,88,60,138,39,105,61,149,81,49,65,27,111,134,57,44,96,0,92,131,117
48,87,126,87,92,28,76,110,160,42,150,71,78,27,72,76,100,45,112,132,107,95,44,46,134,111,130,89,118,43,58,40,34,54,125,124,139,164,80,138,31,110,88,111,68,135,51,92,0,95,62
72,55,174,156,36,115,139,151,96,87,60,166,172,120,132,29,103,137,119,134,24,23,124,49,46,47,82,80,159,136,58,133,108,73,169,68,138,87,51,176,111,157,21,21,146,154,145,131,95,0,35
53,42,160,134,50,85,118,138,121,65,94,132,138,89,111,16,83,102,117,134,53,45,96,20,79,68,99,61,146,104,28,101,81,42,156,87,140,117,53,166,82,142,37,54,120,149,113,117,62,35,0

The weight of orders:
16,18,14,15,19,12,14,16,11,13,15,10,17,11,15,17,19,18,10,18,17,12,16,17,10,12,13,19,12,19,12,20,16,10,19,12,16,18,10,20,10,11,19,14,18,10,15,11,17,12

The unit tardiness penalty of orders:

7,10,6,6,8,7,6,6,6,8,7,9,6,7,9,7,10,9,9,9,7,9,6,7,9,8,7,7,7,10,8,7,8,7,10,8,9,8,8,10,6,10,9,10,10,6,7,9,9,8

The due date of orders:
522,806,686,407,190,408,682,369,655,704,479,212,306,187,257,505,363,208,746,241,847,381,433,644,285,409,396,363,269,335,325,533,235,534,376,726,797,277,613,183,639,288,606,399,499,239,652,498,441,276

the loading and unloading time of each order:
4,5,4,4,5,3,4,4,3,3,4,3,4,3,4,4,5,5,3,5,4,3,4,4,3,3,3,5,3,5,3,5,4,3,5,3,4,5,3,5,3,3,5,4,5,3,4,3,4,3

The sequence dependent setup time of each job processed on machine 1.
(Where rows denote jobs: 1 to 50 and columns denote jobs: 0 to 50.For example:The value of Sijk is in row j,column i+1.)
13,13,11,20,18,12,17,15,11,15,17,17,19,16,15,19,17,13,16,17,16,20,10,13,14,20,18,12,17,15,14,18,10,14,14,12,17,11,12,12,20,18,15,15,15,18,16,15,12,14
17,13,18,18,17,14,14,16,15,19,13,17,11,14,17,17,18,14,20,16,20,14,17,16,18,15,19,20,12,16,13,20,14,20,10,11,20,18,18,14,14,14,16,17,20,20,20,10,16,15
13,16,10,12,11,14,19,13,15,19,20,17,17,12,13,17,11,14,13,18,10,17,12,18,12,19,16,19,19,14,17,20,11,12,15,11,18,10,10,18,20,13,16,10,11,11,12,18,10,15
19,17,20,16,19,19,11,10,16,18,17,18,13,13,20,14,16,15,11,13,10,15,15,13,17,13,16,18,10,13,13,10,13,18,15,17,19,11,20,17,14,16,16,19,15,17,10,20,11,12
17,12,15,18,13,10,20,15,12,11,20,16,18,19,13,20,16,11,12,12,20,19,16,20,17,15,10,14,20,11,15,16,18,20,16,15,15,11,14,14,19,17,15,12,14,14,20,14,12,10
19,13,15,13,19,18,18,20,10,19,18,16,15,18,17,10,16,12,10,19,14,19,17,11,18,11,12,16,14,12,11,13,12,12,20,17,10,12,17,16,15,10,17,20,19,16,19,17,12,17
10,16,17,10,14,14,12,12,10,14,11,10,10,15,10,13,11,16,14,12,10,17,15,20,13,11,13,15,13,16,12,20,17,15,10,13,11,10,17,17,12,15,15,15,15,14,14,11,13,11
14,19,13,12,12,19,13,16,16,10,17,19,10,13,19,16,14,15,15,18,19,17,10,12,20,18,11,10,14,12,18,10,19,11,14,10,19,17,12,15,12,18,14,18,18,10,10,15,16,10
16,15,20,12,10,20,13,17,14,19,15,16,11,19,14,12,17,18,16,19,17,15,12,19,11,12,17,14,16,15,10,16,12,17,15,19,18,18,18,16,16,12,17,15,14,13,10,16,13,11
18,20,13,11,19,18,11,13,18,20,11,16,13,10,18,20,15,10,10,16,16,12,10,15,16,13,17,20,16,14,17,13,10,11,10,13,13,13,10,12,10,11,17,12,15,11,20,10,10,17
16,13,12,14,10,20,13,19,18,12,20,15,11,12,19,13,10,11,19,19,20,12,15,17,11,16,11,18,12,17,19,10,20,16,11,10,20,12,10,18,15,11,14,17,17,13,13,11,13,19
11,16,15,19,10,10,15,13,12,17,10,15,17,15,12,11,20,13,15,18,11,14,16,17,10,10,11,14,10,17,19,10,12,14,18,12,12,17,14,16,12,10,17,13,14,11,15,14,19,12
13,20,17,17,20,10,12,10,16,14,11,18,11,12,11,19,12,14,16,14,13,13,19,15,14,12,18,15,16,10,15,20,15,12,11,11,13,10,17,20,19,20,11,20,18,13,18,14,16,20
10,12,18,15,13,16,10,16,13,20,16,10,12,13,10,15,11,12,15,13,11,10,20,20,20,17,12,20,12,14,16,16,14,19,20,17,17,15,14,12,15,16,11,20,13,11,14,19,18,13
10,12,15,11,19,12,10,10,10,17,15,13,11,11,20,18,10,17,11,10,12,15,13,17,13,13,11,17,18,10,10,10,18,19,18,20,14,18,12,10,14,12,17,12,19,14,12,14,20,13
14,13,18,20,11,14,19,12,15,15,20,16,11,16,14,14,13,16,19,20,12,17,15,20,20,14,14,10,20,15,13,18,14,16,12,20,11,11,11,13,10,19,17,11,14,14,10,15,19,17
18,10,12,19,18,11,10,13,10,15,13,13,18,14,20,14,11,19,12,12,12,17,12,18,20,19,17,15,19,13,16,11,11,18,13,12,16,11,10,16,20,11,13,20,13,18,14,10,12,12
16,17,18,12,15,19,11,10,13,14,13,16,19,11,12,19,11,11,12,10,18,14,13,15,16,18,12,11,16,11,13,18,10,14,17,10,16,13,13,15,11,18,16,11,11,20,11,16,11,18
12,19,15,12,12,10,18,15,20,18,13,13,19,20,19,11,10,20,16,12,15,20,17,19,13,10,19,17,15,10,16,17,17,13,10,16,13,14,12,17,20,20,11,16,19,19,19,13,19,19
14,17,16,18,17,16,20,16,15,10,18,16,18,10,18,12,16,12,20,15,20,18,19,15,11,13,14,10,18,18,12,11,14,19,12,16,20,11,15,12,10,11,12,14,18,15,13,17,10,19
13,12,10,15,13,12,11,15,15,18,15,17,20,11,20,10,15,19,18,18,15,17,17,13,17,16,12,13,16,14,12,18,16,10,13,10,17,14,10,15,12,10,14,14,17,13,16,18,12,16
17,20,15,19,17,16,19,10,17,11,19,11,20,12,17,18,14,18,13,12,19,17,10,19,15,19,11,17,19,12,18,15,16,11,20,14,11,10,17,16,13,14,17,18,19,17,11,14,18,12
14,19,13,12,15,13,18,16,20,10,14,19,20,10,12,16,11,19,20,15,20,15,20,11,16,10,16,14,18,17,17,19,19,20,15,12,12,16,17,20,17,17,17,11,16,19,11,10,20,15
11,14,16,13,15,11,20,10,17,19,11,13,12,11,18,13,16,13,13,15,20,16,20,16,15,16,11,14,20,11,10,10,13,18,13,16,16,20,19,14,18,17,20,17,12,20,13,16,17,11
19,17,16,16,16,18,13,16,19,15,13,18,18,19,19,18,10,16,15,18,15,10,10,12,15,10,10,17,19,17,18,18,16,19,11,12,10,13,19,15,13,17,12,12,16,15,13,15,15,11
11,11,11,10,12,11,18,16,16,11,13,11,19,16,10,10,12,19,15,18,19,13,20,16,17,17,15,13,19,20,19,16,14,15,20,15,14,14,16,18,12,20,10,16,14,13,20,12,20,18
14,10,16,11,20,11,13,16,14,14,19,20,14,11,16,12,16,17,18,17,10,11,11,14,15,20,20,20,19,18,20,18,17,19,12,17,12,10,17,14,13,12,15,20,20,18,18,16,10,10
19,19,15,20,15,13,11,16,10,19,14,19,18,10,16,18,16,19,16,17,10,19,11,15,20,15,10,19,20,13,10,16,18,16,10,19,13,16,12,10,19,15,15,15,13,20,12,10,12,18
15,18,12,17,13,20,10,18,10,13,11,11,19,14,13,10,14,10,11,11,19,10,15,12,20,16,10,11,10,11,15,12,14,18,16,10,19,10,16,13,16,14,15,17,13,15,19,10,16,20
13,14,18,11,12,18,10,14,20,15,18,12,10,16,18,11,18,14,16,17,12,14,17,17,10,10,11,15,15,14,10,12,12,16,14,11,17,13,13,20,20,14,15,20,17,14,18,16,16,16
15,12,20,19,14,18,17,12,11,16,14,17,20,17,15,11,18,11,12,10,18,20,13,11,20,10,17,19,11,20,11,13,15,17,18,20,17,17,10,16,20,14,13,16,20,15,11,13,17,13
16,16,16,11,19,20,15,10,15,20,18,12,11,15,13,13,12,18,10,17,19,10,17,14,10,15,17,16,14,20,10,11,14,12,15,17,18,10,16,13,20,19,17,19,17,16,20,12,18,11
11,12,16,20,11,14,17,12,14,10,10,17,11,18,10,19,20,10,20,11,20,13,14,11,16,14,20,18,10,17,16,19,13,19,18,11,17,12,16,13,10,12,13,20,10,11,15,12,14,14
15,20,15,13,14,18,17,13,15,11,20,16,14,18,13,14,15,18,13,18,16,19,16,17,11,15,14,10,19,19,11,10,20,18,17,15,18,13,10,16,19,20,14,18,18,13,14,19,14,17
16,12,14,16,20,20,19,17,14,19,10,11,15,18,20,18,10,19,14,15,17,14,16,11,17,17,13,17,15,17,12,10,14,18,20,14,13,17,19,17,19,18,11,19,12,16,14,15,12,20
10,11,17,15,14,13,13,18,13,14,18,16,12,15,12,13,14,11,15,13,18,16,11,13,19,11,14,13,10,18,18,13,10,14,19,11,14,16,17,13,17,20,19,14,14,17,13,10,12,11
12,15,14,15,13,13,17,12,16,10,13,15,16,18,11,19,16,20,11,17,10,18,15,12,20,15,16,20,18,18,14,13,12,16,17,16,20,16,20,18,12,20,15,16,18,12,17,15,11,14
14,10,19,10,10,12,10,17,15,16,14,15,20,14,16,18,10,20,19,15,14,13,11,12,19,15,18,18,15,14,12,12,16,15,10,14,16,17,10,14,17,11,20,13,13,19,12,19,18,10
17,18,13,11,10,18,19,10,20,17,17,19,13,20,19,10,18,10,14,16,11,15,10,20,17,10,12,13,17,13,10,18,19,13,14,17,11,18,14,16,18,15,17,13,11,18,17,13,18,16
10,10,17,20,18,20,18,12,16,20,13,20,17,19,16,10,17,16,13,16,11,11,14,19,19,20,18,20,12,10,18,11,12,16,16,10,19,19,20,12,19,17,15,19,20,16,10,14,11,16
16,10,12,19,14,12,13,16,11,17,11,18,12,20,16,15,14,20,18,20,20,14,15,11,15,16,18,11,15,18,12,10,16,16,12,13,12,12,14,11,11,13,11,10,20,20,17,17,19,15
18,12,18,14,13,15,18,15,14,19,13,19,18,10,13,11,16,17,14,15,12,18,18,19,15,13,20,12,14,12,20,11,13,10,12,16,12,18,19,20,18,15,14,12,11,20,13,18,16,18
19,16,18,10,17,11,10,10,15,17,15,17,20,12,11,17,10,16,18,12,14,11,14,10,19,12,10,12,10,17,19,13,11,16,14,14,15,16,13,10,13,17,19,16,16,11,12,18,17,10
17,17,20,11,11,17,13,14,20,19,15,14,13,12,19,13,20,20,19,16,20,13,14,15,11,13,13,17,15,11,19,18,12,18,19,12,10,10,12,11,11,15,20,20,11,12,11,16,10,16
18,13,14,15,11,11,18,13,15,20,10,10,13,12,17,14,10,16,13,17,19,18,16,20,18,13,12,20,15,20,15,19,10,13,18,19,13,20,19,19,20,16,11,13,16,18,18,20,15,20
20,20,13,17,13,13,19,16,19,14,16,20,13,15,13,12,14,20,19,14,20,10,20,12,18,16,14,16,12,20,16,20,20,14,15,17,18,19,10,14,18,17,20,12,18,17,20,12,19,16
11,12,19,13,14,18,14,20,16,19,15,20,11,10,13,13,12,17,16,14,12,17,17,13,18,20,15,17,17,16,15,11,13,15,13,10,19,11,17,12,12,11,15,19,16,19,14,14,17,13
10,11,16,13,18,18,14,16,20,16,11,17,11,19,15,12,16,12,10,15,16,10,15,13,16,17,14,18,20,11,20,13,19,10,13,14,10,20,12,16,10,10,19,20,17,18,10,17,10,16
18,13,11,15,12,17,16,10,11,12,16,11,10,20,16,20,19,17,10,19,20,16,20,15,20,15,15,13,13,15,14,19,15,15,13,18,13,18,19,19,14,15,11,11,12,19,18,13,18,11
12,19,19,11,20,20,10,16,14,14,11,11,10,13,11,19,10,12,14,18,15,20,19,13,10,15,18,15,15,15,14,13,18,18,12,12,10,16,20,16,19,12,11,13,16,10,19,12,16,12
18,12,11,20,14,20,11,10,18,15,17,16,17,18,13,12,13,17,18,13,14,10,16,12,14,13,17,16,18,12,12,17,16,14,17,15,11,11,15,19,16,15,13,10,16,18,16,15,17,18

The sequence dependent setup time of each job processed on machine 2.
(Where rows denote jobs: 1 to 50 and columns denote jobs: 0 to 50.For example:The value of Sijk is in row j,column i+1.)
13,15,18,13,18,13,12,14,14,12,16,14,15,19,20,19,19,13,16,11,20,15,13,14,16,17,20,14,14,16,16,11,13,12,19,16,13,13,19,14,10,17,18,20,17,10,13,11,11,16
12,20,16,18,15,10,10,18,10,19,20,11,20,12,13,16,10,20,18,13,11,14,20,14,17,20,16,16,14,11,20,15,17,18,14,16,11,13,16,17,17,19,18,19,11,14,13,14,12,12
11,14,14,14,12,13,13,20,12,19,13,14,11,18,17,20,14,10,14,11,15,20,16,15,13,17,16,16,14,19,11,18,12,15,15,13,19,10,12,18,14,19,11,16,13,17,11,12,20,10
16,13,12,16,10,17,14,18,17,11,12,15,17,11,18,15,18,19,13,17,10,14,10,11,20,19,20,18,10,11,14,14,11,12,13,17,15,14,16,12,10,12,18,16,11,18,16,18,17,19
13,20,18,17,18,10,14,19,10,10,18,16,14,11,12,13,16,13,20,10,11,18,17,18,15,17,19,17,19,11,13,15,15,10,13,19,13,11,16,13,16,20,16,10,17,13,11,13,17,19
16,16,18,17,19,19,17,12,12,16,13,18,12,16,12,12,14,19,20,13,18,11,17,16,20,10,14,17,11,16,18,14,11,14,16,20,20,20,10,11,12,13,19,12,20,20,14,20,15,18
11,12,11,15,17,18,12,19,11,19,13,14,11,20,15,17,13,11,14,12,10,13,16,12,18,13,10,16,15,14,19,17,10,20,20,19,14,18,15,10,13,14,12,20,10,13,16,11,12,12
11,17,13,12,20,13,10,11,20,16,16,14,19,17,14,16,19,17,11,18,11,11,17,12,17,13,16,15,20,11,20,20,16,17,15,20,10,10,15,10,18,17,19,15,15,18,19,15,13,15
11,19,19,10,20,14,11,18,13,16,20,15,15,16,10,11,19,20,14,18,13,11,19,17,14,19,12,20,12,17,17,18,20,15,12,17,13,14,11,16,19,10,17,17,18,10,10,13,14,13
20,20,19,20,18,19,12,17,14,16,19,10,12,14,14,19,18,15,12,20,11,14,16,13,18,14,13,11,14,14,10,13,17,13,12,14,19,16,18,10,12,10,16,19,17,13,17,18,17,10
16,14,14,18,16,14,15,17,10,10,20,10,18,20,12,16,14,15,20,16,18,15,19,10,11,19,14,12,17,20,19,17,11,17,14,13,13,14,19,19,14,14,11,18,11,20,15,13,18,17
13,17,20,12,20,17,20,19,20,14,20,20,16,11,18,17,20,15,12,14,11,11,14,11,17,14,13,18,14,13,11,18,15,20,16,11,17,11,17,16,19,17,14,15,15,19,18,18,15,13
17,11,16,14,14,18,20,18,17,18,15,10,14,13,10,17,15,20,19,15,19,14,14,16,11,19,12,16,15,19,10,12,20,19,14,20,14,12,13,11,20,10,19,15,16,16,16,10,17,15
10,11,14,10,14,14,14,10,14,19,17,12,15,15,18,12,14,10,12,19,13,18,16,19,10,12,15,20,16,15,10,12,15,11,18,10,20,18,18,16,10,15,17,13,15,20,14,17,16,19
20,11,20,20,19,11,13,19,17,14,18,18,20,12,15,13,11,19,10,18,15,13,16,20,19,19,12,12,17,15,12,16,20,12,11,20,10,20,13,14,13,10,16,12,18,11,17,20,19,15
11,11,20,15,13,20,11,12,10,18,19,12,14,16,11,17,15,17,16,18,20,10,16,17,16,14,11,11,20,20,19,14,19,13,16,19,10,16,19,13,15,17,19,19,14,18,17,10,16,15
13,18,12,17,15,18,11,15,10,11,18,13,12,16,13,12,15,16,18,15,15,19,17,16,13,16,11,13,17,17,17,13,14,19,19,11,12,17,19,16,11,14,13,16,17,20,15,18,15,20
20,19,14,19,20,17,18,20,12,12,16,16,19,17,18,10,16,20,14,12,18,18,15,13,13,12,14,20,20,13,16,19,12,18,19,14,20,12,10,11,17,10,13,20,18,15,18,16,11,13
15,13,11,10,12,17,16,17,18,14,15,10,16,14,19,16,20,10,12,19,12,12,18,16,10,12,15,13,18,14,20,20,20,15,11,14,19,14,14,11,14,11,17,16,12,14,17,16,10,19
14,13,11,17,19,20,10,11,10,10,16,19,19,13,10,12,11,19,16,10,12,17,18,20,17,12,20,16,13,20,17,16,20,16,14,15,20,10,10,15,16,14,17,19,18,14,19,14,19,10
20,11,16,19,10,16,19,20,11,11,15,16,19,17,14,10,12,14,12,14,15,10,13,15,16,12,20,16,11,17,10,17,16,19,14,16,11,13,10,11,20,19,19,19,14,13,14,10,16,20
13,10,16,11,13,14,10,14,17,14,14,12,12,13,12,19,10,10,20,20,13,18,16,14,10,19,13,20,20,17,20,17,11,15,10,20,12,19,15,19,17,19,17,13,13,17,16,14,11,17
15,16,17,17,20,11,20,17,15,16,14,15,20,14,18,16,17,10,16,11,13,13,11,17,18,14,18,16,11,16,10,17,14,19,12,20,10,17,20,13,20,16,17,11,12,17,19,19,14,10
10,19,19,11,18,14,15,13,13,18,12,13,17,16,18,14,14,12,15,13,10,18,11,18,19,11,17,12,19,20,20,16,20,16,10,15,20,12,17,10,19,17,17,16,17,10,12,14,19,20
14,16,17,17,18,18,12,10,16,20,12,18,10,10,15,13,20,20,12,10,16,10,14,13,10,19,12,11,13,16,11,15,12,17,11,14,17,13,19,13,19,16,18,11,10,11,19,20,18,17
20,17,12,16,18,14,16,10,19,10,17,11,12,19,10,16,19,12,13,13,14,18,19,17,13,15,10,17,10,10,11,16,18,14,20,10,18,18,14,13,13,12,13,10,18,13,18,17,11,12
11,15,19,19,13,19,17,14,18,10,16,16,18,19,20,19,19,13,17,15,11,19,10,16,20,19,16,11,14,12,16,13,10,18,20,20,20,20,10,11,18,12,17,16,14,13,17,18,13,11
11,15,10,19,10,20,15,16,11,13,19,13,16,13,15,11,13,10,15,16,13,13,13,13,17,11,10,16,13,11,16,14,14,20,20,16,17,18,19,11,13,20,17,19,18,15,11,15,13,13
18,18,12,19,15,11,10,18,15,17,10,20,18,14,12,13,16,13,11,13,12,10,12,12,20,19,14,14,10,17,19,14,19,15,11,13,17,20,20,18,20,15,11,11,16,13,15,13,15,18
20,18,16,13,12,19,11,15,11,18,19,11,20,11,16,10,20,12,15,14,14,17,12,12,13,18,17,17,16,14,20,18,15,17,18,11,10,19,12,13,16,17,16,11,15,17,18,13,18,18
16,18,19,12,13,12,17,11,10,14,13,11,19,16,10,14,13,16,14,15,18,13,20,14,19,14,18,19,16,11,19,14,11,15,11,16,19,16,11,12,14,13,15,11,10,18,14,19,13,14
12,11,14,11,14,13,19,20,16,17,18,16,16,12,15,17,14,19,10,10,14,19,17,19,16,12,15,13,17,11,16,16,11,10,13,19,11,17,19,11,20,19,15,16,12,14,10,10,11,20
18,20,14,13,15,14,15,19,14,11,13,14,19,19,18,13,20,10,15,18,16,19,19,20,18,18,18,12,10,14,19,12,19,18,12,12,10,15,15,11,16,13,11,20,19,18,11,17,19,15
13,19,13,11,12,15,14,12,19,16,19,12,14,20,17,10,20,14,11,11,17,20,10,18,17,15,10,18,11,10,19,20,11,19,14,19,19,14,19,11,18,19,20,10,15,18,20,20,18,17
16,12,18,19,18,11,11,16,10,18,15,17,11,20,15,15,16,11,18,14,18,15,15,13,18,14,12,13,18,18,10,12,15,16,14,14,10,12,17,20,13,15,18,16,12,14,10,11,16,10
11,19,20,10,16,16,13,12,13,12,15,18,13,11,13,16,19,12,13,10,10,18,12,16,20,10,15,15,13,19,20,16,17,13,16,17,17,12,19,17,17,16,11,16,12,15,17,18,17,20
20,12,17,17,20,18,18,18,14,18,17,17,15,10,10,14,11,20,12,19,10,10,10,13,13,16,12,12,11,19,16,10,20,17,12,16,17,13,15,13,12,18,11,10,14,17,10,10,16,16
10,16,16,17,15,18,14,15,14,12,18,19,13,12,13,11,18,15,10,18,13,15,17,13,18,17,20,10,12,10,12,13,11,12,20,12,20,20,11,10,14,10,14,10,15,14,19,13,16,12
11,19,17,17,15,14,13,18,20,13,11,13,12,14,17,11,17,20,17,13,12,13,14,14,12,19,20,13,18,13,19,15,16,18,18,14,17,13,15,10,10,16,12,16,12,10,15,13,17,15
12,16,19,17,19,13,16,12,16,17,12,20,19,13,16,17,20,17,11,12,20,17,15,10,13,17,10,13,11,15,18,14,16,20,14,14,15,19,19,19,12,11,14,20,14,15,10,10,10,17
14,14,15,11,15,20,10,15,10,16,19,17,10,15,19,20,17,10,16,18,19,12,19,14,20,18,19,19,10,16,15,17,16,18,17,16,16,12,10,12,13,20,19,12,15,20,13,18,11,10
14,13,17,16,11,15,16,13,19,16,20,14,20,17,12,20,18,19,20,18,18,19,13,13,14,11,15,16,11,19,11,17,19,10,11,12,12,19,12,20,14,12,16,11,17,11,18,13,12,13
12,13,14,19,16,16,19,19,19,12,18,15,11,15,15,20,19,12,16,12,11,17,11,18,20,18,14,20,18,17,17,10,13,14,20,11,18,20,12,15,20,16,13,18,20,16,14,17,20,15
16,19,12,11,14,17,16,16,20,12,15,18,14,10,14,20,18,16,17,15,11,11,17,15,12,17,11,15,10,16,10,19,12,18,11,12,20,18,18,13,11,11,19,11,12,19,15,11,18,11
17,11,11,17,12,14,17,20,18,10,13,18,20,19,16,20,18,14,18,14,18,16,16,13,14,14,20,13,15,16,11,15,10,20,14,13,15,18,17,19,20,14,12,18,20,20,10,19,11,11
10,10,16,14,17,13,19,13,19,12,19,19,11,19,11,17,14,13,10,12,14,15,17,13,19,18,18,12,11,20,15,17,19,13,18,10,14,14,15,12,20,17,18,14,11,11,14,19,15,19
12,16,14,11,14,10,14,13,19,13,17,17,19,13,11,14,15,19,19,19,14,18,10,15,11,16,10,11,14,17,12,10,11,20,12,20,15,20,10,15,13,13,11,15,20,12,13,20,12,19
19,19,13,17,14,10,17,12,14,14,16,17,16,17,15,11,15,11,14,16,15,12,12,16,17,19,12,16,17,13,15,12,19,15,14,16,12,11,18,18,12,10,19,14,20,13,13,17,17,20
17,20,12,19,11,20,12,18,16,13,10,13,13,16,12,16,13,14,17,19,15,16,13,12,20,17,18,17,15,11,13,15,14,15,18,16,12,16,17,17,17,15,10,11,20,16,17,15,13,14
20,11,13,19,15,13,15,13,16,20,13,20,10,18,12,14,11,17,10,20,14,13,13,11,14,14,16,15,13,13,17,11,11,19,15,10,12,15,11,16,14,14,18,20,16,10,15,17,18,14
11,14,13,18,10,12,14,18,12,19,14,17,12,12,10,19,10,19,14,11,12,15,13,18,18,11,18,18,20,12,12,19,14,15,19,20,11,12,13,18,13,13,13,18,18,13,14,17,20,14

The sequence dependent setup time of each job processed on machine 3.
(Where rows denote jobs: 1 to 50 and columns denote jobs: 0 to 50.For example:The value of Sijk is in row j,column i+1.)
15,20,13,14,19,13,14,20,15,18,19,18,16,18,20,11,11,20,10,16,19,17,13,18,14,20,20,11,19,11,18,12,10,12,15,10,15,20,12,11,19,10,11,15,11,20,20,15,19,20
17,15,10,10,20,10,18,16,10,10,16,20,20,15,17,13,13,10,11,18,13,10,13,13,20,20,18,16,12,10,19,10,15,12,12,19,11,19,16,15,16,17,11,12,14,13,20,20,16,14
10,18,18,13,10,14,14,13,12,12,19,20,18,16,16,15,17,14,16,18,10,11,15,17,17,14,11,11,11,12,12,17,11,10,14,15,20,17,17,14,15,17,20,11,17,10,11,13,10,17
14,14,16,11,18,10,14,18,10,11,18,14,10,10,19,15,20,10,13,11,17,11,18,13,15,17,16,18,10,15,18,19,14,19,19,13,12,12,19,14,20,14,16,15,11,10,15,16,14,10
13,19,16,13,12,12,16,15,11,14,14,13,13,10,12,11,15,19,15,10,10,12,18,12,16,20,17,14,12,20,19,10,13,20,12,11,14,19,16,13,14,10,11,19,11,12,20,13,15,18
14,16,19,11,17,17,13,15,17,14,10,13,19,16,18,10,13,11,14,16,16,10,14,12,13,17,20,19,10,19,11,15,11,12,14,19,19,18,10,10,19,10,15,10,15,16,19,19,14,17
16,14,17,11,14,12,11,12,19,13,13,14,13,13,16,18,12,19,14,10,13,18,13,13,10,20,18,18,19,16,11,11,16,20,19,16,13,15,15,16,17,19,10,17,11,15,14,19,16,19
14,19,17,19,18,14,19,13,20,19,14,10,15,16,20,15,10,15,11,15,11,19,11,10,19,15,18,12,20,18,12,10,18,18,17,10,10,15,16,10,16,16,13,16,12,16,19,19,17,10
15,16,11,20,17,18,13,11,10,20,12,10,13,15,19,12,10,17,19,11,16,19,15,17,14,17,17,14,16,13,12,15,15,10,17,20,16,12,20,18,17,14,20,14,18,11,15,18,10,14
12,20,19,13,16,15,18,19,11,19,14,20,17,20,16,19,18,17,16,11,17,18,18,15,19,20,13,16,19,17,13,10,10,15,19,14,19,13,11,11,13,17,14,15,20,18,17,15,19,18
18,18,14,19,18,11,14,11,18,20,15,16,17,20,17,11,14,14,18,15,15,18,10,15,13,12,13,13,15,14,18,19,16,15,17,11,19,14,16,13,13,18,11,18,12,10,18,19,15,17
16,20,10,15,17,13,16,14,11,17,12,10,18,11,12,13,18,19,11,12,20,19,18,11,14,18,19,20,15,16,13,10,19,17,20,10,20,10,13,14,14,15,18,12,12,14,17,20,17,12
11,19,19,18,15,11,13,20,14,16,17,13,12,19,10,10,17,17,14,12,13,12,15,16,20,14,17,20,10,19,19,12,20,16,16,18,20,18,11,18,11,13,11,14,19,12,12,20,10,17
17,11,19,18,17,10,15,14,10,10,19,20,12,12,17,16,17,15,10,10,11,13,11,11,20,17,11,11,12,17,12,18,18,17,15,12,19,18,20,11,18,20,11,16,11,18,12,18,10,15
20,10,12,11,12,13,12,20,18,13,13,16,10,15,16,13,11,15,10,19,12,12,20,10,12,12,11,12,13,11,13,20,15,12,20,13,11,14,16,14,14,13,12,20,20,20,19,20,19,14
11,18,15,17,15,17,15,13,20,10,19,18,18,18,11,10,17,20,12,13,17,13,15,12,12,16,10,19,19,16,15,16,19,16,12,15,11,17,10,16,16,10,19,14,10,10,18,11,10,11
17,19,16,13,15,15,17,10,12,11,12,14,10,13,17,11,10,14,14,14,17,14,17,17,14,12,18,15,15,11,19,17,14,14,16,19,10,14,20,17,20,12,12,14,20,18,15,12,13,11
20,10,16,11,16,14,18,18,18,13,12,20,12,19,14,11,14,18,12,14,17,17,11,19,20,14,11,15,12,12,11,20,15,14,18,11,14,19,10,18,11,18,20,14,19,19,15,14,20,14
14,14,18,18,20,15,10,16,15,17,16,20,10,14,19,18,17,15,17,16,18,17,15,11,11,15,18,20,13,13,10,13,20,17,19,16,18,18,11,18,10,19,12,11,17,10,17,11,10,12
13,19,17,14,16,19,13,13,19,11,16,11,16,19,11,11,14,18,11,11,11,10,10,11,19,10,20,11,16,14,20,11,13,15,10,17,11,15,11,13,19,10,16,17,20,10,18,14,16,17
13,14,17,16,16,11,15,13,12,11,16,10,15,20,11,20,20,11,10,14,16,14,19,16,14,14,12,13,17,20,18,12,20,12,12,13,15,13,20,10,18,19,14,14,19,18,18,20,17,16
13,11,15,15,10,13,19,12,19,13,18,20,19,15,13,19,15,14,17,16,10,14,18,20,14,16,20,19,12,19,12,14,15,19,18,10,11,10,18,18,14,20,14,17,20,18,14,14,20,17
10,13,19,20,18,11,17,17,14,16,10,10,11,20,10,20,11,11,12,13,20,16,19,16,18,20,17,13,15,14,16,11,12,18,17,16,19,19,17,15,15,18,13,15,18,11,20,11,14,10
16,13,11,19,15,17,17,17,17,17,18,14,13,14,19,15,12,16,13,11,17,15,10,13,10,13,10,15,15,11,18,14,11,10,17,13,10,12,17,17,15,19,18,15,11,18,19,20,12,10
11,18,11,17,16,16,16,15,12,18,11,15,13,10,12,14,16,20,14,17,15,17,20,10,15,12,11,13,12,10,11,20,13,10,15,14,16,17,14,17,14,10,17,15,20,10,20,19,12,20
13,10,11,15,12,15,12,20,16,20,10,18,11,13,14,20,20,13,16,12,19,20,12,16,11,20,15,15,15,10,14,10,11,14,10,16,11,15,17,15,15,13,14,17,11,14,14,19,17,16
16,18,14,15,15,14,15,11,11,13,16,13,13,11,13,13,14,11,19,11,13,18,16,12,10,10,17,17,10,17,19,14,19,18,14,14,19,12,16,12,20,11,13,10,13,20,14,18,19,16
18,20,13,20,17,15,15,20,10,17,15,15,19,15,11,10,17,20,13,17,15,19,19,17,11,11,15,10,17,19,20,14,12,11,18,18,19,16,11,14,16,19,14,14,12,11,18,18,20,17
19,18,18,11,18,18,11,11,10,19,10,17,13,17,10,14,16,20,15,10,18,14,12,15,15,10,13,17,15,11,10,14,16,14,12,17,16,14,14,17,18,10,19,19,13,20,19,11,19,15
16,17,17,12,13,15,14,20,15,12,13,12,17,10,10,10,19,16,15,20,16,11,13,20,12,14,19,11,13,14,19,19,17,18,14,10,13,16,20,18,11,13,20,20,20,15,17,18,10,17
18,11,19,19,20,19,20,17,20,10,19,20,13,20,15,19,13,10,16,18,12,11,19,12,18,14,19,13,20,14,17,18,17,10,14,13,13,18,11,16,11,18,16,18,16,12,10,17,19,16
10,17,18,10,11,12,17,16,20,20,16,10,15,18,12,17,19,16,19,20,10,10,20,13,12,16,16,19,12,17,19,18,10,13,13,20,13,19,11,11,18,13,16,11,15,10,14,10,20,16
14,10,17,19,17,18,20,10,15,18,13,20,14,15,18,18,18,18,19,17,13,15,18,13,15,12,19,17,13,16,11,10,16,13,18,15,20,19,10,19,15,17,12,14,14,15,18,19,11,17
10,20,14,10,13,20,11,20,13,11,14,18,11,20,18,15,18,16,19,10,16,20,16,11,19,19,11,15,15,12,18,20,14,18,17,15,17,20,18,18,13,19,19,13,17,18,19,14,17,20
12,16,15,20,20,18,14,16,11,19,19,19,13,11,16,12,18,19,19,13,11,14,15,16,20,10,18,15,10,19,10,13,10,17,17,12,11,12,17,17,13,18,13,19,18,16,14,19,10,14
19,12,11,12,13,17,19,10,17,19,13,10,13,20,19,13,10,12,20,13,10,14,14,11,16,14,17,14,17,20,14,15,12,15,13,20,12,14,12,10,11,15,10,13,12,11,19,13,15,11
18,20,14,19,16,10,16,20,17,12,16,13,17,10,13,10,20,10,13,15,16,12,11,14,16,18,17,10,19,13,19,12,14,16,20,12,16,14,18,17,16,11,12,14,18,16,16,17,12,18
20,14,12,20,10,13,20,10,19,19,16,16,13,13,16,15,13,10,18,19,19,18,20,14,15,15,16,17,11,16,19,15,15,14,15,12,17,19,16,16,10,19,20,20,16,15,18,18,11,10
13,17,14,12,12,14,10,10,15,18,11,12,18,18,12,20,19,12,12,12,13,11,11,15,15,13,19,11,10,14,14,16,17,15,18,11,13,11,13,16,18,19,10,15,16,16,10,16,16,19
16,20,13,15,18,12,11,19,15,18,20,15,12,15,13,14,19,18,13,16,15,18,19,10,13,11,20,16,18,17,11,14,12,19,14,13,16,19,10,17,18,17,20,20,18,17,14,15,12,14
11,16,19,16,14,18,18,12,17,11,15,20,16,14,10,12,19,18,10,16,16,11,11,15,12,16,14,11,20,16,10,15,17,20,19,18,20,17,11,13,20,14,15,15,16,16,18,19,17,15
17,12,18,13,16,19,17,19,19,18,11,18,17,15,17,19,19,19,10,19,13,16,19,13,12,16,17,14,11,12,19,20,12,18,14,15,14,16,13,15,18,15,18,17,10,18,17,18,19,17
18,11,14,16,13,10,14,10,12,19,13,17,10,17,13,11,12,15,12,17,11,10,20,19,13,14,13,13,20,10,15,12,13,14,19,18,13,14,14,12,18,11,17,11,18,14,11,14,13,14
11,19,19,16,14,15,13,19,16,17,16,12,10,19,13,10,14,12,18,17,14,16,19,13,20,18,16,13,19,12,10,10,18,17,17,18,12,19,14,12,15,13,17,15,20,12,20,17,15,19
13,12,10,18,13,12,15,10,14,11,20,20,10,12,17,14,16,14,18,16,11,18,20,15,13,20,20,13,16,20,15,13,14,11,17,15,12,15,10,19,10,13,12,14,15,15,17,13,14,18
13,16,11,18,18,10,13,11,15,15,10,13,20,13,14,12,17,13,18,19,15,12,20,10,20,14,15,16,10,18,15,19,19,11,16,15,18,15,11,13,12,14,15,12,12,18,15,20,15,20
15,12,14,14,11,14,11,17,15,10,13,18,12,12,15,13,18,12,19,15,11,12,14,10,10,16,13,20,16,19,12,16,19,11,13,19,17,14,17,18,19,17,17,16,14,15,16,11,15,14
16,10,10,17,15,15,16,10,11,14,20,13,15,12,20,16,17,13,16,10,11,14,19,13,18,15,10,14,12,14,16,19,14,12,16,12,12,16,13,13,12,16,17,17,20,20,17,13,20,15
12,17,14,11,16,16,10,15,17,11,17,16,14,18,12,11,16,18,17,15,11,12,20,10,13,15,15,15,12,18,17,20,11,12,20,12,18,19,17,17,16,19,15,20,19,10,17,17,15,14
16,14,19,13,13,10,19,15,16,13,11,15,15,12,12,13,16,17,18,15,17,19,18,18,15,13,14,20,11,17,15,10,12,19,11,18,14,17,14,17,16,19,20,19,16,13,15,14,10,17
20,19,18,17,16,11,13,13,20,10,12,11,15,11,10,19,13,14,19,10,17,11,18,17,18,10,17,20,14,16,12,15,13,13,10,18,12,10,15,11,17,19,17,20,17,15,16,20,17,11

The sequence dependent setup time of each job processed on machine 4.
(Where rows denote jobs: 1 to 50 and columns denote jobs: 0 to 50.For example:The value of Sijk is in row j,column i+1.)
19,19,11,11,18,19,15,13,13,15,20,10,17,10,16,14,15,18,16,14,13,14,15,20,10,16,17,18,14,19,20,15,15,11,18,16,14,11,15,16,20,14,14,14,10,12,11,17,18,11
19,19,11,12,18,13,18,10,13,13,10,12,20,13,15,15,11,18,14,16,17,20,13,16,20,17,17,11,18,20,15,10,17,20,10,17,11,11,10,15,17,12,14,18,15,13,19,14,13,17
15,16,20,10,11,18,12,18,19,16,15,14,14,20,13,17,15,10,12,11,13,18,10,19,18,20,19,14,20,19,20,12,16,14,19,16,19,20,10,10,15,18,11,19,20,19,15,13,19,20
12,11,20,19,19,10,18,10,11,16,15,14,19,18,17,19,15,11,13,15,12,15,13,17,12,10,19,17,18,10,14,17,18,17,20,16,11,19,14,10,19,14,16,13,15,16,20,11,18,12
13,17,12,13,13,17,13,10,17,16,15,13,13,14,11,10,18,20,10,17,13,11,10,11,13,13,20,16,20,13,12,20,12,20,15,17,11,11,10,20,20,15,11,15,14,12,20,16,11,16
12,10,13,19,16,19,12,20,10,14,13,19,12,12,11,10,20,10,13,13,20,15,17,13,15,15,17,15,14,20,10,18,18,14,11,14,10,17,13,10,13,13,12,16,13,16,12,10,17,13
17,20,18,18,12,20,18,13,10,15,20,20,15,10,14,11,11,15,16,11,15,11,18,12,16,18,10,20,18,12,10,14,11,12,20,15,15,20,11,16,19,18,11,15,13,11,17,18,19,12
18,11,16,11,17,11,11,17,19,18,11,15,13,18,14,15,16,16,11,15,15,13,13,14,17,16,18,18,17,17,10,14,15,10,16,17,14,19,15,20,17,16,10,19,10,17,19,19,12,20
12,13,13,12,13,10,17,16,11,20,19,13,13,19,14,15,18,17,18,16,18,13,19,15,16,12,13,17,11,17,11,12,12,13,15,10,12,15,17,10,17,17,16,14,16,15,14,11,12,19
12,14,15,20,15,12,10,19,12,11,10,13,17,17,13,20,18,18,14,17,19,12,13,16,12,11,14,19,10,12,18,15,15,13,15,11,18,20,15,19,17,13,15,12,20,11,20,13,17,20
11,17,13,18,15,19,13,14,19,12,16,10,10,15,20,19,12,10,12,17,16,11,11,14,17,19,13,15,13,12,19,10,11,11,19,15,17,15,15,12,11,19,19,12,14,11,17,12,17,14
15,19,19,14,18,19,11,12,12,11,17,15,20,12,17,11,11,10,18,16,18,13,12,19,13,11,20,14,20,13,19,20,18,11,17,17,11,11,18,15,15,17,14,14,18,19,14,18,17,14
13,12,11,15,19,14,17,19,15,13,15,14,16,20,18,17,18,11,16,11,18,13,16,15,18,20,17,12,15,18,20,12,15,20,11,10,11,11,12,15,17,12,10,19,12,17,14,10,18,15
19,17,15,18,12,16,16,12,12,16,16,16,16,20,14,17,10,16,20,14,10,15,14,20,12,11,14,19,18,10,15,17,11,15,14,15,13,14,11,10,17,14,18,12,18,12,13,16,13,12
12,16,20,19,11,20,14,20,15,18,10,17,13,11,11,16,17,13,20,11,10,20,11,10,12,10,12,14,12,13,19,10,19,15,14,10,16,19,16,10,11,15,12,15,13,11,20,14,17,10
15,13,11,10,16,18,19,12,15,14,10,17,20,19,13,15,14,16,10,15,11,18,17,16,10,19,16,11,13,18,14,11,17,11,10,15,17,12,15,14,18,17,13,14,14,10,19,12,12,16
15,11,19,12,20,18,17,13,18,12,17,14,19,18,14,13,19,20,12,10,20,20,16,15,19,19,10,18,13,10,10,14,20,11,16,16,14,12,14,14,12,16,18,16,20,15,12,13,20,13
17,11,18,11,11,10,12,15,15,18,16,16,19,12,14,11,19,17,14,17,20,15,12,14,10,11,13,16,12,12,12,15,12,11,15,20,15,10,11,11,14,18,20,20,11,19,14,19,15,18
13,12,20,18,19,17,16,13,17,14,11,16,11,19,12,15,19,16,15,15,16,17,13,17,11,12,16,17,14,18,20,17,12,18,20,12,20,11,15,19,13,14,20,17,10,15,17,15,10,15
12,18,16,18,17,10,17,14,14,14,20,19,17,10,17,18,16,19,10,12,11,17,19,15,17,19,10,14,19,17,16,18,17,16,12,15,20,19,18,14,20,13,12,16,19,11,20,19,19,20
12,12,13,12,10,12,10,10,19,13,16,16,19,14,11,14,12,12,14,13,15,13,13,10,19,13,12,13,19,18,14,16,17,19,17,15,13,10,15,15,13,11,14,15,14,18,17,16,17,15
11,14,15,14,20,17,12,20,14,12,18,15,10,15,19,15,14,14,10,11,19,14,16,14,15,18,15,19,17,14,13,12,10,18,16,10,12,16,13,12,11,13,10,19,17,10,20,19,19,10
17,11,15,12,13,17,16,19,13,18,20,19,15,10,13,12,13,10,16,16,16,12,19,12,18,19,13,11,17,13,17,17,19,10,14,16,11,12,13,15,11,10,16,17,12,19,16,15,14,17
12,13,10,10,20,10,10,12,18,10,20,15,14,16,17,17,10,18,10,19,20,20,15,10,18,20,11,17,14,12,20,15,14,18,11,13,17,14,14,18,10,19,13,19,10,10,10,13,16,16
19,11,14,15,10,15,10,11,11,16,12,14,20,10,12,13,13,20,18,18,16,17,15,11,16,12,20,18,11,18,13,13,18,13,20,18,18,20,19,16,16,10,15,17,13,10,14,13,17,20
13,11,17,18,12,19,16,13,13,12,20,11,13,19,10,10,18,15,17,19,16,11,19,16,11,18,17,19,19,14,20,14,10,19,20,20,17,20,16,13,12,15,12,14,17,19,11,16,16,19
13,15,11,16,10,14,13,15,18,12,14,15,11,18,16,15,20,15,10,16,11,15,10,17,10,14,13,13,19,13,16,14,12,13,16,20,16,19,10,15,16,20,16,19,12,19,20,13,18,18
17,12,10,10,16,11,19,17,11,20,20,20,18,18,18,20,14,10,15,17,18,11,15,14,17,15,11,18,10,11,18,13,17,17,10,10,11,16,11,20,18,20,14,14,18,10,16,15,19,12
18,15,18,19,11,13,10,16,11,17,17,12,16,12,19,18,16,17,15,16,10,17,10,12,19,11,12,19,17,19,19,10,20,19,10,20,13,16,20,18,18,11,17,15,17,20,11,16,12,19
12,11,19,14,12,16,16,15,15,15,13,14,14,13,20,19,11,16,11,18,13,14,11,18,15,14,19,13,10,12,10,20,19,17,13,12,12,16,10,13,19,16,11,20,19,12,14,18,17,14
16,12,20,13,10,16,16,16,12,17,18,16,19,10,10,11,14,12,13,16,17,11,14,15,18,18,17,15,13,10,18,10,10,12,17,10,20,16,13,10,19,16,16,20,14,14,14,17,14,11
10,12,12,20,11,12,19,18,17,16,19,18,14,11,10,16,13,10,20,13,20,19,11,10,13,19,14,12,11,10,18,15,16,15,19,11,17,15,20,11,12,14,17,13,20,16,13,11,12,11
20,11,10,10,16,15,12,19,13,12,20,13,12,14,17,19,18,11,19,20,19,16,10,19,16,13,14,16,11,16,10,19,10,20,20,18,20,10,13,15,11,18,15,15,13,20,18,14,16,13
11,10,18,14,11,13,12,10,15,11,13,15,14,18,15,12,12,17,19,12,10,10,15,20,15,16,10,20,15,10,18,16,10,12,12,11,14,20,19,18,18,16,11,19,13,15,10,14,18,17
12,17,15,14,17,16,15,17,20,19,10,16,12,19,20,10,12,15,20,18,10,19,13,13,11,19,18,10,14,19,13,12,14,15,14,10,18,11,18,12,12,19,14,18,14,19,17,10,12,10
15,15,17,19,17,15,13,11,16,10,18,14,10,17,19,19,16,19,13,20,15,16,13,18,12,11,17,15,10,20,10,14,17,15,17,10,20,19,10,17,19,11,11,11,18,19,18,19,20,20
12,16,11,20,15,18,17,11,12,14,12,14,10,10,19,10,15,10,11,19,14,18,14,12,17,19,10,15,14,12,13,13,13,16,13,13,12,10,12,14,11,13,19,18,19,17,13,16,15,20
20,17,18,17,14,14,20,11,12,11,18,16,18,17,12,18,10,19,16,18,12,12,18,15,16,12,10,15,16,10,17,19,11,15,12,13,15,11,13,11,11,15,12,15,19,17,13,17,18,12
10,19,20,17,17,18,18,12,13,16,20,14,19,16,20,11,12,11,20,17,16,20,13,11,13,19,13,19,17,20,14,13,19,11,18,16,11,12,18,20,12,20,20,13,12,20,11,18,14,16
15,13,14,16,17,18,16,13,15,10,16,20,20,18,18,10,12,11,12,14,15,17,19,13,10,18,10,12,10,20,15,12,18,16,20,11,20,15,19,13,15,11,13,15,16,15,17,18,14,12
17,14,15,15,13,20,14,14,14,10,14,13,17,20,14,15,13,15,13,19,15,18,14,19,15,19,14,16,13,16,20,15,15,18,12,18,15,17,11,20,18,18,11,11,15,17,19,18,19,11
17,14,18,12,10,14,12,12,11,17,11,13,11,14,12,13,19,10,18,11,16,12,20,10,13,14,15,10,13,15,16,15,16,19,17,18,10,15,16,13,17,14,18,16,14,19,19,13,12,18
18,12,19,13,17,11,15,11,20,12,20,20,13,11,16,18,10,18,11,19,17,12,19,11,17,20,13,18,14,19,16,12,19,19,17,11,10,18,11,11,15,11,18,17,11,18,11,17,13,12
18,11,15,11,10,17,17,15,17,12,13,10,15,20,10,14,18,19,12,20,14,10,17,10,20,11,12,10,15,17,13,19,16,11,16,11,13,20,19,13,19,15,12,13,13,18,17,19,11,18
15,17,16,10,20,15,20,18,15,15,14,15,20,10,14,20,11,12,11,16,16,19,18,14,13,15,18,11,17,17,13,16,10,19,12,15,19,12,12,18,14,17,18,10,13,20,14,13,17,10
11,10,10,15,13,13,14,11,17,18,15,13,20,19,14,11,17,18,12,13,18,20,11,16,12,14,10,20,11,16,19,14,14,14,12,15,15,11,15,13,10,19,20,10,14,10,18,19,16,20
12,13,19,13,20,12,12,11,17,16,10,16,15,17,19,12,18,17,12,12,17,17,18,12,11,20,13,18,16,15,15,13,16,17,20,20,14,16,11,19,15,10,19,19,10,13,17,16,15,14
11,20,16,11,17,20,14,14,16,11,18,10,12,12,20,11,19,12,13,18,14,11,12,13,10,17,11,15,13,13,19,17,20,15,11,20,20,13,10,17,13,17,17,16,19,13,12,11,11,13
14,14,16,19,17,19,13,19,19,19,15,18,12,16,12,17,16,18,15,10,12,11,15,13,18,20,13,19,16,15,20,17,12,13,17,11,12,15,16,10,20,19,15,12,14,12,14,19,14,17
12,17,16,11,19,18,11,19,10,11,10,16,17,13,10,19,14,17,13,16,15,13,15,14,11,16,11,18,12,13,13,14,11,19,11,19,15,19,14,20,17,10,12,14,14,16,19,20,12,10
16,10,11,15,19,15,14,18,15,19,11,16,11,15,13,19,16,20,12,16,13,14,18,12,18,12,10,17,19,11,18,16,19,11,20,10,14,10,15,20,20,12,12,19,18,10,19,18,19,11

The sequence dependent setup time of each job processed on machine 5.
(Where rows denote jobs: 1 to 50 and columns denote jobs: 0 to 50.For example:The value of Sijk is in row j,column i+1.)
14,17,15,15,10,11,16,18,16,15,13,13,20,14,11,16,17,16,20,20,11,18,13,13,20,16,10,18,13,12,13,19,11,17,18,17,16,10,13,10,18,13,19,11,13,16,10,16,13,11
12,13,11,13,11,20,16,17,18,18,14,15,12,16,19,13,17,18,18,11,15,17,20,20,20,15,11,12,16,17,20,15,13,13,20,12,17,17,18,20,20,15,14,13,17,13,16,11,12,13
19,13,20,19,11,17,15,11,13,13,17,15,12,19,18,11,18,20,16,12,14,18,19,18,12,11,13,12,10,11,16,11,16,16,13,14,20,14,13,17,20,12,18,12,10,14,14,16,12,17
19,16,12,13,11,13,11,17,19,13,14,18,13,15,17,18,14,13,17,12,17,20,13,18,16,19,17,11,15,11,15,13,19,10,12,20,17,17,15,17,16,20,19,16,11,18,14,17,15,16
20,20,19,19,12,17,13,20,10,18,12,13,15,14,20,12,11,10,18,17,16,15,13,10,14,16,14,10,20,19,20,10,13,12,15,15,10,19,10,14,14,10,12,16,10,10,13,18,17,12
10,14,15,12,10,11,10,11,17,16,12,19,20,16,13,16,11,20,17,10,10,17,11,15,13,20,19,11,14,12,17,20,17,20,18,19,11,13,20,11,19,13,14,12,10,19,15,16,17,12
13,20,15,15,12,11,13,15,11,15,18,11,14,12,11,15,11,12,16,20,16,19,19,10,13,13,13,12,20,14,16,12,16,17,18,14,17,15,20,11,13,13,13,17,17,19,15,20,17,16
18,11,15,13,13,11,13,13,13,11,15,11,10,16,16,10,17,14,13,18,15,12,14,13,16,12,10,18,16,16,17,10,16,19,10,19,18,10,20,14,19,11,20,13,15,12,12,12,11,16
18,14,10,15,12,17,17,14,11,14,11,17,20,15,17,13,15,19,14,12,18,13,13,15,11,15,11,17,18,16,14,12,19,10,12,10,20,16,18,10,12,17,12,10,15,13,17,13,16,15
17,14,16,13,13,17,10,13,15,12,15,13,18,16,19,13,15,13,18,20,13,17,18,16,11,16,13,20,15,16,16,13,11,19,14,19,20,19,15,14,19,17,12,10,10,19,20,14,12,17
12,13,11,11,19,17,13,18,17,15,11,15,12,18,12,16,18,13,13,13,11,19,17,12,15,17,18,20,19,10,13,20,13,14,20,20,10,11,14,18,14,20,14,14,12,15,11,14,12,18
10,17,20,13,14,20,13,14,16,13,19,16,19,14,18,19,11,15,15,14,18,19,11,11,15,13,18,15,14,13,13,16,15,17,14,16,12,18,17,17,13,14,13,12,19,13,17,13,14,16
10,17,10,14,20,20,18,14,17,14,14,18,19,19,11,20,16,20,18,11,10,17,13,20,19,15,12,15,18,11,11,10,16,12,13,11,13,14,12,19,17,19,11,17,15,13,16,15,17,18
19,12,20,17,16,11,17,15,13,13,18,12,19,17,16,15,10,17,11,10,19,20,12,17,10,13,15,18,14,13,17,10,19,10,15,12,16,16,12,11,14,10,19,13,18,18,17,14,15,20
10,15,10,11,12,12,20,16,17,18,13,14,10,18,14,19,20,14,11,11,19,11,17,10,19,12,10,14,17,13,15,18,12,18,17,20,12,16,20,17,11,20,17,18,15,12,20,20,19,20
12,17,18,20,13,11,20,14,14,14,11,15,17,17,16,12,17,18,15,20,19,20,15,11,11,13,20,11,13,14,12,18,11,13,17,16,11,12,19,20,14,10,19,14,19,19,11,12,16,14
14,13,14,17,13,12,15,14,17,18,19,16,10,16,16,17,16,20,12,16,14,17,10,20,18,10,16,16,16,14,17,12,17,13,17,15,14,15,12,12,18,19,20,14,20,14,14,17,16,13
15,14,20,13,19,17,10,11,17,11,19,11,13,19,19,11,20,19,13,19,19,12,14,16,12,15,13,11,20,10,10,16,16,13,18,16,13,20,11,13,20,10,14,12,14,16,17,11,12,18
20,10,20,10,12,20,16,10,18,18,10,15,10,12,11,14,13,18,11,15,11,18,15,14,14,11,14,16,12,20,12,19,14,11,14,14,11,19,15,12,18,13,19,12,18,13,12,20,11,14
14,17,20,19,11,17,14,13,16,11,20,14,12,17,18,12,10,20,11,11,12,16,12,16,17,16,13,20,14,11,12,14,16,18,19,11,11,20,18,17,14,19,15,12,20,18,16,13,16,17
14,15,10,10,18,18,19,17,15,16,20,17,19,19,18,15,19,14,19,20,13,12,14,15,14,13,12,15,16,16,12,12,13,18,11,17,16,13,11,12,11,16,17,15,15,15,20,14,19,14
18,10,18,12,20,14,14,16,13,11,20,18,18,16,12,18,10,14,11,14,16,16,10,18,19,17,17,11,14,16,18,11,13,11,12,20,18,17,15,16,10,14,17,15,20,11,15,10,19,20
16,10,16,14,13,19,20,13,15,12,14,17,20,16,11,18,18,12,20,14,14,16,13,17,12,17,14,18,10,13,13,10,14,16,17,16,20,11,14,19,17,10,10,16,15,16,12,17,20,10
11,10,13,16,12,14,16,19,18,15,13,18,17,15,11,17,20,16,16,19,17,18,18,15,16,17,20,14,16,11,20,20,14,11,12,17,14,10,10,17,20,16,13,20,16,12,11,17,15,13
10,17,16,14,17,18,13,13,15,15,14,16,12,15,11,11,19,20,20,18,19,14,10,14,14,11,12,16,10,13,10,15,17,14,12,14,11,16,10,19,13,14,19,16,10,20,13,18,11,20
15,16,20,10,12,16,20,17,13,15,12,18,17,20,14,17,15,18,17,17,17,19,16,20,13,10,10,11,14,19,16,12,19,11,10,14,19,16,17,12,16,16,10,11,14,17,18,16,13,17
13,17,14,12,14,12,16,18,20,11,14,19,20,16,18,15,20,12,20,16,15,18,17,10,19,17,17,18,19,19,12,15,13,10,11,14,20,15,15,16,16,14,11,10,16,17,17,11,19,10
18,17,12,14,11,18,12,16,20,19,19,13,19,13,15,14,11,20,12,20,14,11,15,18,14,13,10,14,18,12,18,17,19,15,13,15,14,11,11,16,17,20,11,13,10,14,11,20,19,17
10,10,18,11,14,10,15,13,16,19,11,17,14,17,16,19,15,19,16,17,13,16,18,18,10,17,19,18,19,11,15,12,16,15,10,12,17,12,20,11,12,19,12,16,16,10,20,18,16,17
14,14,13,13,15,15,11,19,17,14,17,17,20,10,11,18,19,13,15,19,11,13,20,19,14,18,10,12,10,17,11,13,10,19,16,20,10,10,19,10,15,18,19,19,11,11,19,13,17,19
10,13,11,18,17,16,18,17,20,16,11,11,14,11,18,10,20,14,14,13,18,13,10,18,20,12,20,19,15,12,11,16,19,10,13,14,17,17,13,12,20,11,16,17,15,16,18,10,13,19
11,11,20,20,11,19,16,11,13,14,14,15,12,11,17,11,14,11,14,15,20,10,12,14,17,10,15,11,17,14,14,11,17,12,18,18,20,17,13,19,11,19,19,16,19,15,13,12,12,15
17,16,18,20,18,15,11,16,10,14,16,11,12,20,13,11,12,12,10,11,18,10,19,14,17,20,12,13,16,17,17,13,17,16,13,17,11,15,19,18,15,15,18,19,15,15,13,15,17,19
19,13,20,15,10,10,17,15,19,18,12,15,14,16,16,15,18,18,20,11,13,15,20,11,18,20,20,13,16,17,10,19,18,18,12,11,16,18,18,10,15,10,10,11,16,20,14,16,19,16
15,20,20,19,15,11,16,13,16,14,14,15,11,15,10,11,10,14,12,19,17,18,19,17,15,12,15,14,11,11,11,13,13,16,15,19,19,16,16,13,11,18,11,10,13,18,12,18,17,11
10,18,16,19,15,18,20,13,16,17,19,11,13,17,15,18,14,15,11,10,17,15,12,12,12,17,20,17,19,18,14,14,20,11,12,19,13,16,12,15,13,10,20,12,18,13,15,16,15,16
14,16,19,14,13,12,18,12,19,12,18,11,17,18,11,11,14,13,16,18,13,10,16,14,10,20,10,19,18,16,14,20,14,10,15,11,18,10,18,20,13,18,10,11,20,11,11,20,15,14
11,20,15,19,19,19,16,11,10,20,11,19,12,15,18,14,13,15,14,16,20,10,18,14,15,13,16,13,14,20,10,20,19,17,19,13,15,11,18,18,11,16,11,11,12,20,17,14,14,12
19,12,13,20,16,19,18,13,10,16,13,12,16,10,16,19,15,14,18,14,16,14,12,14,10,10,19,20,13,14,17,15,17,10,12,14,10,12,13,16,15,18,17,15,11,17,15,15,12,20
13,19,14,14,12,19,13,10,16,14,14,13,17,19,13,10,15,17,13,13,10,16,13,18,16,15,12,20,17,19,16,16,13,15,16,11,14,12,20,11,16,18,16,20,14,13,12,13,17,19
19,19,13,12,14,19,19,14,18,15,10,17,11,10,18,20,17,17,12,20,20,18,13,19,13,16,10,19,13,17,10,17,16,11,14,11,13,13,12,16,12,19,14,10,11,20,18,20,10,20
14,19,12,18,10,16,15,11,17,11,18,20,10,15,18,20,12,19,13,14,14,17,10,15,16,11,16,14,16,18,14,18,11,18,19,11,10,11,17,20,12,11,20,17,20,16,14,13,13,17
11,19,18,11,18,12,19,15,17,16,18,12,12,15,15,15,18,18,11,15,19,13,12,18,17,16,10,14,18,16,20,16,15,12,14,20,13,10,15,16,18,14,13,20,14,16,12,14,12,11
17,17,11,15,16,17,13,19,12,19,10,14,13,18,17,15,11,16,16,17,13,14,16,13,17,10,18,18,16,19,19,20,13,12,12,14,18,15,18,18,13,19,16,17,13,16,16,11,18,19
12,10,11,20,17,12,12,14,10,13,15,18,14,19,17,11,18,20,13,15,15,13,19,11,13,13,14,11,12,16,15,20,20,13,12,16,10,18,18,20,11,13,13,10,18,15,15,15,15,15
12,17,11,11,14,18,18,14,15,11,10,19,13,14,18,11,20,12,17,11,13,11,15,11,15,14,20,13,18,18,11,17,13,15,16,13,17,17,10,10,15,16,14,11,20,20,18,14,12,17
13,15,15,16,15,15,11,18,12,18,17,18,12,20,16,15,10,19,11,17,14,10,17,10,14,10,10,13,19,16,15,14,12,15,10,20,15,11,11,14,17,20,15,18,10,18,11,11,10,17
12,14,15,20,10,18,13,12,10,20,19,10,10,13,16,14,15,15,12,15,12,20,17,20,19,13,15,11,11,16,14,18,11,17,11,15,19,15,19,10,12,18,14,11,15,11,11,19,15,12
14,18,13,19,16,17,13,16,12,16,14,20,16,18,12,11,15,10,10,11,11,17,11,14,20,11,13,13,11,10,11,12,14,11,13,18,14,13,15,11,11,14,13,12,18,20,13,18,11,13
18,20,14,20,19,16,19,18,14,11,10,13,19,20,18,17,10,12,17,10,10,15,14,19,10,15,19,10,15,10,17,14,18,10,17,13,14,15,15,12,10,15,13,16,12,13,17,11,19,13
13,12,18,13,12,12,13,10,18,11,14,18,13,16,20,11,14,11,17,15,10,11,19,16,14,15,15,18,20,20,13,13,19,19,14,18,19,14,12,20,16,14,18,18,16,15,10,19,10,16

The sequence dependent setup time of each job processed on machine 6.
(Where rows denote jobs: 1 to 50 and columns denote jobs: 0 to 50.For example:The value of Sijk is in row j,column i+1.)
20,10,12,13,16,14,15,14,16,15,13,11,20,16,14,20,15,18,17,10,10,17,12,17,12,15,14,19,13,11,14,18,13,14,18,10,16,10,15,17,10,17,16,12,14,13,19,19,16,17
18,14,15,16,13,17,15,20,13,13,16,10,11,12,12,11,10,18,18,10,14,13,18,15,11,12,17,12,14,20,11,16,20,19,16,14,15,12,12,13,10,18,13,12,18,18,14,14,10,10
11,11,14,14,18,14,12,14,17,18,12,15,12,19,20,15,20,19,19,20,18,12,13,16,17,14,18,17,10,14,18,11,12,15,17,13,19,16,16,20,14,14,18,19,16,13,17,20,11,16
12,11,17,16,20,20,19,17,20,13,13,16,13,14,20,14,17,17,11,17,20,15,19,20,15,15,16,15,19,11,16,19,14,14,16,20,15,14,16,20,16,18,14,14,17,13,18,15,16,12
10,13,10,11,20,10,20,13,10,12,12,14,11,10,10,13,18,15,16,20,15,18,16,10,19,20,18,20,11,19,10,16,16,11,11,12,12,13,12,12,15,12,12,15,12,11,11,19,18,13
18,15,13,15,10,20,10,13,16,10,14,10,11,20,10,14,13,18,10,20,15,20,19,19,14,13,12,19,20,12,15,15,20,10,16,12,15,11,16,19,17,16,11,14,16,20,13,11,13,20
13,17,10,20,17,19,10,16,17,18,14,11,18,20,14,19,18,19,13,12,17,10,15,11,19,16,20,13,13,18,14,20,11,15,19,10,14,14,10,15,15,14,12,10,19,13,16,14,12,16
20,14,14,14,14,18,11,16,16,10,18,20,17,12,13,18,16,19,10,13,11,12,12,20,13,11,12,20,14,17,20,19,13,14,18,18,16,12,19,14,17,11,16,10,20,20,14,10,14,16
18,11,17,15,10,16,19,12,17,17,14,12,19,20,13,19,18,16,19,20,19,20,14,17,20,14,14,13,20,11,13,16,11,13,10,16,20,11,10,13,19,18,14,12,14,19,11,11,15,16
10,19,17,13,12,13,14,17,14,19,12,18,17,14,16,10,12,15,11,11,10,13,10,11,15,15,19,18,15,11,13,15,20,14,18,11,12,14,12,17,17,19,10,11,12,12,14,18,13,12
13,16,14,20,14,12,10,12,17,11,10,14,17,10,15,18,11,16,10,20,13,12,18,18,18,10,10,13,11,19,17,18,12,15,11,12,20,11,14,12,18,11,14,16,15,15,19,14,15,18
18,18,14,19,10,12,12,11,15,11,15,15,10,19,15,17,19,20,12,17,10,20,18,10,18,19,18,13,17,10,13,13,15,19,18,11,17,10,20,17,10,20,11,16,11,13,16,14,10,20
13,19,20,16,13,14,10,14,19,10,11,19,12,15,13,10,15,16,17,17,11,20,10,12,10,15,18,17,12,20,15,17,12,14,18,19,17,15,17,18,14,12,13,13,12,20,15,20,20,10
18,16,15,12,18,17,14,20,13,13,18,19,17,19,14,16,13,19,18,20,15,14,18,10,19,15,10,15,13,17,14,12,13,16,10,15,18,10,12,16,16,20,20,15,19,11,16,12,15,10
19,18,18,11,12,15,16,17,17,14,20,14,10,14,15,11,11,18,11,10,20,11,13,16,15,12,12,20,12,15,16,11,17,16,20,15,15,15,16,19,14,14,18,15,13,19,14,20,10,11
11,20,11,11,14,18,15,19,13,19,20,12,12,15,13,14,13,16,12,18,20,17,13,14,18,11,15,20,11,12,17,20,13,15,20,15,17,14,18,18,16,13,12,20,16,20,15,15,13,16
12,18,19,18,20,20,19,14,18,15,16,18,11,15,14,18,18,16,16,13,16,14,16,16,12,15,19,14,15,20,17,14,14,16,18,20,15,11,11,14,18,15,18,20,10,14,18,12,17,13
17,20,19,16,18,18,15,20,10,19,18,17,10,13,16,10,13,19,14,15,11,19,19,18,19,12,14,19,16,15,16,10,18,18,14,10,16,15,10,11,16,11,13,14,17,13,11,20,14,20
12,20,19,19,15,19,16,18,17,14,16,10,16,17,13,13,19,17,15,15,17,11,12,20,13,20,19,11,17,19,19,19,10,14,13,16,10,13,16,19,14,17,18,20,18,12,20,13,20,17
10,10,16,19,15,15,12,12,17,15,17,20,19,14,16,14,19,11,10,12,20,17,20,19,16,20,18,13,13,18,15,14,10,18,20,19,11,16,19,15,20,16,18,20,13,17,13,16,16,15
20,14,17,11,20,19,19,16,14,12,10,20,17,19,16,18,15,18,13,20,14,14,13,15,16,20,20,17,11,13,14,11,17,20,13,10,18,20,15,14,12,13,20,17,11,15,19,17,19,15
20,13,15,19,18,10,18,16,17,12,12,14,17,19,14,16,10,17,19,13,12,10,15,11,18,16,15,19,16,20,14,10,14,20,19,10,17,18,13,12,15,14,14,18,16,15,11,18,15,15
11,12,14,18,10,12,14,17,11,19,19,17,14,11,18,16,20,14,10,20,13,20,15,12,14,20,13,11,14,12,10,14,20,13,12,10,18,19,11,15,12,17,11,13,11,19,18,10,12,20
13,15,15,20,20,10,16,18,10,16,20,12,15,12,12,20,19,17,19,18,18,12,12,20,18,19,15,12,20,20,15,18,14,11,11,10,19,10,12,12,11,13,13,19,19,15,17,13,18,10
13,15,13,14,16,17,17,15,16,14,16,13,12,13,11,16,15,13,16,17,14,13,16,20,15,10,10,20,15,17,20,10,13,11,13,20,20,11,20,14,18,17,16,20,13,14,12,18,19,20
10,19,15,13,18,16,13,16,19,19,18,11,11,20,11,18,14,18,10,11,10,15,11,11,13,13,15,12,19,11,11,16,17,16,15,13,10,10,19,16,10,20,16,15,17,18,17,17,10,17
12,10,16,13,14,20,19,18,19,19,19,10,13,11,15,11,13,20,19,17,20,20,14,14,14,12,20,19,14,17,10,16,12,19,13,13,19,19,16,10,19,16,18,18,18,12,17,17,10,19
11,11,10,16,10,19,17,17,17,20,16,19,10,17,16,16,12,15,20,15,10,13,16,15,16,16,11,15,10,12,17,13,16,11,12,13,10,18,17,11,15,18,13,11,14,11,19,17,11,17
20,14,10,18,20,17,14,10,17,18,15,10,18,16,12,11,18,10,12,11,12,20,18,11,19,16,12,14,16,12,18,20,17,10,20,20,20,20,20,20,18,13,14,11,10,18,20,13,19,12
12,19,17,18,13,20,18,14,17,19,19,16,20,13,16,14,18,19,10,14,17,18,10,11,17,11,15,20,15,17,13,10,12,17,20,11,19,20,10,13,17,19,11,17,18,12,16,11,18,18
19,16,11,11,19,14,13,20,20,17,18,11,16,11,17,17,15,11,13,11,17,20,13,17,15,15,14,13,19,19,20,15,13,17,16,19,16,18,10,14,15,13,16,11,10,13,11,14,16,20
16,16,15,12,14,17,18,12,13,11,13,10,12,19,20,10,18,13,16,10,18,17,20,14,16,19,11,15,20,12,15,18,12,18,12,18,17,15,12,17,10,13,12,11,18,16,12,20,17,20
10,10,18,19,19,15,17,18,20,12,20,18,20,20,20,20,14,11,13,14,11,14,16,19,13,10,17,13,17,18,20,12,18,12,14,16,12,12,12,15,11,15,14,18,15,10,13,16,14,13
12,20,13,18,14,12,14,19,15,17,12,17,17,18,15,11,17,19,12,14,18,11,11,11,14,17,15,14,18,10,18,10,10,14,19,12,18,20,14,12,20,16,11,16,14,12,15,15,13,10
17,14,15,16,11,11,11,10,18,13,13,17,10,11,16,20,13,13,16,16,15,16,18,20,10,19,12,13,19,12,13,17,13,17,18,12,10,20,13,18,18,19,17,10,13,16,18,20,13,14
11,13,12,15,16,16,13,17,14,19,11,16,16,13,19,16,16,17,13,13,15,11,11,12,12,11,16,17,12,17,20,20,18,11,13,20,15,10,18,15,12,14,13,17,20,12,10,10,11,19
12,11,10,15,10,10,12,20,15,15,20,13,12,11,12,12,18,11,18,11,13,20,15,11,10,18,16,11,10,19,15,16,18,17,20,19,16,11,17,16,11,12,18,20,16,19,19,19,19,19
11,17,15,18,14,10,18,20,16,16,16,14,20,12,15,15,14,14,20,11,12,11,16,18,16,19,15,15,13,15,15,10,12,14,14,16,11,20,13,15,17,15,11,14,12,13,18,10,14,14
12,18,13,14,17,12,13,12,12,13,17,19,20,15,15,11,15,12,18,11,20,10,20,14,17,18,18,18,14,10,19,15,14,20,12,17,12,17,13,12,18,16,17,17,16,20,20,15,17,11
10,12,17,14,16,20,11,15,15,10,17,12,12,20,13,16,17,15,19,17,11,19,17,15,10,14,16,15,12,17,17,20,11,19,18,16,12,10,11,16,16,20,16,20,14,15,12,14,17,10
19,19,14,13,19,14,17,20,18,13,14,14,15,14,14,14,17,15,13,11,20,17,16,11,12,14,13,18,19,10,20,15,18,19,10,15,17,11,15,12,16,19,18,16,16,13,12,12,16,18
14,13,16,19,13,12,18,16,18,11,20,15,17,17,20,14,11,14,15,12,20,20,12,12,15,20,10,17,12,20,18,13,12,10,19,16,20,10,16,14,16,16,12,18,13,17,17,18,12,18
19,19,17,12,13,11,17,18,16,16,13,18,11,17,13,17,12,18,17,14,16,16,13,12,17,12,11,17,13,15,14,16,19,12,12,18,19,14,10,12,20,13,20,10,14,12,11,15,15,12
10,18,20,13,10,14,18,17,16,11,10,19,17,20,12,12,13,19,16,18,12,17,19,13,17,16,15,14,13,16,17,19,15,16,11,11,15,13,18,16,19,18,20,11,10,16,16,17,16,18
10,18,19,17,12,19,18,20,17,13,10,19,13,14,14,11,14,10,20,15,19,13,10,14,13,12,10,18,10,17,19,19,14,11,18,20,12,13,12,20,17,19,18,12,15,18,15,14,12,13
17,14,11,14,18,12,20,18,10,10,15,19,14,14,16,20,13,20,14,19,11,19,16,13,13,19,19,12,10,20,13,10,18,17,18,15,10,10,18,20,13,15,10,12,12,17,19,10,15,18
16,10,13,20,11,14,13,19,20,14,12,12,12,16,10,18,13,10,10,17,19,20,20,12,17,17,12,16,16,10,12,14,15,20,12,10,10,17,11,17,17,10,10,18,20,11,13,19,13,20
17,20,15,20,17,18,17,20,12,19,12,19,12,19,11,15,19,15,20,14,15,10,20,18,12,20,19,14,19,14,17,14,16,20,11,13,19,10,19,16,10,16,14,20,19,20,10,10,18,19
12,13,12,15,15,10,13,15,19,10,20,14,20,16,17,12,14,18,18,10,20,10,12,10,20,17,13,11,11,12,15,20,10,14,10,17,14,15,12,12,10,19,16,11,20,19,17,17,19,17
17,14,12,10,19,17,10,12,18,14,10,15,10,10,16,19,16,15,10,18,12,19,14,18,18,20,11,18,13,13,11,17,10,10,15,14,18,20,20,19,13,20,13,16,19,11,12,17,14,13
10,17,10,12,14,15,15,18,10,13,14,15,16,19,16,12,11,18,10,10,10,18,11,14,14,17,19,19,11,12,18,11,18,13,18,18,10,18,14,10,15,18,18,15,15,15,19,10,10,10

