The number of jobs:
50
The number of machines:
6
The number of vehicles:
6
The number of workers:
4

The processing time of each order processed on different machines:
(where rows denote machines: 1 to 6 and columns denote orders: 1 to 
50)
34,28,22,37,21,36,24,38,23,25,34,34,34,20,40,20,37,27,22,31,24,31,39,39,39,28,33,36,33,22,27,24,38,35,34,39,27,26,25,39,29,24,40,34,36,24,21,21,25,32
38,24,39,32,34,29,39,20,40,22,32,38,38,33,25,37,24,30,29,30,21,37,20,37,34,21,34,21,33,31,40,26,20,37,24,36,34,22,32,36,38,21,25,23,22,27,37,23,38,21
20,29,23,24,26,35,37,20,40,30,20,29,30,23,22,23,33,27,24,32,25,38,35,33,33,37,23,32,21,29,30,22,33,39,34,38,20,34,40,34,26,33,24,38,30,24,23,30,37,36
37,29,26,36,20,30,28,26,32,20,32,38,31,32,20,28,30,34,31,29,40,40,39,40,30,28,32,29,20,27,30,25,20,35,37,27,32,21,37,29,25,33,38,23,40,32,28,26,26,21
36,24,24,25,27,32,36,37,34,21,27,25,24,37,20,22,25,36,26,36,28,31,24,35,36,35,34,29,40,23,30,23,39,39,27,24,22,27,39,37,25,39,21,24,33,26,21,25,37,29
39,24,30,23,22,36,33,39,22,38,21,22,29,34,28,32,39,24,31,23,34,26,26,20,35,34,31,26,29,24,27,31,28,20,35,39,31,23,33,33,40,35,21,40,22,34,37,25,33,28

The coefficient of each worker on each machine:
(where rows denote workers: 1 to 4 and columns denote machines: 1 to 
6)
1.5,0.75,1.25,1.5,0.5,1
0.75,1,1.5,1.25,1.5,1.25
0.75,1.25,1.5,1.5,0.5,1.5
1.5,1.5,0.75,0.5,1.5,0.75

The unit processing cost of machines:

6,9,9,9,9,7

The unit idle cost of machines:

2,1,4,3,2,5

The distance between each location:
(where rows and columns denote locations: 0 to 50)
0,83,104,37,79,16,11,96,133,66,22,69,99,96,121,40,76,103,75,107,81,77,128,109,36,128,20,38,48,46,64,104,92,20,51,115,40,95,70,100,97,94,83,75,68,108,87,22,69,75,60
83,0,186,99,146,67,89,84,145,148,103,57,182,178,204,86,93,137,148,187,60,39,211,161,52,211,63,121,110,84,53,117,175,76,133,36,55,152,153,65,174,92,57,16,79,111,67,103,120,24,137
104,186,0,93,65,119,97,186,197,53,83,154,35,38,48,110,135,123,52,60,179,170,52,96,135,35,124,66,87,116,164,148,42,118,64,215,134,86,35,198,74,157,182,179,157,186,167,88,124,179,77
37,99,93,0,47,44,27,131,170,76,28,60,101,99,125,16,49,66,49,116,114,77,131,72,47,124,47,43,12,23,97,73,97,57,64,123,44,59,65,132,113,71,115,96,105,145,74,47,103,99,81
79,146,65,47,0,89,68,174,205,78,60,100,88,88,109,60,74,58,14,110,159,119,114,39,94,99,93,58,36,64,142,83,89,98,75,167,91,25,55,178,115,96,161,144,146,184,109,77,132,147,95
16,67,119,44,89,0,23,88,131,82,36,58,115,111,137,41,72,105,87,121,71,63,144,116,22,144,4,54,56,45,53,101,108,19,66,100,28,103,85,89,111,88,72,59,62,103,77,37,74,60,74
11,89,97,27,68,23,0,106,143,64,14,67,96,92,118,33,69,93,65,106,91,78,125,98,38,123,27,33,38,39,74,96,90,30,50,119,40,85,64,110,98,88,93,82,79,118,85,24,77,83,62
96,84,186,131,174,88,106,0,62,135,115,125,166,162,183,128,154,191,169,160,24,116,189,203,96,199,85,124,143,130,38,182,158,76,122,115,103,190,152,26,142,162,27,69,29,28,142,101,72,61,114
133,145,197,170,205,131,143,62,0,144,146,180,169,165,178,171,203,235,196,154,84,173,183,239,146,199,130,148,180,176,94,232,160,114,137,177,153,225,168,86,134,215,88,129,71,34,198,128,74,121,121
66,148,53,76,78,82,64,135,144,0,52,131,34,30,55,90,125,131,65,41,130,142,62,117,102,65,86,33,77,97,117,146,26,73,16,181,104,103,26,149,38,147,134,138,106,133,147,45,71,137,24
22,103,83,28,60,36,14,115,146,52,0,79,82,79,105,40,76,93,54,93,102,91,112,93,52,109,41,19,36,47,85,101,76,39,38,133,54,79,50,121,87,97,104,96,87,124,96,19,76,97,53
69,57,154,60,100,58,67,125,180,131,79,0,160,157,183,44,36,80,107,172,103,20,190,108,37,184,56,98,67,38,87,60,155,77,116,68,30,100,125,114,165,37,101,64,108,148,19,90,132,71,129
99,182,35,101,88,115,96,166,169,34,82,160,0,4,23,117,149,146,74,24,163,173,30,124,134,32,119,62,99,124,150,166,9,107,49,214,135,113,37,182,39,171,167,172,139,162,175,79,99,171,53
96,178,38,99,88,111,92,162,165,30,79,157,4,0,26,115,147,145,74,23,159,170,33,124,130,36,115,59,98,122,146,165,5,103,45,211,132,112,35,178,36,169,163,168,135,158,173,75,94,167,49
121,204,48,125,109,137,118,183,178,55,105,183,23,26,0,141,172,167,95,24,182,196,7,143,156,24,141,85,122,147,170,189,29,128,71,236,158,132,60,200,44,194,185,193,156,175,199,100,112,192,70
40,86,110,16,60,41,33,128,171,90,40,44,117,115,141,0,37,64,64,131,109,61,147,78,36,140,43,57,25,7,91,64,113,57,78,108,31,67,81,125,127,57,109,85,103,144,58,56,109,89,93
76,93,135,49,74,72,69,154,203,125,76,36,149,147,172,37,0,44,84,165,132,56,178,73,58,168,73,92,49,30,115,29,146,91,113,102,50,68,112,146,162,22,131,98,132,173,37,93,145,104,129
103,137,123,66,58,105,93,191,235,131,93,80,146,145,167,64,44,0,72,167,171,100,172,36,97,158,107,103,58,61,154,31,145,121,123,146,90,38,111,187,169,55,171,141,167,208,78,113,169,147,143
75,148,52,49,14,87,65,169,196,65,54,107,74,74,95,64,84,72,0,96,156,125,100,52,96,86,92,49,40,69,139,96,75,94,64,172,93,39,41,175,102,106,158,144,141,177,117,70,123,147,83
107,187,60,116,110,121,106,160,154,41,93,172,24,23,24,131,165,167,96,0,161,183,30,147,142,46,125,74,117,138,150,185,22,111,56,221,145,135,56,179,20,187,164,176,134,152,189,85,89,173,50
81,60,179,114,159,71,91,24,84,130,102,103,163,159,182,109,132,171,156,161,0,92,189,186,75,195,67,114,126,110,18,160,155,63,116,93,82,174,144,19,144,139,4,45,28,50,119,91,76,37,111
77,39,170,77,119,63,78,116,173,142,91,20,173,170,196,61,56,100,125,183,92,0,203,128,41,199,60,110,85,56,79,78,167,80,127,48,38,120,139,101,174,52,90,50,103,140,28,99,133,57,137
128,211,52,131,114,144,125,189,183,62,112,190,30,33,7,147,178,172,100,30,189,203,0,148,163,23,148,92,129,154,177,195,36,135,78,243,165,137,66,207,49,200,192,200,163,181,205,108,119,199,77
109,161,96,72,39,116,98,203,239,117,93,108,124,124,143,78,73,36,52,147,186,128,148,0,114,130,119,96,60,78,168,67,126,128,114,175,109,14,93,203,154,89,187,162,177,216,110,112,169,167,134
36,52,135,47,94,22,38,96,146,102,52,37,134,130,156,36,58,97,96,142,75,41,163,114,0,161,20,72,59,36,58,87,127,40,87,81,8,103,102,90,133,69,75,49,75,115,56,58,95,53,96
128,211,35,124,99,144,123,199,199,65,109,184,32,36,24,140,168,158,86,46,195,199,23,130,161,0,148,90,119,147,182,182,41,138,80,242,162,121,60,214,66,191,199,202,171,194,198,109,130,201,85
20,63,124,47,93,4,27,85,130,86,41,56,119,115,141,43,73,107,92,125,67,60,148,119,20,148,0,58,59,46,49,102,112,20,70,96,26,106,90,85,114,87,68,55,60,101,76,41,75,56,77
38,121,66,43,58,54,33,124,148,33,19,98,62,59,85,57,92,103,49,74,114,110,92,96,72,90,58,0,46,64,98,115,57,52,21,152,73,81,32,134,70,114,117,113,95,129,114,23,74,113,40
48,110,87,12,36,56,38,143,180,77,36,67,99,98,122,25,49,58,40,117,126,85,129,60,59,119,59,46,0,29,109,69,97,68,67,132,55,47,63,144,115,72,127,108,116,156,79,55,112,111,86
46,84,116,23,64,45,39,130,176,97,47,38,124,122,147,7,30,61,69,138,110,56,154,78,36,147,46,64,29,0,93,58,120,62,85,104,30,68,88,127,134,50,111,84,107,148,51,63,115,89,100
64,53,164,97,142,53,74,38,94,117,85,87,150,146,170,91,115,154,139,150,18,79,177,168,58,182,49,98,109,93,0,144,142,47,102,89,65,156,129,36,134,124,19,37,26,61,105,76,71,30,100
104,117,148,73,83,101,96,182,232,146,101,60,166,165,189,64,29,31,96,185,160,78,195,67,87,182,102,115,69,58,144,0,165,120,136,120,79,68,130,174,184,27,160,124,161,202,52,119,173,131,154
92,175,42,97,89,108,90,158,160,26,76,155,9,5,29,113,146,145,75,22,155,167,36,126,127,41,112,57,97,120,142,165,0,99,42,207,130,114,35,174,32,168,158,164,130,153,171,71,89,163,44
20,76,118,57,98,19,30,76,114,73,39,77,107,103,128,57,91,121,94,111,63,80,135,128,40,138,20,52,68,62,47,120,99,0,58,111,47,115,83,82,98,107,65,65,48,88,96,30,55,64,61
51,133,64,64,75,66,50,122,137,16,38,116,49,45,71,78,113,123,64,56,116,127,78,114,87,80,70,21,67,85,102,136,42,58,0,166,89,100,32,135,49,134,119,123,93,123,134,30,62,122,20
115,36,215,123,167,100,119,115,177,181,133,68,214,211,236,108,102,146,172,221,93,48,243,175,81,242,96,152,132,104,89,120,207,111,166,0,80,168,183,93,209,93,89,52,115,143,68,136,156,58,172
40,55,134,44,91,28,40,103,153,104,54,30,135,132,158,31,50,90,93,145,82,38,165,109,8,162,26,73,55,30,65,79,130,47,89,80,0,98,103,97,137,62,82,54,82,123,49,61,102,59,100
95,152,86,59,25,103,85,190,225,103,79,100,113,112,132,67,68,38,39,135,174,120,137,14,103,121,106,81,47,68,156,68,114,115,100,168,98,0,80,191,140,86,175,152,163,203,105,98,155,156,120
70,153,35,65,55,85,64,152,168,26,50,125,37,35,60,81,112,111,41,56,144,139,66,93,102,60,90,32,63,88,129,130,35,83,32,183,103,80,0,164,61,134,147,145,123,154,140,53,94,145,48
100,65,198,132,178,89,110,26,86,149,121,114,182,178,200,125,146,187,175,179,19,101,207,203,90,214,85,134,144,127,36,174,174,82,135,93,97,191,164,0,161,151,17,52,45,53,129,111,93,44,130
97,174,74,113,115,111,98,142,134,38,87,165,39,36,44,127,162,169,102,20,144,174,49,154,133,66,114,70,115,134,134,184,32,98,49,209,137,140,61,161,0,184,148,162,117,132,182,75,70,159,37
94,92,157,71,96,88,88,162,215,147,97,37,171,169,194,57,22,55,106,187,139,52,200,89,69,191,87,114,72,50,124,27,168,107,134,93,62,86,134,151,184,0,138,100,144,184,25,112,162,108,150
83,57,182,115,161,72,93,27,88,134,104,101,167,163,185,109,131,171,158,164,4,90,192,187,75,199,68,117,127,111,19,160,158,65,119,89,82,175,147,17,148,138,0,42,32,54,117,94,81,34,115
75,16,179,96,144,59,82,69,129,138,96,64,172,168,193,85,98,141,144,176,45,50,200,162,49,202,55,113,108,84,37,124,164,65,123,52,54,152,145,52,162,100,42,0,63,95,77,93,105,8,125
68,79,157,105,146,62,79,29,71,106,87,108,139,135,156,103,132,167,141,134,28,103,163,177,75,171,60,95,116,107,26,161,130,48,93,115,82,163,123,45,117,144,32,63,0,41,127,72,49,56,86
108,111,186,145,184,103,118,28,34,133,124,148,162,158,175,144,173,208,177,152,50,140,181,216,115,194,101,129,156,148,61,202,153,88,123,143,123,203,154,53,132,184,54,95,41,0,166,108,64,87,110
87,67,167,74,109,77,85,142,198,147,96,19,175,173,199,58,37,78,117,189,119,28,205,110,56,198,76,114,79,51,105,52,171,96,134,68,49,105,140,129,182,25,117,77,127,166,0,108,151,85,147
22,103,88,47,77,37,24,101,128,45,19,90,79,75,100,56,93,113,70,85,91,99,108,112,58,109,41,23,55,63,76,119,71,30,30,136,61,98,53,111,75,112,94,93,72,108,108,0,57,93,39
69,120,124,103,132,74,77,72,74,71,76,132,99,94,112,109,145,169,123,89,76,133,119,169,95,130,75,74,112,115,71,173,89,55,62,156,102,155,94,93,70,162,81,105,49,64,151,57,0,100,47
75,24,179,99,147,60,83,61,121,137,97,71,171,167,192,89,104,147,147,173,37,57,199,167,53,201,56,113,111,89,30,131,163,64,122,58,59,156,145,44,159,108,34,8,56,87,85,93,100,0,123
60,137,77,81,95,74,62,114,121,24,53,129,53,49,70,93,129,143,83,50,111,137,77,134,96,85,77,40,86,100,100,154,44,61,20,172,100,120,48,130,37,150,115,125,86,110,147,39,47,123,0

The weight of orders:
10,18,18,13,20,16,11,11,20,14,19,17,18,14,13,11,16,17,17,14,18,13,19,14,14,16,16,17,13,12,18,18,11,15,17,18,15,14,18,16,11,10,17,11,20,10,13,10,17,18

The unit tardiness penalty of orders:

10,6,7,8,10,9,8,9,9,10,10,8,10,8,10,6,7,9,6,10,8,6,9,6,9,10,9,8,9,10,7,10,9,7,7,10,10,9,10,10,9,10,10,7,9,8,10,7,8,10

The due date of orders:
647,210,197,294,103,237,658,387,859,542,342,478,710,240,186,427,487,668,327,400,210,871,732,508,506,250,665,209,455,334,368,588,458,861,349,178,445,723,181,500,601,586,560,142,548,483,505,678,670,572

the loading and unloading time of each order:
3,5,5,3,5,4,3,3,5,4,5,4,5,4,3,3,4,4,4,4,5,3,5,4,4,4,4,4,3,3,5,5,3,4,4,5,4,4,5,4,3,3,4,3,5,3,3,3,4,5

The sequence dependent setup time of each job processed on machine 1.
(Where rows denote jobs: 1 to 50 and columns denote jobs: 0 to 50.For example:The value of Sijk is in row j,column i+1.)
20,19,14,20,11,12,20,14,18,15,20,19,10,18,19,16,15,10,15,10,11,13,18,17,17,10,11,17,15,20,14,13,19,19,12,19,20,13,16,13,19,13,14,19,12,20,20,13,13,15
10,18,11,19,10,19,15,18,13,16,14,20,19,14,19,13,11,15,10,13,12,15,12,15,16,13,16,13,11,10,15,11,14,15,11,13,20,20,10,20,10,10,19,15,19,16,20,15,16,12
18,19,14,10,15,17,19,17,15,16,17,12,11,20,13,17,10,19,19,18,10,17,11,13,11,10,10,18,17,13,16,19,15,15,19,11,18,14,13,20,13,14,14,14,12,12,12,18,17,15
16,17,10,18,12,13,10,13,14,12,15,15,17,10,10,14,16,19,20,12,11,18,18,11,15,19,12,20,14,10,12,12,14,15,18,14,20,15,17,12,19,10,10,11,19,14,19,20,10,13
11,14,13,14,20,11,17,19,11,11,12,16,20,15,16,14,19,14,13,12,18,12,11,11,11,13,16,17,16,20,12,17,20,15,11,14,14,20,17,11,19,15,10,18,11,17,17,20,16,16
18,16,12,13,17,19,13,20,16,13,11,18,15,19,20,19,12,15,18,14,19,16,15,11,19,16,12,12,19,11,17,19,17,13,11,14,12,16,19,13,19,14,16,10,16,13,14,13,15,12
14,16,15,16,18,20,19,10,10,19,17,17,13,19,10,17,13,16,10,20,16,18,11,17,15,11,16,14,19,19,14,13,17,19,19,16,15,13,11,14,11,12,15,11,15,16,13,16,18,17
17,16,13,20,12,11,13,11,12,17,12,19,16,16,14,16,15,14,19,16,20,20,14,17,14,16,12,14,17,17,12,17,13,10,12,13,16,12,16,17,19,11,17,17,18,13,12,20,20,14
18,10,17,11,12,19,13,16,11,11,10,16,13,16,10,19,12,11,20,18,20,16,10,16,18,18,10,12,12,19,16,15,10,10,20,12,14,14,14,14,17,10,15,20,14,19,17,16,15,11
20,16,12,14,16,17,19,11,20,14,19,17,13,15,17,10,13,16,10,17,16,10,16,13,20,14,11,19,15,11,11,17,19,19,20,19,16,10,18,18,12,15,15,16,15,20,14,17,14,16
18,20,10,20,20,14,17,13,18,16,12,17,12,18,20,11,13,16,15,16,11,12,11,18,18,17,19,12,17,14,10,12,18,18,19,14,14,11,19,10,13,10,15,20,12,19,15,15,11,11
18,12,15,17,20,19,14,13,14,20,17,11,12,14,14,18,17,17,16,15,17,13,16,11,14,13,13,10,17,20,17,17,18,13,11,19,20,16,10,20,13,12,11,15,10,14,13,17,20,16
11,14,15,10,12,17,16,14,20,11,13,10,11,18,15,12,14,13,15,10,15,15,20,17,12,12,18,11,18,10,19,11,20,11,19,18,16,13,17,13,13,11,19,11,10,17,19,16,20,16
14,12,18,15,19,16,10,19,17,17,12,10,13,15,10,11,16,10,19,12,14,12,10,13,14,19,12,20,15,13,16,18,13,13,20,16,16,20,17,17,14,18,10,20,18,15,18,18,17,18
15,13,15,17,19,19,13,10,19,20,20,15,18,12,15,20,18,18,19,13,16,16,20,13,17,16,12,19,14,12,19,14,13,18,12,10,10,17,10,15,19,18,17,17,14,10,11,16,15,12
17,20,12,17,17,16,19,10,19,20,15,16,16,17,20,10,20,10,20,18,18,11,15,13,13,11,14,14,15,15,20,11,15,11,17,13,19,19,12,18,12,10,12,17,19,11,16,13,16,18
19,16,10,10,18,19,10,14,11,16,17,16,20,15,20,11,15,12,12,20,12,14,10,12,15,11,13,11,11,12,16,12,11,16,10,10,19,13,15,13,14,12,10,13,11,17,12,16,11,14
18,20,20,20,20,20,15,18,11,14,11,12,19,18,12,19,10,14,16,13,19,19,20,20,17,11,10,20,12,18,20,13,11,10,16,16,18,19,13,18,15,14,17,18,20,18,20,11,11,20
13,18,17,16,15,14,12,16,20,13,12,14,16,18,16,15,14,16,19,11,19,12,14,11,12,18,18,12,18,15,14,20,10,15,12,16,19,16,13,10,10,16,15,15,14,17,13,11,11,19
12,17,13,17,20,20,10,20,15,13,18,17,20,14,15,15,20,11,15,19,15,17,17,17,17,13,20,14,13,18,12,13,11,15,14,20,10,15,10,18,19,15,18,18,19,15,17,18,12,13
10,20,12,20,13,14,18,19,12,14,14,18,10,10,19,18,14,15,15,17,18,20,18,17,16,19,10,16,13,16,14,13,16,10,20,12,18,13,12,12,18,16,10,19,15,14,15,14,12,17
17,14,11,16,19,14,18,11,14,11,13,13,19,11,16,10,12,12,11,16,18,13,14,11,17,15,12,15,13,11,13,12,10,16,17,14,18,12,20,16,19,20,13,17,10,18,10,13,17,12
11,19,16,15,20,11,18,19,10,10,20,17,17,10,10,17,11,14,15,15,15,16,12,12,12,11,19,13,15,15,11,13,15,13,11,12,13,19,11,12,19,13,12,15,14,19,14,12,12,13
13,16,14,12,19,15,20,14,11,17,11,17,18,12,19,13,10,18,15,11,16,10,20,20,20,18,19,10,12,14,11,17,11,16,10,20,10,10,10,14,20,13,18,10,12,10,13,18,20,10
18,15,17,11,14,15,20,12,18,13,14,15,20,12,20,19,18,18,17,14,12,17,11,10,13,14,15,17,12,19,16,20,16,19,11,10,10,20,10,11,12,13,18,15,15,12,20,14,13,19
20,15,13,14,20,15,10,19,18,15,18,11,17,11,15,19,14,20,11,19,13,18,16,15,18,14,12,19,16,15,18,18,15,13,16,20,10,10,19,10,20,19,18,13,18,18,12,14,17,12
17,20,20,11,20,10,16,20,11,20,18,13,15,11,12,20,15,16,15,19,18,14,17,10,14,17,16,16,14,12,10,17,16,16,10,20,16,16,15,14,14,17,14,19,20,19,17,13,13,20
14,14,19,14,13,17,20,19,13,12,11,10,15,19,12,10,14,15,15,11,10,12,11,15,16,17,20,10,15,17,18,11,13,19,17,12,19,19,12,13,15,18,16,19,16,19,10,15,13,10
16,11,18,13,10,15,16,18,12,18,17,20,14,12,10,13,11,19,19,15,13,17,13,11,20,11,13,17,17,14,12,18,11,18,19,16,17,14,19,16,11,16,18,10,13,10,20,19,19,20
10,15,20,10,16,17,11,12,18,13,10,20,14,14,18,16,20,20,20,18,17,11,12,14,12,19,18,19,20,16,13,17,19,18,10,10,10,20,16,13,10,15,17,12,15,17,10,13,10,20
20,20,19,20,19,17,20,19,15,18,19,14,19,14,17,15,14,20,20,10,13,13,10,13,16,12,19,12,11,14,19,10,20,19,17,12,14,14,18,11,17,19,19,15,19,13,13,13,12,17
11,17,12,14,10,17,19,15,11,19,18,13,12,18,18,18,17,19,14,18,18,16,18,14,11,12,10,19,14,20,12,15,13,11,18,19,15,12,20,11,19,19,20,11,10,16,19,18,12,17
19,12,19,19,12,10,20,16,15,12,12,15,18,14,19,16,19,20,16,15,11,16,15,13,13,18,10,12,19,11,17,18,15,20,12,19,15,18,19,11,10,18,10,18,15,11,14,19,13,16
14,19,10,10,17,12,17,10,15,11,12,17,20,14,20,12,10,17,14,12,20,11,20,19,10,19,10,15,13,18,19,19,12,12,12,13,12,10,18,20,10,18,17,14,16,16,17,12,17,17
14,12,16,19,17,12,19,20,14,10,12,18,12,19,12,20,19,20,16,19,12,16,14,14,10,19,20,11,13,17,12,10,10,10,14,12,12,14,11,15,12,16,17,12,19,14,20,19,18,14
12,16,12,13,16,18,10,17,18,15,10,17,15,17,20,14,15,10,17,14,12,15,11,10,16,12,14,16,16,11,17,14,13,19,12,12,13,11,17,18,15,18,11,20,18,20,19,13,10,18
18,13,18,11,12,15,13,16,20,13,11,18,16,14,19,19,19,12,17,18,19,16,15,13,19,18,14,11,10,11,18,17,16,11,13,17,13,20,15,12,20,15,10,20,16,14,11,20,12,18
10,14,10,14,10,14,20,19,20,10,10,15,11,16,19,13,15,20,15,10,16,11,15,12,18,10,10,13,17,11,19,14,10,14,11,10,18,20,16,20,14,15,18,10,17,11,10,16,20,17
12,11,12,16,10,11,16,13,17,15,16,16,17,12,14,19,14,20,14,11,10,10,11,17,13,17,10,20,11,11,20,18,13,10,16,20,15,12,13,16,19,20,16,13,15,20,13,10,19,14
17,20,12,20,20,19,16,20,12,17,16,20,14,18,17,19,15,15,16,10,18,12,13,11,16,12,10,15,20,12,15,15,17,17,14,16,16,11,11,13,16,10,17,18,16,10,10,13,19,18
15,20,17,16,13,10,14,15,15,20,11,11,12,12,11,19,13,11,11,12,15,19,12,12,20,19,18,20,13,15,16,11,10,14,17,15,19,18,20,10,20,20,16,19,12,20,18,20,19,12
16,13,11,11,14,17,15,14,13,12,20,19,19,11,17,16,18,10,12,12,17,19,19,20,14,18,17,15,11,11,19,17,14,10,15,10,19,18,18,12,17,14,20,15,11,14,16,17,17,18
19,15,15,13,12,14,10,19,19,14,17,15,20,20,20,12,12,12,11,19,11,17,18,11,16,10,10,11,15,14,19,14,20,14,13,19,18,18,15,12,16,10,17,18,10,15,17,19,15,12
20,20,19,17,10,15,10,13,14,18,15,20,18,16,11,19,11,18,11,19,20,18,17,19,14,19,11,18,14,16,13,12,10,12,13,15,15,17,11,15,18,11,13,12,14,11,14,19,13,13
11,16,15,10,11,20,11,10,14,14,18,10,20,19,12,16,17,13,11,10,10,16,20,15,11,18,17,12,20,15,15,17,10,15,19,16,13,12,17,12,16,15,15,13,19,19,13,19,20,20
19,12,12,18,11,17,20,18,18,15,16,14,13,20,19,20,15,17,11,20,12,19,14,20,10,15,17,16,11,19,18,12,17,18,20,11,13,11,17,10,10,18,13,18,12,13,14,17,20,17
18,15,14,16,14,16,13,11,16,17,11,11,10,17,10,17,11,11,16,14,10,12,12,15,13,19,10,11,10,17,18,16,13,10,10,11,14,16,19,18,17,18,14,11,14,17,19,19,17,12
15,17,10,14,15,11,20,18,20,12,14,20,19,12,17,10,15,17,17,12,15,11,16,14,11,18,16,16,17,13,18,17,17,18,19,10,10,20,10,20,15,20,17,20,18,13,19,14,11,18
11,19,19,10,12,12,12,13,14,14,17,15,18,14,18,10,14,13,14,18,14,19,19,17,12,19,17,15,11,10,20,20,16,13,20,13,17,19,20,16,19,10,15,20,19,19,10,20,13,13
10,15,20,15,19,11,11,19,18,20,16,15,18,20,13,13,12,11,18,16,11,11,16,19,18,18,10,15,10,13,16,10,19,16,18,12,12,12,17,12,14,11,20,10,12,19,13,12,19,16
17,17,16,20,14,17,18,18,16,17,19,18,13,12,13,11,18,17,12,12,14,14,10,10,12,15,11,18,20,20,13,20,18,18,10,16,18,11,10,17,20,10,11,16,12,16,14,18,20,11

The sequence dependent setup time of each job processed on machine 2.
(Where rows denote jobs: 1 to 50 and columns denote jobs: 0 to 50.For example:The value of Sijk is in row j,column i+1.)
14,17,14,12,18,15,13,17,16,12,18,17,10,14,19,20,11,17,20,13,12,14,12,15,11,13,11,17,12,20,15,12,16,10,19,14,14,20,12,16,12,19,15,17,11,20,11,15,20,12
15,14,11,16,14,10,11,15,11,15,12,12,14,13,17,11,20,13,11,10,17,11,14,17,14,16,10,20,19,15,19,11,13,16,18,11,15,10,18,14,18,10,12,19,14,20,17,15,14,12
12,11,10,14,10,10,16,17,15,12,15,14,19,20,12,16,16,19,18,10,19,19,20,12,19,12,12,17,14,13,10,14,13,12,20,19,13,16,12,14,16,13,12,15,16,18,10,11,19,10
12,10,12,13,10,20,20,17,16,19,14,19,16,17,19,15,10,12,11,16,11,20,16,12,12,11,17,18,12,13,17,13,18,10,11,10,19,19,20,18,14,10,13,14,13,13,17,14,20,10
17,10,16,10,15,10,12,12,12,18,11,20,11,13,17,19,17,10,14,10,20,20,13,20,15,10,12,13,20,17,13,17,12,19,12,12,16,16,16,10,17,17,20,14,10,14,12,16,11,13
10,10,10,15,12,18,19,15,11,14,11,18,14,18,20,14,13,14,13,20,15,12,10,18,11,16,10,20,16,12,18,17,15,18,20,13,15,13,14,15,10,18,11,20,10,11,15,12,15,17
13,11,16,11,18,15,11,17,13,16,18,18,16,13,15,10,15,14,18,20,20,12,14,10,20,10,12,11,20,16,16,14,14,17,19,15,20,13,16,11,20,14,20,20,20,17,16,13,18,15
19,10,15,12,14,10,11,18,17,20,18,18,20,20,13,12,16,16,15,20,13,20,15,18,19,10,15,13,14,12,14,20,13,17,14,12,12,20,10,10,10,20,13,16,11,18,12,14,20,17
12,12,16,20,20,10,11,20,14,10,17,12,15,20,15,20,14,12,11,20,12,16,16,14,18,20,18,19,14,20,19,14,12,19,18,10,13,18,19,10,19,15,14,15,10,19,13,13,13,11
15,16,10,15,14,20,13,19,11,19,10,20,15,16,19,16,16,12,11,15,11,12,15,13,10,12,10,11,17,10,12,16,14,17,14,11,17,14,17,18,10,16,19,11,19,13,12,13,12,15
11,15,18,18,11,12,15,11,20,20,13,11,16,14,17,18,13,10,13,15,17,13,13,17,18,10,20,18,10,15,16,14,16,19,15,19,19,14,15,16,16,15,12,15,20,20,11,11,17,17
14,19,12,17,16,16,16,12,15,19,17,18,13,15,10,19,14,16,18,13,13,13,20,16,15,19,20,16,14,14,13,16,16,15,16,15,11,14,14,19,17,15,17,18,10,19,17,14,20,14
11,12,14,14,16,10,17,10,17,18,13,12,15,18,16,17,12,12,15,20,19,20,16,16,13,11,14,13,15,16,17,19,18,12,17,17,20,20,14,20,10,15,15,11,15,19,12,18,12,17
19,19,14,15,19,18,19,19,10,17,14,18,10,20,19,12,10,14,17,13,17,13,17,20,17,17,15,15,20,14,16,19,10,13,14,15,15,10,16,19,16,15,17,18,12,18,12,15,12,14
16,20,10,13,20,18,11,19,14,19,10,17,18,17,11,10,15,13,18,11,11,16,20,11,10,19,14,14,19,13,17,18,13,18,12,16,11,19,13,12,18,14,20,14,11,12,15,16,18,10
20,14,11,15,14,11,18,13,19,14,13,16,10,20,20,18,10,20,20,10,15,15,10,13,19,14,13,11,19,20,14,20,14,20,17,15,10,20,10,20,15,14,20,11,11,18,20,15,20,16
17,11,11,15,12,13,10,16,13,20,16,19,14,17,19,20,18,15,20,12,18,18,12,12,16,20,16,13,15,20,19,15,15,12,18,11,14,19,13,13,11,14,14,13,20,12,15,11,10,19
14,13,11,19,15,18,11,12,14,12,19,15,17,20,14,13,14,13,14,13,16,10,11,14,18,17,13,14,10,19,18,14,15,10,20,19,11,17,11,14,10,12,12,15,17,14,14,14,11,16
20,16,15,11,15,12,16,14,13,12,12,16,18,19,11,18,15,16,12,15,18,10,17,20,14,13,16,12,12,11,16,19,12,13,19,18,19,13,16,15,16,20,14,20,19,20,16,11,20,13
15,20,10,19,13,12,13,20,19,17,12,13,14,13,15,14,19,16,14,13,10,12,19,16,17,18,17,12,19,19,11,19,11,20,20,15,11,20,12,19,11,20,13,11,12,16,13,14,17,15
12,20,13,19,11,19,14,11,15,16,13,20,10,11,12,11,10,15,19,16,15,10,10,13,10,13,20,12,11,19,19,11,14,19,18,16,17,17,10,15,17,18,19,10,10,17,10,15,15,20
12,19,20,17,18,20,18,16,13,16,18,12,12,13,12,15,20,12,16,16,16,17,16,10,19,17,20,20,13,12,13,10,15,17,20,19,19,16,20,11,16,16,13,11,10,13,16,17,19,18
12,14,20,17,16,12,11,18,18,12,14,15,20,11,12,16,12,20,11,17,14,14,12,14,18,14,20,17,12,17,19,18,10,15,12,20,11,19,19,11,20,17,16,18,14,17,13,13,17,14
20,17,10,18,13,11,17,17,13,16,17,13,14,15,15,16,15,11,10,11,19,11,12,20,20,12,13,20,15,15,12,10,12,13,20,11,13,16,19,17,15,20,12,12,19,17,18,12,12,11
13,11,16,16,12,14,15,18,20,19,11,18,11,14,20,10,12,10,14,18,15,15,17,19,16,20,15,13,18,19,20,17,12,18,13,20,12,18,15,14,10,11,15,20,19,16,20,10,20,20
16,18,18,19,15,14,17,15,13,10,16,20,17,16,16,15,19,12,11,19,12,18,19,18,11,16,18,15,10,13,13,18,12,17,15,18,17,17,16,17,11,10,11,11,12,19,14,15,20,17
11,17,17,20,13,15,11,15,16,19,18,19,20,20,18,17,19,15,13,11,11,20,13,12,13,12,15,12,17,17,16,11,17,16,12,13,11,18,18,17,10,11,11,12,18,15,12,20,13,20
15,19,16,18,15,12,18,12,15,13,18,17,13,12,12,14,18,15,18,19,13,13,15,11,16,15,19,17,12,14,13,20,13,17,14,10,18,15,11,18,12,10,16,12,16,17,17,14,18,15
15,14,16,10,12,15,11,15,15,20,20,15,11,20,12,17,10,18,19,10,17,14,19,19,16,15,17,11,11,19,19,12,20,16,11,15,18,11,20,11,12,20,13,10,18,19,12,19,17,14
15,18,15,12,10,10,16,17,20,12,14,20,12,11,15,18,20,18,11,14,18,17,14,10,12,14,16,14,16,18,12,20,15,19,20,14,19,19,13,10,15,15,16,20,20,16,13,12,17,17
12,14,18,11,16,17,11,12,17,15,10,20,13,17,10,18,12,11,17,10,18,14,20,11,11,18,18,18,15,16,12,10,15,12,19,13,11,13,18,11,11,13,18,17,14,20,19,14,16,14
17,20,14,17,17,13,16,15,14,19,17,13,18,19,14,19,17,20,20,18,15,13,10,17,18,18,20,18,10,12,15,10,18,12,19,15,17,15,17,18,19,17,17,10,12,15,13,11,15,15
19,11,14,14,11,12,20,16,14,10,19,12,14,13,17,15,11,13,19,12,12,20,15,16,18,14,14,11,16,14,10,18,14,17,14,11,15,10,20,10,13,19,19,12,11,13,20,11,17,10
11,12,14,11,19,13,13,18,18,16,16,12,11,18,20,15,19,16,19,10,10,10,13,20,16,15,15,18,10,16,15,17,11,16,19,16,19,17,17,12,15,16,15,19,11,20,15,19,14,10
19,14,14,17,12,18,14,20,11,19,16,12,17,11,12,10,13,13,10,18,14,17,10,15,20,20,16,15,16,13,16,10,13,14,17,10,19,14,10,17,10,13,19,15,13,14,10,18,14,17
15,15,10,13,16,20,13,18,13,20,14,15,13,13,14,12,10,15,12,14,20,10,12,20,17,18,20,19,17,18,15,19,20,14,12,16,10,20,19,20,15,20,18,10,10,10,17,17,19,20
19,20,14,14,18,13,16,15,10,18,11,19,13,12,11,20,15,18,14,12,18,11,20,19,18,10,17,15,20,10,11,15,19,11,14,16,20,14,14,20,10,19,16,16,20,19,10,17,16,16
18,10,20,19,14,18,13,18,12,18,13,15,17,15,10,11,19,19,18,15,11,19,19,10,12,20,20,17,14,18,12,19,19,11,14,13,17,10,18,11,16,20,13,20,14,14,13,18,13,19
12,16,13,18,12,16,12,13,17,18,14,17,12,15,18,18,16,17,14,16,15,13,19,15,20,11,20,19,15,13,11,12,17,11,10,15,11,13,10,17,19,20,13,20,19,15,11,11,11,20
15,11,11,12,16,20,19,16,20,19,16,11,20,19,16,20,18,11,17,12,19,18,10,12,11,18,17,15,14,18,20,16,11,15,16,13,16,17,16,11,12,19,15,10,13,12,16,10,18,12
11,18,17,17,17,18,16,14,14,14,14,13,19,17,15,11,14,17,17,11,17,12,10,10,19,11,10,14,10,13,17,16,19,20,15,10,11,17,14,13,15,11,19,17,17,14,10,14,17,10
12,10,13,10,19,13,17,14,13,13,10,20,10,12,16,10,19,10,16,18,12,11,10,19,18,17,18,18,16,10,17,14,12,13,10,15,18,13,10,19,20,12,13,17,19,15,11,16,19,19
15,14,10,17,18,20,12,16,17,18,10,14,14,20,10,19,14,10,13,19,20,14,12,19,13,10,12,14,16,10,19,20,20,12,20,14,15,12,18,17,12,17,17,14,15,16,15,17,13,19
12,15,14,14,17,15,18,16,19,15,16,19,13,15,15,20,20,19,15,17,19,18,16,16,20,13,11,12,16,10,17,12,11,20,10,12,20,16,16,11,10,17,16,16,20,19,18,12,10,18
15,15,15,10,12,19,16,15,17,10,10,20,19,20,14,13,17,15,20,15,16,11,20,14,16,11,12,11,19,11,11,17,13,14,15,14,19,17,17,19,12,16,17,17,15,14,17,10,19,12
15,19,20,11,17,19,18,10,17,13,10,14,10,15,14,11,13,11,18,20,12,18,11,14,10,18,11,19,16,18,13,16,15,15,10,14,13,18,13,20,17,17,16,16,16,19,15,19,14,18
11,17,18,15,15,17,18,20,17,15,19,10,20,11,16,14,11,11,16,10,16,11,11,13,11,11,10,14,18,11,14,10,12,20,11,18,12,10,10,17,13,15,13,12,17,16,14,20,19,19
14,20,11,12,12,20,19,10,12,12,10,14,18,18,15,15,19,12,19,15,20,19,15,10,16,20,14,20,14,17,20,11,16,11,12,13,13,10,12,10,18,18,18,15,10,13,13,11,12,20
16,17,15,14,15,16,13,17,20,15,17,13,18,14,16,16,19,10,12,16,18,20,20,11,10,20,18,20,17,15,19,14,12,12,18,10,13,14,10,18,10,15,14,11,20,10,13,10,11,17
12,13,16,10,10,11,20,19,18,20,20,19,12,18,16,16,17,18,10,18,13,12,12,12,14,11,20,17,11,12,19,13,18,14,11,19,16,13,13,17,20,11,16,20,20,13,10,17,20,19
12,19,17,19,13,13,15,20,13,12,17,12,13,14,15,18,15,18,18,20,20,10,16,15,20,15,13,19,18,13,11,18,19,15,16,15,13,10,17,16,11,19,12,16,20,16,16,14,10,19

The sequence dependent setup time of each job processed on machine 3.
(Where rows denote jobs: 1 to 50 and columns denote jobs: 0 to 50.For example:The value of Sijk is in row j,column i+1.)
19,20,17,12,13,16,10,11,17,11,18,16,18,12,15,15,16,12,17,13,16,12,17,12,14,19,13,12,12,20,19,20,10,10,16,13,11,17,12,19,13,20,17,12,19,19,17,19,13,20
11,12,14,18,10,12,13,20,18,20,14,18,20,20,16,20,13,12,14,20,16,13,16,12,19,18,15,14,12,14,20,10,19,16,10,14,16,11,10,18,15,11,20,18,14,10,18,20,10,13
12,14,16,13,17,16,12,12,16,18,11,19,12,19,17,14,18,10,10,14,13,11,13,13,15,14,12,19,20,18,12,17,20,16,19,10,14,12,17,17,16,10,10,20,12,17,13,18,13,18
10,18,16,16,12,18,18,19,16,15,14,18,12,10,13,15,12,14,14,18,17,18,14,10,11,18,17,14,18,14,12,20,13,12,13,18,13,19,17,16,17,16,10,14,16,13,11,12,12,14
11,10,10,13,13,17,12,12,17,11,15,18,16,10,20,17,16,19,13,11,13,17,14,15,18,13,11,10,20,15,20,10,14,13,14,15,17,16,15,16,17,13,10,13,18,14,17,17,18,13
10,19,12,20,13,10,12,15,17,11,20,16,19,13,12,20,16,14,14,20,20,17,12,14,16,19,20,10,15,18,16,20,20,10,11,18,18,18,12,11,11,12,11,13,16,15,18,13,16,15
13,13,12,18,20,15,14,19,17,16,13,19,10,19,20,20,13,18,16,17,12,19,18,19,19,13,15,10,19,16,16,17,17,15,19,14,20,16,19,19,20,20,12,19,10,16,11,11,13,15
18,12,16,19,11,14,11,16,20,10,14,19,10,15,19,15,19,16,13,16,10,11,12,13,17,19,18,18,14,16,18,18,18,18,20,15,13,17,16,10,10,11,18,20,19,12,18,20,13,20
10,10,14,17,11,11,13,20,20,11,16,15,11,14,19,14,20,19,15,11,16,11,19,10,18,20,15,13,13,12,15,14,13,20,11,15,12,13,10,20,17,20,18,15,14,14,11,11,17,16
10,15,12,11,13,15,14,17,11,15,10,18,13,10,15,13,16,20,12,15,15,13,16,20,14,16,14,14,10,13,18,12,11,11,18,20,10,12,15,17,19,15,10,18,11,20,16,13,11,19
11,16,17,11,19,13,13,10,11,11,15,17,14,15,15,10,15,20,19,16,14,19,14,11,14,19,14,15,20,10,15,20,11,17,17,16,17,20,15,11,17,13,12,17,17,13,17,11,20,16
10,18,17,20,16,19,17,19,17,18,13,11,18,10,15,20,17,19,16,11,12,15,18,17,19,10,19,17,20,16,17,11,11,14,15,19,19,15,19,15,19,14,17,18,19,11,19,14,16,18
13,16,20,18,16,19,17,13,16,17,10,10,14,20,12,13,19,14,10,19,12,16,11,19,17,19,12,20,20,19,12,13,11,15,12,10,17,15,16,20,20,15,18,16,13,15,20,13,19,11
10,17,18,16,17,16,20,13,18,16,20,18,10,10,18,17,15,18,10,19,15,18,15,13,16,15,18,13,20,17,20,16,19,15,15,10,16,15,15,19,13,17,16,11,11,10,15,20,14,15
10,11,18,17,14,20,10,18,17,10,15,11,16,13,14,18,15,17,15,10,11,11,17,15,17,11,18,16,17,10,15,10,12,11,10,18,16,11,15,18,15,19,14,14,14,15,18,20,15,16
11,16,16,16,10,19,13,14,16,12,10,20,20,19,16,18,11,12,12,12,20,20,13,11,13,10,12,15,14,11,13,13,13,16,11,17,16,10,10,13,16,15,17,13,19,17,14,15,17,13
18,15,13,17,20,17,16,15,15,11,15,11,11,20,17,16,10,12,15,19,14,12,14,14,15,18,18,10,17,19,15,19,16,16,19,13,15,20,16,11,17,10,18,19,13,14,13,19,17,19
20,13,18,13,10,18,15,12,20,16,15,15,17,11,18,18,14,17,14,12,14,17,17,17,11,10,15,12,18,18,13,18,11,16,19,10,18,11,13,11,19,18,11,10,10,11,16,15,11,11
16,14,19,20,14,11,12,17,15,13,20,10,16,20,18,19,10,17,19,17,20,20,15,10,20,11,10,16,16,19,13,16,14,20,13,20,16,14,20,12,16,17,12,13,16,18,17,11,14,17
16,14,13,13,18,15,10,11,13,19,18,13,13,17,19,14,17,14,16,18,11,13,14,14,15,14,12,18,15,19,14,19,10,20,10,17,12,11,18,15,19,20,16,18,13,15,11,12,13,10
13,20,12,18,17,18,14,10,19,10,17,19,11,13,20,15,10,10,14,16,11,13,19,11,19,20,19,14,11,20,15,14,20,15,10,19,13,14,11,10,12,18,10,13,14,19,11,11,20,11
10,15,12,13,12,19,20,12,12,14,14,15,16,14,16,19,15,13,16,16,17,18,12,15,17,20,17,13,15,20,17,12,12,19,12,11,10,14,19,19,18,17,19,12,10,10,18,15,12,10
18,20,10,17,19,10,12,13,19,14,11,10,15,11,18,17,17,11,12,11,12,10,17,14,12,11,12,20,11,10,17,13,12,20,10,13,13,20,17,14,12,20,20,10,20,10,19,20,11,14
11,20,18,12,11,12,20,12,19,14,11,19,17,15,16,10,13,12,12,19,10,11,20,13,10,19,20,13,10,15,10,10,17,19,11,16,20,16,17,12,19,12,12,12,11,14,13,15,18,20
13,12,13,17,17,17,20,14,18,20,13,12,18,19,16,16,12,16,13,17,19,10,19,11,14,14,10,16,15,20,12,20,18,12,11,18,17,14,12,12,11,20,14,12,16,19,11,17,17,12
12,10,11,13,11,15,15,14,20,16,16,10,14,12,13,13,12,15,17,13,19,12,11,12,14,10,14,14,16,12,20,15,16,11,10,19,12,17,19,11,11,15,17,18,16,10,10,10,18,17
18,16,16,13,11,16,14,16,16,19,20,11,18,11,20,12,10,13,16,20,14,12,14,16,16,16,17,11,16,10,20,14,20,16,14,17,11,15,10,19,20,11,17,15,10,12,19,14,14,18
11,18,13,20,19,14,11,12,10,13,15,13,17,14,10,11,19,20,15,15,13,20,19,12,17,13,12,20,12,13,14,10,10,20,17,12,19,10,12,10,17,18,19,15,13,13,19,11,11,12
20,20,17,13,14,16,20,14,18,15,14,13,17,19,15,16,14,20,18,16,11,12,16,19,16,14,12,15,14,12,18,12,17,11,16,11,15,10,18,10,13,18,11,18,10,10,20,13,18,18
16,12,11,15,17,17,18,17,19,11,10,15,18,12,10,18,11,14,15,17,17,16,14,10,12,12,16,15,20,11,16,15,18,17,11,19,16,19,16,17,18,15,11,10,15,17,16,17,15,20
13,14,16,16,16,15,20,15,13,18,15,17,16,20,11,18,14,18,18,19,11,20,15,19,18,19,20,16,16,18,19,16,20,20,16,11,15,17,15,15,18,12,13,19,15,13,10,18,14,19
18,10,19,16,15,13,18,19,16,18,15,18,18,13,17,15,16,16,20,10,10,20,10,19,11,20,16,19,15,12,17,20,15,20,12,11,18,19,10,18,20,18,12,15,19,11,20,14,11,20
12,16,11,19,10,19,10,20,18,15,10,19,20,13,17,15,20,10,15,10,15,17,17,17,12,16,15,20,19,12,10,12,14,13,19,18,16,12,17,18,15,19,13,10,11,19,14,20,15,10
12,17,11,18,16,20,14,13,13,11,18,19,11,18,17,16,14,20,12,20,20,17,16,15,10,15,20,12,16,16,15,19,10,14,14,15,18,10,18,17,15,12,14,14,18,12,15,17,12,16
14,10,19,15,13,12,14,14,11,20,16,19,17,18,12,10,10,19,20,10,19,19,17,17,16,13,18,13,16,19,17,20,18,20,16,14,18,12,18,11,14,13,19,17,19,11,13,10,14,19
17,19,10,17,19,11,10,14,16,10,14,17,14,13,11,12,14,17,17,11,11,11,12,12,15,16,14,19,10,12,11,15,14,13,17,19,19,10,10,18,19,12,14,14,20,15,17,16,18,12
11,18,15,11,12,15,16,17,10,20,16,16,11,14,17,12,14,17,18,20,12,17,12,12,18,14,13,18,14,16,15,13,14,17,20,20,14,15,18,14,19,17,13,11,18,15,18,16,10,20
12,11,16,20,20,11,17,16,20,10,12,11,19,15,11,12,12,12,18,17,16,11,15,15,15,16,18,19,18,13,11,20,20,20,20,13,19,16,17,16,11,20,17,16,14,19,12,19,16,19
11,16,19,16,19,20,15,17,11,10,15,17,13,19,20,13,20,16,11,16,19,17,19,12,16,12,13,20,20,12,14,20,16,17,15,11,13,13,11,14,17,13,13,12,13,20,17,17,14,10
16,12,15,14,18,12,17,10,19,18,18,18,15,18,14,11,17,12,13,15,15,12,20,10,19,18,15,14,12,15,17,11,12,12,19,19,20,14,15,17,13,12,17,11,14,20,10,10,16,20
15,10,12,12,19,12,18,14,11,17,14,20,18,10,13,13,14,15,11,20,11,10,13,20,18,15,15,10,14,13,13,20,15,15,17,19,12,20,12,15,19,10,15,13,17,15,14,11,20,10
19,11,18,10,10,11,11,15,15,11,11,18,17,17,11,12,10,18,11,20,11,17,16,10,19,16,18,15,16,18,13,17,20,13,13,17,18,20,16,12,17,18,20,20,15,13,14,18,18,13
15,17,11,17,13,20,15,18,20,20,16,16,15,16,20,11,12,14,18,17,18,19,11,18,14,14,17,10,15,16,17,16,17,13,14,14,11,12,14,20,16,15,14,14,20,18,20,10,15,11
17,12,19,10,16,10,12,14,19,10,11,20,20,13,17,11,17,12,12,20,14,13,10,16,17,12,20,14,18,12,11,14,15,15,10,15,10,19,13,17,19,14,20,20,18,15,16,20,13,12
18,13,15,18,11,18,20,14,12,15,19,20,20,19,11,10,14,12,14,18,14,10,18,12,12,20,20,11,14,13,14,13,16,14,18,11,14,18,11,17,11,18,14,14,10,19,12,20,13,18
18,11,14,14,10,11,13,12,10,15,17,14,15,20,16,14,10,17,18,13,15,19,11,13,20,19,13,18,11,17,14,14,17,19,14,10,12,17,18,15,19,14,12,11,20,19,16,19,15,16
20,20,17,19,16,18,19,11,18,14,19,12,15,10,12,14,18,18,15,18,11,14,17,11,20,17,17,19,15,17,18,12,20,19,19,16,17,20,19,20,16,13,15,17,18,13,11,10,15,12
16,11,14,19,12,12,13,11,18,11,20,17,10,20,18,16,10,12,17,16,18,16,16,14,15,20,19,15,15,15,12,15,16,14,14,20,17,17,16,19,18,18,17,17,20,18,10,14,19,17
14,10,10,10,17,10,15,15,11,16,10,18,10,16,20,14,10,19,20,14,18,17,16,15,12,19,12,20,13,12,11,16,12,13,13,18,19,19,18,17,14,15,19,11,19,11,16,19,18,18
19,16,13,16,11,16,12,13,19,11,20,10,18,18,11,17,12,18,17,19,14,17,11,20,18,15,19,13,10,16,17,14,18,15,13,13,10,13,14,14,11,20,11,17,19,19,20,18,20,18
12,17,19,20,18,19,11,11,17,20,12,12,18,12,13,11,14,16,15,10,17,20,12,10,20,18,12,17,18,14,18,10,20,11,17,11,14,10,18,19,11,15,13,14,18,19,15,20,18,12

The sequence dependent setup time of each job processed on machine 4.
(Where rows denote jobs: 1 to 50 and columns denote jobs: 0 to 50.For example:The value of Sijk is in row j,column i+1.)
12,15,17,19,16,20,15,16,15,19,16,18,12,15,19,15,16,14,15,17,10,15,12,14,20,11,15,12,13,12,17,15,20,20,18,20,15,11,10,19,19,12,19,18,16,16,19,11,11,18
10,17,10,15,16,18,11,12,10,19,12,14,10,19,19,19,16,18,16,19,20,15,18,17,19,17,18,17,13,12,20,17,18,12,12,18,19,18,20,12,13,10,19,20,16,10,16,11,16,15
16,19,10,15,11,18,17,20,18,14,19,14,18,11,18,18,11,14,14,18,16,11,20,20,12,14,11,18,20,12,13,19,13,11,14,16,19,12,12,18,15,18,18,13,14,10,17,18,18,15
17,13,14,16,10,18,17,18,14,10,18,10,17,10,15,10,19,19,13,16,19,10,10,18,12,20,12,19,11,16,17,16,19,20,12,10,10,15,15,20,11,15,16,10,10,10,12,19,11,10
20,18,14,16,10,15,14,16,18,18,16,19,17,14,19,18,20,10,18,11,18,14,18,20,15,10,17,20,16,19,18,13,10,17,12,13,18,18,10,16,14,20,12,16,11,18,19,13,15,14
13,14,11,13,10,11,16,19,20,16,17,12,13,10,12,16,16,12,13,15,10,12,12,14,11,12,18,12,19,18,18,12,20,19,14,19,19,15,10,16,20,19,19,20,17,11,14,17,12,13
11,11,13,12,20,18,17,15,14,11,14,19,19,17,17,12,12,11,12,19,20,20,14,16,10,14,20,17,18,16,10,10,13,10,19,11,10,16,15,13,20,20,13,18,15,19,19,10,15,20
16,13,20,13,20,19,11,18,17,19,13,15,14,17,13,14,15,13,19,11,14,10,11,17,12,15,20,17,13,12,17,16,10,14,15,12,13,15,15,17,17,20,15,18,11,15,10,16,13,11
11,20,17,11,10,19,13,16,18,15,16,14,19,17,10,10,18,13,20,17,16,10,11,14,17,10,14,20,18,14,11,14,10,18,17,17,15,16,17,18,13,18,10,10,19,10,15,19,13,14
20,15,15,13,20,16,11,10,16,16,19,20,14,11,11,11,10,14,10,11,10,10,20,18,16,13,15,16,13,19,13,12,13,15,18,17,20,19,19,13,13,14,17,18,13,20,17,14,11,20
10,17,20,16,14,12,13,13,10,18,12,15,12,18,17,13,12,17,15,10,13,18,13,18,10,10,13,13,19,19,11,17,20,15,18,10,11,13,20,19,10,17,19,19,18,10,19,17,18,10
10,16,13,19,10,12,10,10,20,19,14,18,15,14,16,14,19,18,18,14,13,20,14,17,15,17,20,13,11,12,17,18,12,12,15,13,20,16,12,14,14,12,13,17,17,16,14,13,11,17
19,11,14,14,12,10,18,15,10,18,11,20,15,10,19,16,14,19,11,18,15,14,18,19,12,20,14,11,19,11,13,10,13,13,17,10,18,13,12,19,16,11,12,15,10,18,15,17,15,19
16,16,12,15,18,16,17,17,19,17,13,14,19,16,17,19,17,19,14,11,19,16,15,17,13,16,10,11,11,17,20,15,17,10,13,18,17,15,14,15,18,14,14,13,11,18,20,17,16,17
20,13,14,17,12,10,14,12,17,17,20,16,20,15,11,16,16,19,20,16,12,10,20,17,14,19,10,13,18,20,14,10,20,20,19,13,12,17,14,20,12,18,10,11,14,13,20,20,10,17
12,14,19,12,16,17,20,14,18,10,11,16,20,12,13,14,13,13,16,14,17,10,11,14,20,17,17,15,18,19,18,14,13,15,12,18,11,11,11,17,19,16,18,19,13,11,15,16,15,17
11,19,16,19,13,10,15,16,16,12,15,10,13,17,17,19,17,16,18,12,12,19,20,15,16,11,10,16,16,12,14,18,16,11,18,15,11,12,16,17,10,18,20,16,16,13,18,20,13,13
14,18,16,10,15,13,13,16,19,14,19,14,20,13,16,15,12,18,17,12,13,10,17,12,16,16,20,15,15,19,15,12,16,13,13,18,12,19,12,17,20,19,16,11,14,15,18,11,20,20
12,19,15,20,12,10,14,18,12,13,18,10,10,14,20,18,13,10,18,18,20,20,13,12,12,20,18,18,14,15,20,17,19,10,19,15,19,20,17,15,16,20,10,20,13,18,10,17,11,20
18,12,16,13,17,18,16,17,13,17,19,20,13,18,19,16,12,11,20,12,17,20,14,18,19,10,16,10,11,17,10,12,16,12,11,17,17,15,17,10,11,12,11,19,13,18,11,12,17,15
20,20,11,14,12,13,18,19,11,13,16,13,12,13,16,11,19,20,16,17,13,20,19,13,12,18,18,13,14,17,18,19,10,13,10,13,12,20,12,17,15,11,12,10,16,13,18,19,19,13
19,16,18,17,12,12,11,12,20,20,16,20,10,16,11,17,13,16,12,16,13,13,12,18,14,13,17,12,16,13,12,17,16,19,19,13,14,18,17,15,16,17,16,16,16,11,15,16,18,20
20,17,19,17,13,15,16,12,14,10,17,20,12,17,13,10,14,12,20,10,18,15,20,15,10,17,12,11,12,12,10,12,16,13,10,18,12,10,11,16,15,20,16,20,15,13,18,19,19,12
20,10,19,14,15,20,11,15,10,20,13,11,16,16,13,10,19,14,12,16,12,11,20,15,16,20,10,11,20,20,18,20,17,20,12,18,13,11,19,15,14,13,11,15,10,20,18,14,10,13
20,14,19,19,12,16,14,16,16,16,17,13,13,19,14,15,15,16,11,16,17,18,11,11,15,10,17,15,12,15,18,20,14,17,17,19,20,14,13,17,14,13,19,15,11,16,20,12,18,19
13,15,17,13,13,16,12,15,11,20,19,19,15,16,18,16,12,20,16,14,15,18,14,15,13,12,16,19,10,16,17,13,16,14,15,19,17,10,19,15,14,18,16,12,19,18,12,17,16,20
10,19,14,13,10,11,14,15,18,12,20,17,17,20,18,18,17,15,16,13,15,14,14,16,13,17,14,12,11,12,17,20,12,18,14,13,17,17,15,15,14,13,18,10,20,11,11,10,14,11
15,20,11,16,11,14,19,17,13,16,18,18,12,10,10,17,14,11,17,20,16,12,15,13,12,14,11,16,14,17,16,19,12,14,18,18,13,19,18,12,11,17,17,16,15,11,11,19,12,14
10,15,17,20,15,11,19,11,19,11,11,13,11,19,14,10,12,18,16,12,15,11,13,10,19,13,16,20,10,20,17,13,17,12,10,17,12,10,13,19,17,17,19,18,20,15,15,17,18,18
13,20,11,19,20,20,14,10,10,10,17,13,14,14,19,10,15,19,15,15,15,18,11,10,14,16,16,12,20,10,15,20,19,16,16,14,10,15,10,12,20,19,20,17,16,15,12,16,10,16
12,17,14,10,14,12,16,19,18,19,14,12,15,10,14,17,15,13,15,20,15,10,20,18,17,15,20,20,18,12,13,10,17,14,14,16,13,12,15,12,10,14,13,16,10,11,12,14,12,18
13,10,12,14,15,10,14,11,13,17,15,20,12,14,14,19,10,12,16,17,19,12,13,11,20,11,18,15,18,14,19,14,18,13,14,11,11,16,18,14,14,13,12,13,12,19,19,15,13,18
14,11,15,20,11,10,18,10,10,10,18,16,16,14,18,16,15,14,19,12,10,16,15,20,12,18,13,12,16,17,13,10,18,14,16,14,14,12,15,12,17,14,12,11,12,12,19,10,20,15
18,13,17,13,12,10,19,18,16,13,12,11,11,16,18,12,18,18,11,11,11,17,12,15,19,12,17,11,14,15,15,18,14,14,20,17,20,15,11,20,18,13,15,17,18,20,14,12,11,18
11,17,17,13,15,20,12,10,20,12,17,18,10,11,12,15,19,20,17,16,11,10,13,17,12,16,20,10,13,17,14,15,13,13,18,15,19,10,17,12,15,14,20,17,18,10,20,13,17,19
17,16,19,13,12,18,10,15,17,10,11,20,15,12,19,17,16,15,19,18,13,10,11,18,11,14,14,12,12,16,17,10,19,16,18,11,20,12,16,17,11,14,11,15,13,15,12,13,10,16
14,15,20,19,13,15,12,11,14,15,14,20,12,18,13,12,11,10,12,19,12,20,14,17,11,10,18,17,19,16,11,15,11,18,10,18,15,11,16,12,16,14,20,15,14,14,10,13,13,18
12,18,19,15,12,12,18,20,13,18,12,14,12,19,20,20,16,10,15,10,11,16,17,20,12,15,16,20,15,10,15,19,14,17,12,16,14,16,20,13,17,15,11,18,17,20,13,13,15,15
11,10,19,15,14,13,17,13,18,10,20,13,14,16,20,15,12,11,11,19,17,10,11,12,11,16,13,12,10,11,10,12,10,10,20,17,15,13,11,18,12,12,20,10,15,13,13,14,10,17
11,17,15,15,17,20,14,12,18,20,13,12,20,20,13,11,15,10,15,13,11,17,17,14,10,17,20,19,17,15,20,12,10,12,15,19,13,13,11,18,12,18,18,20,14,12,18,16,11,10
14,16,20,19,17,13,10,13,17,19,16,13,12,18,14,20,16,14,14,20,14,17,12,10,13,20,13,12,16,11,10,20,20,17,17,12,10,12,19,16,20,16,12,14,10,20,11,16,11,15
15,12,10,12,10,17,13,13,16,20,20,20,20,16,16,12,10,10,11,19,19,12,15,12,13,14,15,14,17,20,17,18,15,14,16,11,12,10,20,13,20,14,19,20,17,19,18,10,15,16
12,15,17,10,12,13,15,19,12,11,11,14,16,11,10,20,20,20,13,13,11,20,20,13,14,12,20,13,12,16,13,13,20,11,10,20,20,17,18,16,17,19,11,19,16,10,13,19,20,18
11,19,14,11,15,20,19,10,13,16,15,19,20,13,10,11,10,13,10,17,17,12,13,11,17,10,17,12,17,18,18,15,15,16,16,19,13,14,12,13,11,19,12,19,17,15,16,16,13,12
19,10,19,11,18,18,13,12,14,11,18,17,19,16,10,17,16,12,20,10,17,17,11,14,17,15,18,16,14,11,16,12,16,13,12,19,13,17,14,11,10,13,18,11,15,20,14,19,16,13
17,11,14,19,14,16,13,11,20,12,18,17,16,20,14,18,12,10,11,19,16,17,12,15,18,15,20,16,17,12,14,14,13,20,17,10,20,14,12,11,16,19,20,17,18,12,12,11,19,14
15,18,17,13,17,16,17,18,20,18,18,14,13,18,18,11,14,16,10,12,16,20,19,15,10,18,13,12,13,16,19,20,19,11,11,13,10,14,12,12,13,20,19,14,13,19,15,15,14,15
18,12,11,12,19,19,20,12,19,12,18,19,20,17,13,16,11,15,15,12,13,18,12,13,10,11,14,14,11,16,11,17,16,17,13,16,15,11,20,11,18,18,11,13,19,11,10,19,13,19
10,16,18,14,11,18,12,16,12,11,19,20,15,15,16,10,14,14,14,18,11,19,13,11,10,15,20,13,20,15,20,10,10,15,18,11,17,11,20,12,16,11,14,15,10,12,18,19,20,12
14,15,20,10,13,17,14,12,14,12,13,16,12,17,20,11,10,18,15,16,12,14,17,19,15,20,14,10,14,13,15,19,11,14,12,16,15,18,19,19,14,17,14,11,15,19,10,13,10,11
18,13,15,13,19,19,20,16,11,17,17,14,13,19,10,10,10,13,11,19,20,19,20,19,18,17,16,18,18,13,14,13,12,10,13,14,12,12,11,17,11,17,19,17,17,17,15,19,16,20

The sequence dependent setup time of each job processed on machine 5.
(Where rows denote jobs: 1 to 50 and columns denote jobs: 0 to 50.For example:The value of Sijk is in row j,column i+1.)
11,19,13,17,20,10,10,15,16,12,14,10,17,10,12,14,11,11,14,20,19,20,16,18,15,14,15,19,16,20,19,12,20,15,20,16,14,20,20,16,19,18,13,17,10,16,11,15,15,17
14,17,16,11,19,15,20,19,14,19,15,19,15,12,17,20,12,20,19,19,18,12,14,15,19,16,11,18,18,10,15,11,12,10,20,11,12,16,12,19,17,17,12,13,20,15,17,13,16,12
11,11,17,19,19,11,10,11,14,11,10,18,16,15,13,11,14,20,19,13,19,16,20,17,17,13,10,17,12,11,15,16,11,13,14,14,18,11,13,13,13,19,20,19,15,11,20,10,20,11
20,12,10,19,20,20,13,18,16,13,11,18,17,19,12,12,18,11,14,10,20,19,14,12,13,13,20,16,20,13,20,18,13,20,17,12,20,19,14,14,10,17,18,16,11,15,15,16,14,11
12,12,17,18,19,16,16,18,12,14,19,12,11,11,11,20,12,11,14,15,20,11,13,16,20,19,19,16,20,17,12,12,13,17,10,16,19,13,13,20,14,18,11,13,14,10,12,14,12,14
12,18,20,15,18,16,13,11,16,13,12,19,18,19,17,15,14,15,18,14,17,15,19,12,13,11,17,16,17,19,18,14,16,19,14,12,16,20,18,10,10,11,20,13,16,20,11,15,17,10
20,10,14,18,19,16,20,19,10,15,13,17,12,14,19,13,13,16,10,11,11,10,18,13,18,11,16,14,10,10,19,20,12,15,17,10,10,19,20,20,14,15,20,11,19,16,12,14,14,19
12,11,18,15,17,12,17,11,17,10,12,16,19,15,20,10,11,15,11,17,11,13,11,17,17,11,16,18,20,18,13,12,10,13,10,16,15,11,11,10,17,19,12,14,13,15,19,10,14,12
15,17,11,15,17,11,11,20,14,16,18,15,20,15,12,12,13,15,14,10,17,18,16,16,17,18,13,10,12,15,20,10,10,18,16,17,18,15,17,20,10,12,12,11,18,16,13,16,16,19
11,11,12,14,13,19,13,11,19,12,12,15,12,20,16,15,15,11,18,14,18,10,15,11,11,18,15,11,11,20,15,11,13,11,11,12,14,12,18,18,11,13,12,14,20,12,11,18,12,15
16,16,19,15,20,16,11,17,20,11,17,10,13,14,15,11,14,16,20,12,17,14,15,20,11,19,16,12,11,15,10,12,15,15,16,14,19,13,17,15,18,14,14,17,14,17,17,16,19,20
15,14,10,18,10,14,13,11,16,12,10,14,18,17,13,13,20,14,17,20,17,13,14,19,15,12,11,15,14,13,13,12,20,17,20,16,19,15,10,19,19,12,19,11,15,20,19,14,14,14
19,14,14,20,12,15,18,20,19,15,12,20,19,11,11,10,15,14,17,16,15,14,11,12,13,10,17,15,18,19,16,13,12,10,17,10,11,12,11,16,15,19,15,20,18,19,14,12,14,16
15,20,14,12,13,16,19,14,14,17,12,16,16,12,18,16,17,14,11,19,15,12,10,12,20,20,14,11,14,12,12,12,11,16,12,17,17,12,19,18,13,13,20,10,20,12,11,13,12,19
11,16,11,10,12,11,12,15,13,15,10,12,14,16,18,20,10,15,19,12,11,17,10,15,11,14,18,10,15,20,11,16,15,19,14,11,15,18,12,12,19,10,17,13,14,17,16,17,19,12
20,10,17,17,13,13,19,17,20,13,15,20,16,11,13,15,13,14,17,20,10,17,15,12,13,11,16,16,19,17,17,14,17,12,17,19,15,15,15,12,10,10,11,13,12,16,14,14,16,16
13,14,16,10,10,10,13,17,13,17,13,14,14,16,19,20,12,15,17,12,20,12,10,18,18,13,16,19,18,16,17,20,18,16,16,15,19,15,20,11,12,12,18,20,19,14,17,13,20,17
15,14,20,12,20,14,13,11,20,20,11,11,17,14,14,12,16,17,15,17,10,15,13,12,13,16,11,20,16,14,12,19,16,14,17,19,10,14,20,10,17,20,15,13,12,16,15,15,12,19
11,15,13,18,12,12,16,11,17,11,20,12,17,19,17,15,10,16,17,10,10,14,12,20,19,18,16,17,11,17,20,19,18,20,20,12,16,10,12,19,20,17,13,20,13,15,17,15,15,19
19,10,18,20,17,19,10,14,19,11,14,11,10,15,14,14,20,12,13,10,15,11,15,14,10,10,11,14,10,10,12,15,10,19,15,17,10,11,16,19,20,20,17,17,20,13,15,11,10,16
14,20,18,18,14,19,17,11,16,17,19,18,16,10,12,18,13,17,10,12,15,11,17,11,12,20,19,15,13,13,17,11,15,16,10,14,18,11,17,13,15,13,16,20,17,16,10,13,20,16
18,18,17,12,12,19,12,19,16,15,10,12,10,19,10,14,19,10,20,13,18,17,16,17,14,12,12,12,15,19,10,12,10,17,15,11,11,19,17,12,10,10,14,11,18,16,16,10,15,16
13,16,18,16,14,11,16,19,19,15,13,10,15,12,12,11,16,16,20,15,13,17,13,10,17,18,13,18,13,13,20,13,12,13,16,11,14,10,14,20,10,12,11,15,18,14,11,18,19,12
16,14,13,12,13,20,10,14,11,18,19,10,11,19,11,17,15,11,18,11,18,19,11,14,13,18,20,16,19,15,20,19,10,13,12,13,18,12,11,19,18,11,14,17,16,18,12,20,19,15
14,12,18,11,19,16,14,10,17,11,13,14,15,13,15,19,14,17,12,19,11,16,19,13,16,17,14,17,13,14,13,12,13,11,16,14,11,14,11,16,12,20,10,14,20,13,19,14,11,10
19,13,17,18,20,14,17,10,18,20,11,18,16,13,11,12,14,14,14,12,19,19,19,12,20,19,12,16,11,11,14,10,14,18,12,10,12,18,18,13,11,12,20,13,18,11,16,14,17,10
10,18,18,19,19,19,12,17,16,17,13,17,16,10,13,17,16,13,19,14,14,11,11,15,13,12,10,11,12,13,13,13,16,20,15,20,12,15,18,15,14,10,14,18,11,13,10,10,19,19
20,12,15,20,19,19,17,12,15,17,18,18,11,15,12,18,14,15,17,20,12,14,13,11,13,11,17,20,10,18,10,13,20,14,19,13,13,10,11,19,15,17,15,11,14,10,11,19,15,12
13,10,10,13,11,15,13,11,19,17,10,18,11,10,19,19,18,10,12,17,13,15,16,18,20,19,11,13,19,16,18,10,11,12,19,18,14,15,17,16,20,12,13,11,16,12,19,16,18,16
20,16,15,19,11,18,16,15,14,11,14,15,11,20,14,18,20,20,14,16,13,12,19,10,13,17,19,20,19,14,20,20,15,14,13,11,16,11,17,16,14,18,17,12,14,19,10,14,18,16
16,18,18,12,10,15,15,16,14,11,13,20,13,20,17,17,19,16,14,15,12,16,18,15,18,20,18,13,18,19,11,10,19,11,17,10,11,18,15,17,20,18,16,19,19,15,16,13,13,16
10,13,13,19,12,13,17,18,12,17,18,16,15,18,13,17,12,18,20,12,19,15,11,13,18,12,16,15,15,10,18,13,18,15,15,11,10,17,17,11,14,16,19,12,18,15,11,18,12,14
19,14,15,10,16,20,19,13,17,11,13,10,12,13,19,11,16,19,16,20,11,11,14,15,10,13,15,11,14,17,10,17,11,20,16,20,14,15,14,14,13,14,16,13,12,19,16,15,19,17
19,18,10,20,13,13,14,20,20,19,15,18,19,18,17,11,19,16,11,16,12,13,17,13,14,15,14,14,19,18,10,10,11,19,10,13,10,19,10,13,15,13,19,20,18,12,20,16,15,20
19,14,19,14,18,10,14,11,10,14,19,18,18,18,12,19,20,15,16,11,17,18,19,17,18,19,14,14,13,15,10,17,18,14,11,17,12,12,10,20,15,17,11,20,11,15,10,12,16,15
18,20,10,12,15,12,17,18,12,20,19,11,19,17,18,12,15,14,18,17,19,11,11,15,18,13,17,15,17,18,10,10,17,19,15,17,11,17,13,10,14,13,15,16,14,18,18,14,19,12
19,17,19,14,15,17,18,13,18,20,11,13,16,19,13,19,12,16,15,15,12,20,15,19,11,19,13,20,11,20,18,17,11,10,16,20,18,19,17,17,11,11,11,12,19,15,16,12,18,10
11,15,11,20,11,20,12,10,18,13,13,12,14,16,18,17,12,18,19,18,16,12,19,15,12,13,14,18,10,17,12,16,20,11,15,13,16,13,16,18,13,14,15,19,10,13,13,12,11,17
16,11,19,10,16,20,11,10,10,12,11,20,20,12,14,19,16,13,15,19,15,19,10,11,16,12,19,19,19,13,11,12,12,18,11,20,12,18,12,15,15,12,17,17,13,14,13,14,16,18
20,19,13,16,16,11,18,11,13,14,11,15,20,13,19,13,15,17,17,12,14,18,19,13,19,19,20,15,17,11,12,15,16,10,19,10,18,14,11,15,19,17,12,19,15,11,11,20,12,10
13,10,18,17,18,12,13,13,15,19,16,14,13,11,18,20,12,12,15,13,18,19,13,11,18,19,11,15,15,13,16,13,15,19,10,15,12,18,14,12,14,19,14,20,12,15,10,14,18,16
18,15,13,11,11,18,17,11,17,19,18,19,15,20,20,11,20,18,10,15,11,17,15,10,10,17,10,13,17,16,15,13,10,18,16,13,15,11,10,10,15,20,18,15,16,16,13,19,10,20
19,19,18,11,20,18,15,16,20,12,15,20,20,17,13,11,19,13,19,16,17,10,18,12,11,13,14,11,13,18,10,12,15,17,17,16,10,12,11,16,15,19,11,19,18,11,13,11,10,16
18,11,20,15,12,16,12,13,16,13,17,16,14,14,15,10,12,16,20,19,20,19,18,19,17,18,11,18,16,12,19,18,12,14,19,20,17,14,20,17,19,20,11,14,10,11,11,16,16,11
12,14,17,13,19,18,10,13,14,13,17,15,15,18,11,15,14,15,17,16,19,15,10,20,15,18,20,11,16,16,20,17,19,19,15,17,17,17,13,11,16,18,16,20,18,11,11,12,11,15
10,14,12,19,10,19,15,16,17,15,11,14,13,19,20,14,13,19,17,12,11,19,14,11,15,16,10,12,13,17,13,11,10,10,10,13,10,13,10,10,13,20,19,19,14,15,19,18,19,20
10,15,12,20,11,20,18,15,14,17,10,14,13,16,15,17,15,12,17,18,11,11,19,17,13,17,12,11,12,11,10,10,20,15,10,14,14,16,10,18,18,17,19,13,12,13,14,18,11,17
14,17,20,18,19,14,14,19,13,10,19,16,11,12,19,10,20,16,10,14,13,10,12,19,17,19,16,20,16,12,14,10,15,17,17,10,16,10,16,14,10,20,14,17,17,16,16,13,11,18
15,20,19,14,20,18,10,14,18,14,14,15,14,10,11,11,19,14,10,20,11,13,15,18,14,20,15,18,11,20,16,19,14,16,11,17,19,20,10,10,12,12,14,17,11,18,13,17,11,20
10,17,14,20,17,14,16,20,16,19,14,18,13,13,14,15,17,10,19,18,18,20,19,20,11,10,15,10,14,12,14,11,20,18,12,13,17,12,15,16,18,16,13,14,12,16,11,11,11,15
14,14,20,13,10,15,13,19,13,10,13,16,14,20,14,18,18,12,11,11,12,16,12,20,16,15,16,18,19,12,11,13,15,18,15,13,18,19,16,20,15,17,12,16,16,12,11,11,11,20

The sequence dependent setup time of each job processed on machine 6.
(Where rows denote jobs: 1 to 50 and columns denote jobs: 0 to 50.For example:The value of Sijk is in row j,column i+1.)
14,19,10,17,15,19,19,13,17,14,18,15,16,10,18,20,15,17,18,11,20,18,15,15,11,14,15,16,15,15,11,11,19,12,17,14,16,13,12,12,16,12,11,15,17,10,19,11,10,18
13,16,20,16,19,10,12,14,15,18,18,11,18,10,14,16,13,18,16,10,18,11,14,13,15,19,18,10,18,17,18,14,16,18,12,14,20,18,17,18,13,10,15,12,13,15,19,11,17,18
13,16,16,14,18,12,18,13,15,17,19,12,19,14,13,15,12,19,20,12,12,11,11,15,12,13,17,12,18,10,19,15,14,14,16,18,16,10,19,12,17,13,12,14,10,17,15,14,15,16
15,13,18,14,18,15,10,17,14,12,17,16,14,10,15,14,16,12,13,17,16,10,19,18,13,18,11,19,16,17,16,16,19,12,12,13,16,11,19,15,10,10,15,20,13,20,14,13,17,15
14,15,13,10,20,13,14,12,19,10,13,15,11,12,11,19,10,12,12,10,13,15,16,13,20,15,14,19,12,15,12,16,19,10,19,12,18,20,19,10,16,10,12,18,10,13,18,17,19,20
16,17,16,14,15,10,19,14,18,10,14,19,19,19,20,17,15,10,14,11,17,17,10,13,11,19,10,19,13,12,12,15,20,13,18,10,13,16,12,16,16,20,14,11,13,12,12,18,18,10
18,20,15,16,11,16,18,18,20,11,18,15,15,20,10,10,12,16,19,12,10,10,13,14,14,20,18,10,19,12,10,11,16,12,15,11,11,14,11,14,10,10,16,20,16,16,15,11,12,14
17,11,12,16,10,17,10,12,17,10,15,13,17,18,15,14,17,19,17,19,17,18,19,20,19,13,20,16,18,11,17,10,10,11,15,10,15,11,17,16,14,19,20,13,18,18,10,11,14,12
12,13,11,12,15,16,20,14,15,17,18,10,14,17,20,11,19,18,19,16,11,13,10,18,20,11,15,20,12,18,20,12,19,13,18,10,17,16,11,19,17,10,10,15,10,17,11,18,16,18
14,19,10,16,14,11,20,18,12,13,13,17,15,16,12,14,20,12,11,20,19,14,13,19,10,18,11,11,18,20,13,14,11,12,18,13,18,15,14,16,15,16,19,18,17,19,19,10,11,11
16,15,20,19,18,17,14,16,11,16,13,13,15,11,17,20,11,18,12,20,15,17,17,19,19,16,15,18,10,11,15,19,11,17,19,16,10,17,13,13,15,14,17,15,17,14,19,10,19,10
20,20,15,18,19,11,12,15,18,19,17,17,14,18,10,11,16,15,16,17,13,17,11,18,11,12,16,20,16,20,10,18,15,19,19,13,19,14,20,11,12,19,19,18,19,10,17,19,17,19
20,14,18,10,14,19,11,11,11,14,17,14,20,20,15,17,10,10,19,10,18,13,19,16,11,14,13,15,15,20,11,16,16,17,15,15,11,20,16,11,15,11,14,12,17,13,11,12,14,15
19,17,12,16,18,13,17,10,14,12,11,13,11,13,15,12,11,20,20,10,17,17,14,10,10,12,13,11,17,17,14,12,10,20,14,17,11,10,10,20,11,11,11,14,17,11,18,14,20,16
16,16,16,10,16,10,15,13,18,12,13,18,16,16,15,11,14,12,18,18,14,15,14,10,18,20,13,17,18,15,13,20,14,20,17,20,20,16,18,11,14,11,14,16,15,10,10,11,11,15
12,19,15,11,16,19,12,20,20,20,11,14,15,18,10,17,12,11,19,14,20,20,19,17,16,20,19,17,10,10,18,14,11,15,13,17,14,11,14,14,10,12,15,14,11,19,12,16,15,15
19,16,10,14,19,20,16,18,16,11,20,11,15,18,10,13,19,18,17,17,12,10,16,13,10,10,18,14,17,12,13,12,13,15,16,12,17,13,17,10,19,10,11,15,15,18,16,13,18,19
10,11,20,12,10,19,13,11,19,17,20,12,14,20,17,11,20,19,15,12,14,10,14,10,11,13,16,14,10,13,18,19,13,17,18,12,17,14,18,11,12,20,13,18,20,10,15,11,19,15
19,11,10,19,19,17,14,11,16,19,12,19,19,13,19,19,18,17,20,19,13,18,16,19,16,16,20,20,18,13,11,17,15,18,20,16,15,15,16,12,14,19,13,15,13,19,17,17,11,16
20,17,12,18,11,11,17,13,11,19,11,17,14,18,12,13,13,14,17,18,12,16,10,20,12,16,13,12,12,10,16,15,13,17,15,13,13,16,18,10,18,17,12,16,19,19,19,18,14,20
17,20,19,11,20,19,11,17,18,18,10,13,14,10,17,19,19,15,18,15,17,20,11,12,18,17,19,17,17,17,10,12,12,10,15,10,14,19,15,12,16,12,20,18,12,12,16,10,14,13
19,11,20,11,19,17,10,11,13,13,13,20,20,17,14,19,20,12,20,14,20,10,10,16,12,11,17,13,10,20,16,15,19,17,11,14,18,10,14,20,15,10,19,18,17,10,12,17,10,11
12,14,19,20,13,14,20,16,20,20,16,14,20,14,11,15,12,13,18,16,20,18,17,19,14,20,16,10,14,16,14,16,19,20,15,11,15,17,14,15,10,18,17,20,14,16,10,11,15,17
11,18,12,14,15,14,16,13,15,12,20,15,18,17,13,18,17,13,20,20,19,19,10,20,18,17,13,19,17,17,12,15,20,13,16,10,15,14,15,10,15,17,20,18,20,16,14,17,13,13
15,10,17,15,18,12,13,11,11,15,17,13,20,13,13,17,14,16,16,18,16,11,12,18,11,12,19,10,19,20,15,13,14,20,12,15,13,20,12,13,13,16,11,11,10,13,16,11,16,13
16,15,13,17,20,11,17,12,12,14,20,14,19,17,13,10,12,20,18,11,12,18,16,12,15,18,16,19,16,17,10,20,12,16,11,16,16,11,12,19,12,20,17,14,16,20,11,10,15,20
20,14,13,20,16,11,11,10,17,18,10,20,10,12,20,18,17,19,19,18,14,17,18,19,20,13,11,12,11,15,19,11,18,18,12,17,16,15,20,12,18,13,20,20,14,15,19,12,11,17
16,17,19,18,15,17,16,16,11,13,15,12,14,18,17,19,18,12,12,17,18,11,14,20,15,14,19,15,13,17,18,15,15,10,16,11,17,13,18,12,15,10,11,10,10,15,18,17,18,16
10,18,15,19,17,19,14,20,19,15,11,20,18,18,19,10,20,19,15,13,11,14,16,11,16,19,10,19,17,12,12,13,15,17,12,18,15,10,14,11,10,13,15,11,19,12,14,19,19,16
16,16,18,10,13,20,11,15,20,18,12,17,12,19,20,18,13,18,16,10,18,17,13,18,20,17,14,15,17,15,12,14,12,12,11,13,18,15,19,13,20,20,19,19,14,15,15,19,17,16
19,12,14,16,19,10,12,17,17,12,19,15,14,13,13,14,17,19,15,15,15,17,13,11,14,13,18,14,19,12,16,13,15,20,15,18,15,20,10,20,20,14,18,13,11,15,19,16,14,10
11,13,14,18,11,13,15,15,12,18,12,19,13,14,12,19,13,12,17,18,12,16,10,13,19,15,20,13,15,19,17,15,11,12,17,14,19,17,15,14,10,12,15,17,14,19,10,14,13,13
14,19,16,17,16,14,17,18,10,15,10,19,14,18,13,13,11,15,20,19,16,11,13,17,18,11,12,13,18,18,10,19,18,13,20,10,17,19,18,11,10,10,15,17,12,19,15,20,20,17
17,14,16,12,18,12,12,17,19,15,13,18,20,16,14,15,20,14,18,15,15,15,16,10,20,11,18,19,15,19,19,12,10,14,10,10,14,14,12,14,10,11,16,19,16,14,18,14,19,14
19,15,14,17,13,10,13,20,15,20,12,19,14,10,17,13,13,15,20,15,13,16,18,13,20,18,11,10,14,12,13,16,15,15,19,16,19,20,17,11,11,11,18,11,18,18,15,17,19,18
11,12,14,11,16,13,20,10,13,15,16,16,19,18,10,20,17,12,12,13,12,14,17,18,18,12,20,16,11,20,17,16,13,13,20,11,10,11,19,11,11,14,19,13,13,16,15,15,11,12
12,15,11,17,19,17,17,15,12,18,15,20,13,18,19,18,10,19,15,17,17,20,16,15,19,17,14,10,19,16,18,17,19,10,14,19,14,14,16,16,19,13,14,11,19,20,20,16,20,16
11,13,10,11,19,15,12,20,11,14,11,17,17,10,15,14,16,10,11,19,13,16,18,11,18,15,12,11,12,17,15,20,20,13,13,18,17,15,19,15,19,17,20,13,17,11,17,20,13,14
16,20,16,11,16,10,16,17,11,17,17,13,14,14,13,12,14,10,13,11,20,20,14,15,18,15,13,10,15,18,18,10,14,20,20,18,11,18,20,14,15,15,19,19,10,19,10,17,17,17
20,11,19,15,18,15,14,18,10,13,12,11,13,17,11,14,15,17,17,10,14,17,18,19,19,13,18,18,20,15,19,19,13,18,20,15,15,20,14,11,18,18,10,13,16,17,18,13,15,19
19,10,10,11,19,10,14,17,18,12,17,10,16,15,12,17,20,13,19,19,15,14,17,10,15,15,10,20,13,15,13,12,10,15,20,10,15,14,19,20,19,10,13,19,19,15,20,12,16,16
14,18,12,14,18,13,10,11,17,12,18,10,20,13,10,18,17,19,10,10,13,15,15,18,13,12,12,18,13,11,14,14,12,13,19,15,19,11,17,18,12,14,12,12,17,14,20,16,15,14
18,20,13,17,13,13,18,13,14,11,20,18,17,20,20,15,16,14,20,13,14,13,12,12,14,13,10,10,17,15,17,13,15,17,19,10,18,15,18,15,14,17,20,16,15,16,19,11,13,19
16,14,18,19,14,10,16,16,16,20,17,14,10,10,16,15,17,20,10,10,16,16,10,19,18,19,15,19,20,11,14,20,15,20,10,13,20,17,20,18,16,19,20,20,18,14,10,14,14,14
10,19,15,13,15,14,14,17,17,19,17,13,14,19,16,10,15,11,12,18,13,12,15,13,10,17,17,13,11,13,20,20,19,20,18,12,11,13,18,20,15,12,18,17,19,19,17,20,17,10
11,11,16,18,15,13,15,17,18,10,13,10,13,15,10,20,10,12,15,11,12,10,11,13,14,18,14,16,10,16,10,15,12,16,10,13,17,20,17,14,17,14,15,10,11,13,19,10,10,11
17,11,13,10,12,13,13,17,16,19,16,14,10,15,20,17,17,19,17,19,10,10,10,16,13,19,20,16,13,10,18,20,13,16,19,20,14,15,15,11,17,13,15,12,10,16,11,16,17,19
10,12,15,18,16,19,16,20,17,18,18,18,13,10,16,16,20,17,13,17,20,18,18,10,14,15,17,15,17,18,14,10,20,10,19,18,15,10,15,15,13,12,18,18,17,11,14,12,16,16
15,13,10,17,12,13,15,12,12,19,17,18,14,20,16,11,18,19,19,14,16,20,20,16,10,12,18,14,11,20,13,15,12,18,16,15,15,14,13,11,13,14,16,16,14,13,16,20,19,18
14,20,12,16,17,13,10,14,13,13,13,10,15,15,17,15,18,18,12,14,10,10,15,19,14,13,18,20,11,20,18,10,14,15,13,19,10,16,10,11,20,17,20,12,10,14,11,12,18,14
18,15,13,14,11,20,14,14,19,12,18,11,19,15,11,16,16,15,10,14,20,11,18,20,20,10,16,19,11,17,15,19,10,16,14,11,16,16,12,19,15,20,16,15,18,15,11,15,19,17

