The number of jobs:
20
The number of machines:
4
The number of vehicles:
2
The number of workers:
2

The processing time of each order processed on different machines:
(where rows denote machines: 1 to 4 and columns denote orders: 1 to 
20)
32,36,34,35,30,29,27,28,27,39,30,22,37,20,28,30,22,30,29,21
37,36,29,37,24,24,32,22,29,35,25,34,22,30,40,23,21,30,31,22
31,39,26,33,34,25,25,22,24,34,39,26,34,20,24,36,29,30,23,28
30,33,27,21,36,35,32,37,38,34,25,37,27,27,31,28,25,36,34,29

The coefficient of each worker on each machine:
(where rows denote workers: 1 to 2 and columns denote machines: 1 to 
4)
1.25,1.25,0.75,0.5
1.25,1.25,1,1.25

The unit processing cost of machines:

6,6,8,7

The unit idle cost of machines:

2,5,4,2

The distance between each location:
(where rows and columns denote locations: 0 to 20)
0,81,116,107,37,36,93,9,86,35,90,27,95,53,48,90,93,47,77,38,107
81,0,142,102,114,115,162,86,131,74,94,75,115,62,122,12,159,68,101,83,156
116,142,0,217,100,134,87,124,200,85,202,91,27,161,151,140,195,158,192,154,42
107,102,217,0,140,114,196,102,68,132,17,127,192,57,106,113,113,60,39,71,213
37,114,100,140,0,35,57,39,104,47,123,41,86,89,51,121,95,82,106,69,79
36,115,134,114,35,0,85,29,70,66,97,59,118,72,17,125,62,64,77,46,114
93,162,87,196,57,85,0,95,154,88,179,87,89,146,99,167,131,139,161,126,48
9,86,124,102,39,29,95,0,77,44,85,36,103,51,39,96,84,44,70,32,113
86,131,200,68,104,70,154,77,0,121,56,113,180,69,55,143,45,63,35,53,184
35,74,85,132,47,66,88,44,121,0,117,8,61,76,81,79,127,72,108,70,86
90,94,202,17,123,97,179,85,56,117,0,111,178,42,89,106,100,45,24,54,197
27,75,91,127,41,59,87,36,113,8,111,0,68,70,73,81,119,66,101,63,89
95,115,27,192,86,118,89,103,180,61,178,68,0,136,134,114,180,133,169,131,54
53,62,161,57,89,72,146,51,69,76,42,70,136,0,71,75,100,9,40,27,158
48,122,151,106,51,17,99,39,55,81,89,73,134,71,0,132,46,63,67,44,130
90,12,140,113,121,125,167,96,143,79,106,81,114,75,132,0,171,80,113,95,158
93,159,195,113,95,62,131,84,45,127,100,119,180,100,46,171,0,93,76,76,170
47,68,158,60,82,64,139,44,63,72,45,66,133,9,63,80,93,0,38,19,153
77,101,192,39,106,77,161,70,35,108,24,101,169,40,67,113,76,38,0,38,183
38,83,154,71,69,46,126,32,53,70,54,63,131,27,44,95,76,19,38,0,145
107,156,42,213,79,114,48,113,184,86,197,89,54,158,130,158,170,153,183,145,0

The weight of orders:
12,13,19,16,16,18,13,14,16,11,14,12,12,12,13,16,15,14,11,10

The unit tardiness penalty of orders:

9,7,8,9,9,8,8,6,8,8,8,6,6,9,10,7,6,9,6,6

The due date of orders:
199,345,476,159,572,209,186,489,375,463,331,385,391,316,257,644,426,306,227,255

the loading and unloading time of each order:
3,3,5,4,4,5,3,4,4,3,4,3,3,3,3,4,4,4,3,3

The sequence dependent setup time of each job processed on machine 1.
(Where rows denote jobs: 1 to 20 and columns denote jobs: 0 to 20.For example:The value of Sijk is in row j,column i+1.)
18,15,18,19,15,15,12,16,15,17,13,16,15,14,12,17,18,11,14,14
10,20,18,16,11,19,20,20,17,16,12,12,15,18,14,16,17,11,16,12
16,13,12,20,20,16,15,12,19,12,19,20,11,20,13,10,12,14,10,16
11,13,18,11,15,17,17,13,18,16,20,11,16,15,16,13,12,10,10,20
18,14,16,12,17,17,16,14,16,20,18,16,20,15,10,10,10,10,20,20
20,10,18,16,10,11,14,16,10,18,14,15,12,10,17,14,16,19,13,20
20,15,16,18,17,20,10,15,15,19,14,15,19,14,13,10,11,12,16,18
10,14,13,11,19,14,14,16,19,17,12,12,14,20,15,18,17,10,11,17
12,20,15,18,19,14,17,12,18,13,12,16,17,17,18,10,13,19,14,15
18,12,17,15,20,16,20,15,20,10,14,16,13,11,12,16,18,15,16,18
13,17,18,14,16,10,12,17,11,14,20,19,16,10,15,13,17,12,13,14
13,12,19,12,20,10,13,19,15,11,16,20,19,15,12,20,15,18,14,14
14,13,17,18,12,10,20,17,19,19,15,19,18,11,11,19,16,19,12,11
15,11,10,13,12,20,12,17,16,12,12,12,14,13,12,16,12,14,18,18
14,15,16,19,15,19,15,13,19,20,12,19,15,12,19,17,15,18,12,17
16,10,19,14,10,13,13,17,10,20,11,17,14,13,11,19,11,14,12,20
18,17,20,20,17,11,11,14,16,15,19,14,17,20,12,18,14,10,12,17
20,14,10,10,17,19,10,20,16,20,19,13,12,10,17,10,14,10,18,17
10,15,15,18,11,12,10,17,20,16,18,15,10,14,16,11,19,15,13,12
19,14,12,14,18,18,11,16,11,19,15,16,13,12,14,19,11,16,11,18
13,14,17,16,18,20,16,15,19,12,14,18,12,14,15,13,17,13,20,18

The sequence dependent setup time of each job processed on machine 2.
(Where rows denote jobs: 1 to 20 and columns denote jobs: 0 to 20.For example:The value of Sijk is in row j,column i+1.)
16,20,18,12,14,20,14,16,16,16,20,10,12,14,13,16,13,17,20,16
14,18,12,20,10,15,13,12,20,11,20,12,20,18,13,16,20,19,13,18
11,15,14,20,12,13,19,18,17,20,19,17,16,15,15,17,20,20,17,17
16,16,17,17,14,13,13,16,10,11,19,13,14,16,15,13,10,17,15,19
12,10,18,14,10,13,16,13,15,13,20,20,15,17,20,13,16,16,15,13
18,16,15,12,11,20,19,16,11,16,20,10,14,10,15,16,20,12,17,11
11,13,11,20,12,16,11,19,12,14,11,14,13,16,11,14,18,20,14,18
18,20,16,15,17,20,18,17,20,12,16,14,17,18,20,13,19,17,15,20
18,15,18,13,14,14,13,18,17,20,15,15,19,16,19,15,11,12,18,16
11,17,10,19,17,19,12,14,13,20,17,11,10,12,19,14,12,20,14,15
10,12,10,19,20,15,10,14,11,17,19,12,16,11,15,12,18,11,16,15
18,17,19,19,14,16,16,13,14,11,10,17,12,10,20,14,17,18,19,11
11,15,12,15,17,10,20,13,14,19,15,14,14,14,16,19,20,11,14,12
10,10,17,14,10,13,19,11,17,16,13,10,10,10,19,14,12,11,15,16
20,19,10,18,13,18,16,10,15,13,10,13,10,12,16,18,15,15,12,17
12,19,12,16,15,15,14,16,17,18,14,13,16,16,18,14,12,16,19,19
19,13,19,14,13,20,16,19,12,17,18,18,11,16,15,19,13,13,13,14
18,14,17,20,19,11,16,12,18,13,15,16,16,14,15,10,11,13,14,13
20,18,10,11,20,14,16,13,17,15,15,19,14,13,14,17,12,12,20,19
11,14,11,20,20,17,10,20,17,10,11,17,12,10,15,14,12,16,11,19
14,14,19,15,16,16,12,19,10,12,15,10,19,10,19,18,18,15,16,17

The sequence dependent setup time of each job processed on machine 3.
(Where rows denote jobs: 1 to 20 and columns denote jobs: 0 to 20.For example:The value of Sijk is in row j,column i+1.)
14,16,11,14,13,16,16,12,13,18,13,12,12,10,17,15,17,17,11,17
18,19,15,17,11,17,17,10,13,10,11,12,14,12,16,17,13,18,10,20
12,10,19,10,14,11,16,14,14,10,11,16,17,10,14,14,16,17,17,14
20,16,15,17,10,14,12,11,11,10,14,13,12,20,18,12,11,16,16,18
14,15,18,10,13,13,12,11,20,13,16,16,17,17,20,19,19,11,19,18
13,10,17,19,19,15,16,20,15,13,11,19,20,18,10,20,20,10,15,12
12,16,13,14,20,19,17,13,17,12,14,12,11,15,10,19,20,16,15,18
14,19,16,18,17,13,10,16,12,20,19,16,10,13,10,15,12,15,13,16
19,12,19,16,10,16,12,10,19,14,20,18,10,12,20,11,14,19,20,19
18,20,14,17,14,19,10,17,13,19,14,19,13,13,18,10,11,16,11,20
17,17,19,11,11,17,11,19,19,14,16,16,14,15,13,12,11,16,13,16
18,18,19,12,11,12,11,15,11,19,13,10,16,14,12,16,14,17,11,14
14,11,16,10,10,14,10,17,14,16,20,18,13,18,18,16,17,10,19,14
14,12,18,15,19,17,20,19,17,16,13,10,19,20,10,12,17,17,16,18
15,10,13,11,18,19,19,13,17,12,10,18,13,11,19,11,16,20,11,11
18,20,11,20,18,15,20,11,10,16,19,11,17,14,16,15,11,20,16,17
14,11,16,11,11,17,16,10,18,11,12,14,19,18,18,13,20,20,20,11
19,18,18,14,16,13,20,17,16,14,11,17,15,11,18,12,10,16,19,13
12,15,14,17,20,20,14,16,20,17,19,14,19,19,12,10,13,13,17,14
15,11,15,15,17,15,13,20,20,11,11,13,10,18,17,18,17,13,15,15
12,20,20,20,10,15,14,14,17,20,10,14,14,14,16,14,16,12,15,14

The sequence dependent setup time of each job processed on machine 4.
(Where rows denote jobs: 1 to 20 and columns denote jobs: 0 to 20.For example:The value of Sijk is in row j,column i+1.)
17,18,19,20,11,20,20,19,12,10,18,10,15,14,18,11,12,13,12,14
19,16,11,14,12,20,20,15,11,16,19,20,18,15,14,14,16,12,19,11
18,18,14,11,19,16,17,19,18,18,20,17,16,17,13,14,10,18,10,13
10,16,12,17,10,15,20,19,13,17,17,14,17,13,17,17,12,14,18,10
11,20,17,19,13,19,19,15,15,13,14,10,20,16,12,12,12,15,10,10
19,13,17,15,18,18,20,12,13,12,15,12,17,18,18,15,15,18,19,12
19,14,13,19,18,12,16,12,11,20,16,20,13,16,15,16,19,13,11,19
15,19,20,12,16,19,12,17,15,20,10,14,15,11,19,15,13,19,11,15
20,12,12,13,18,15,11,14,11,19,17,16,15,13,19,11,16,19,11,13
14,16,16,16,12,13,19,11,17,14,17,18,16,18,17,19,11,19,18,17
16,11,13,14,11,20,20,12,19,20,13,18,13,11,20,16,19,13,17,10
14,14,17,17,18,20,19,12,17,20,19,18,13,18,18,19,18,15,10,17
12,14,16,20,18,15,17,19,19,18,13,18,16,17,17,12,20,18,13,12
15,10,10,19,16,20,17,13,20,20,13,11,16,16,19,15,12,19,14,10
16,19,12,20,20,12,18,15,15,16,12,11,14,12,12,19,10,19,10,13
12,20,17,13,16,13,13,17,17,17,17,11,18,19,20,13,11,15,12,16
15,10,17,12,19,13,14,16,19,14,18,19,18,20,17,19,17,11,16,14
17,14,13,12,18,11,11,12,12,10,17,11,13,20,20,20,13,17,20,15
19,10,10,11,18,17,15,19,18,19,15,15,10,20,19,13,20,16,17,12
14,11,11,18,12,15,10,20,17,19,13,16,20,17,20,15,14,13,11,20
10,10,19,19,17,20,20,19,20,20,15,20,11,11,17,12,11,10,13,19

