The number of jobs:
20
The number of machines:
5
The number of vehicles:
3
The number of workers:
3

The processing time of each order processed on different machines:
(where rows denote machines: 1 to 5 and columns denote orders: 1 to 
20)
31,33,32,37,38,24,34,20,26,26,30,30,27,22,33,27,25,34,32,39
29,29,31,40,31,27,36,28,31,37,33,39,27,35,31,35,27,34,33,28
24,30,32,40,28,24,39,34,27,40,34,37,33,30,23,31,24,37,35,39
31,22,32,23,35,37,25,28,26,38,36,28,38,35,30,35,24,27,22,37
36,28,29,29,31,28,25,26,33,31,26,31,38,37,28,36,25,37,27,38

The coefficient of each worker on each machine:
(where rows denote workers: 1 to 3 and columns denote machines: 1 to 
5)
1.5,0.5,1.25,1,0.5
1.25,0.5,0.5,1.25,1.5
1.5,1.5,1.5,1,1.25

The unit processing cost of machines:

6,7,7,9,8

The unit idle cost of machines:

5,1,4,2,3

The distance between each location:
(where rows and columns denote locations: 0 to 20)
0,116,55,59,79,67,45,58,77,92,55,91,114,106,37,91,81,80,87,90,71
116,0,151,70,192,122,82,127,118,151,154,76,161,148,134,146,43,121,180,205,186
55,151,0,82,52,45,97,109,130,50,92,97,73,70,82,53,109,134,120,68,70
59,70,82,0,126,54,56,99,106,85,111,35,99,87,90,80,28,109,142,141,128
79,192,52,126,0,97,122,113,138,97,82,147,117,117,85,101,153,141,99,17,34
67,122,45,54,97,0,94,124,139,31,119,56,50,39,103,27,79,143,151,113,112
45,82,97,56,122,94,0,47,50,124,72,90,144,133,52,121,63,53,98,132,109
58,127,109,99,113,124,47,0,25,150,37,134,172,163,29,149,110,27,54,118,88
77,118,130,106,138,139,50,25,0,167,61,140,188,179,54,165,110,4,73,143,113
92,151,50,85,97,31,124,150,167,0,139,80,23,21,126,7,109,171,169,113,120
55,154,92,111,82,119,72,37,61,139,0,145,162,156,21,140,129,63,32,83,53
91,76,97,35,147,56,90,134,140,80,145,0,86,73,124,74,39,144,176,163,155
114,161,73,99,117,50,144,172,188,23,162,86,0,13,148,23,120,192,192,133,142
106,148,70,87,117,39,133,163,179,21,156,73,13,0,141,17,107,182,187,134,140
37,134,82,90,85,103,52,29,54,126,21,124,148,141,0,126,108,56,52,90,62
91,146,53,80,101,27,121,149,165,7,140,74,23,17,126,0,103,169,170,117,123
81,43,109,28,153,79,63,110,110,109,129,39,120,107,108,103,0,113,159,167,152
80,121,134,109,141,143,53,27,4,171,63,144,192,182,56,169,113,0,73,145,115
87,180,120,142,99,151,98,54,73,169,32,176,192,187,52,170,159,73,0,95,65
90,205,68,141,17,113,132,118,143,113,83,163,133,134,90,117,167,145,95,0,31
71,186,70,128,34,112,109,88,113,120,53,155,142,140,62,123,152,115,65,31,0

The weight of orders:
10,15,12,13,19,11,10,14,17,14,15,18,18,12,19,16,20,16,15,15

The unit tardiness penalty of orders:

9,10,8,7,9,6,8,8,6,7,9,8,7,6,10,6,10,10,7,6

The due date of orders:
361,195,273,269,376,343,225,336,455,496,369,310,337,118,193,186,265,388,345,468

the loading and unloading time of each order:
3,4,3,3,5,3,3,4,4,4,4,5,5,3,5,4,5,4,4,4

The sequence dependent setup time of each job processed on machine 1.
(Where rows denote jobs: 1 to 20 and columns denote jobs: 0 to 20.For example:The value of Sijk is in row j,column i+1.)
17,11,19,19,11,17,20,15,20,13,14,13,17,17,11,20,18,11,20,18
11,16,18,19,11,13,13,10,10,12,10,17,10,12,20,20,16,13,17,19
10,17,13,12,10,13,13,15,18,13,16,18,10,15,19,18,18,15,10,17
16,16,14,12,18,15,15,11,14,19,17,20,11,18,16,14,20,20,12,15
15,16,18,15,10,15,17,16,11,10,17,12,20,12,15,11,11,18,15,16
11,12,20,11,15,12,17,17,13,16,19,10,18,10,13,10,16,10,18,19
15,14,13,19,15,13,16,20,17,13,12,19,11,16,16,16,17,10,13,20
18,20,15,17,16,18,11,15,20,20,11,16,12,10,19,10,12,16,16,19
14,11,16,11,10,14,10,20,11,12,14,17,16,19,17,18,17,13,10,11
18,16,11,19,16,15,18,13,13,12,16,16,13,18,14,17,12,12,19,11
18,10,11,20,13,14,19,15,19,16,12,15,19,20,17,17,17,20,20,20
14,15,15,13,15,13,17,20,18,19,15,14,20,17,18,18,15,11,18,20
18,11,17,19,10,19,12,14,14,10,11,14,18,18,19,10,20,13,11,19
17,14,19,19,11,15,17,18,10,20,18,13,17,10,17,11,14,13,20,13
19,17,18,16,13,10,15,10,15,15,15,10,16,11,19,18,14,12,15,20
17,17,17,13,18,15,16,12,20,12,12,17,12,15,10,10,11,12,19,12
18,20,13,16,10,17,18,15,10,11,14,18,17,18,11,14,20,16,11,16
12,12,12,15,18,14,17,19,14,16,16,19,15,11,18,10,13,15,11,12
20,12,10,19,13,20,18,12,11,18,11,10,12,12,10,10,17,20,10,16
15,16,12,19,15,11,17,19,14,11,19,14,16,15,20,13,16,20,15,12
10,11,19,11,14,13,17,10,15,20,15,18,17,13,19,12,13,12,17,14

The sequence dependent setup time of each job processed on machine 2.
(Where rows denote jobs: 1 to 20 and columns denote jobs: 0 to 20.For example:The value of Sijk is in row j,column i+1.)
10,15,10,12,11,13,19,14,20,20,13,14,18,16,14,17,10,19,13,19
16,20,15,15,20,13,12,20,10,12,12,10,19,12,16,10,15,20,17,20
20,10,11,19,19,12,12,19,16,20,14,20,16,17,14,14,15,17,18,17
19,11,20,12,13,19,11,14,11,12,17,18,13,16,18,15,14,14,12,13
17,16,15,19,18,13,19,18,15,19,12,17,18,10,11,18,14,15,11,19
17,19,11,12,11,20,17,16,20,15,20,16,18,17,17,12,17,17,12,20
17,15,16,13,16,13,14,17,13,16,16,14,12,16,10,12,14,11,15,15
10,12,14,13,14,13,14,14,20,13,20,12,20,14,18,17,16,18,20,13
12,18,14,12,11,14,17,11,11,19,11,17,20,20,13,18,17,20,20,14
15,14,18,11,18,10,19,11,10,11,18,20,10,14,12,15,11,12,20,11
15,11,11,16,16,15,19,16,13,13,19,14,18,10,11,13,15,20,20,15
15,10,19,10,13,17,10,15,10,20,17,15,10,14,15,19,11,12,14,19
20,13,14,19,14,18,20,14,14,11,15,14,18,12,13,11,19,19,14,11
16,10,13,10,19,13,10,10,16,11,14,11,17,10,16,16,18,18,18,18
14,19,14,11,11,14,14,12,19,20,13,16,17,14,10,19,19,18,13,15
16,17,16,20,13,13,18,19,18,17,17,14,20,20,11,15,12,12,15,17
20,16,14,19,16,19,17,10,16,10,13,13,12,10,16,19,20,15,17,11
20,17,13,17,15,13,11,15,13,12,14,19,16,12,16,10,10,15,16,19
10,12,19,20,11,18,14,12,13,10,14,15,10,16,11,15,13,17,15,15
12,13,16,20,14,15,18,16,20,10,13,16,13,15,14,11,13,13,15,18
20,13,20,19,13,15,13,10,19,16,20,11,11,12,13,19,15,18,17,15

The sequence dependent setup time of each job processed on machine 3.
(Where rows denote jobs: 1 to 20 and columns denote jobs: 0 to 20.For example:The value of Sijk is in row j,column i+1.)
20,19,14,15,18,20,18,19,17,11,10,10,18,16,19,14,10,12,16,13
12,11,13,15,19,19,12,15,10,16,16,17,13,19,12,13,16,14,15,11
12,20,15,20,17,19,17,18,15,20,16,11,20,10,17,19,12,16,13,15
16,17,19,14,19,10,12,11,19,15,14,10,11,18,13,19,19,18,10,12
14,15,10,14,12,16,20,14,15,17,13,20,10,19,13,11,18,11,11,13
10,15,18,14,10,11,12,11,15,19,18,18,14,14,15,15,14,15,13,15
11,19,17,10,16,11,20,20,17,14,12,20,16,17,17,19,20,12,14,19
11,16,11,17,20,20,14,12,17,15,14,14,19,11,19,11,10,18,19,11
18,17,13,16,13,18,13,11,20,10,11,16,15,16,18,17,18,17,10,17
18,17,13,13,13,20,11,16,10,20,15,16,16,17,18,19,15,20,20,15
17,18,20,19,18,20,10,19,14,15,14,19,16,11,19,17,16,18,16,20
10,18,15,20,18,20,14,15,19,17,12,12,15,18,13,18,14,19,14,11
19,17,19,16,10,18,18,15,19,12,13,10,15,17,14,18,12,12,11,13
19,19,11,19,15,12,12,18,18,18,13,12,15,14,14,16,16,20,15,17
17,17,13,18,13,16,10,12,13,17,20,12,13,12,18,17,19,11,14,15
16,19,16,18,18,10,17,18,13,12,15,20,15,20,10,11,16,18,16,20
20,14,19,13,10,19,14,13,17,12,20,16,15,12,10,15,17,18,11,17
10,10,12,15,11,20,19,13,13,11,18,18,14,12,10,17,12,18,18,14
18,15,11,16,10,11,17,15,20,16,17,13,19,17,12,16,11,19,12,13
17,17,10,17,11,20,20,10,20,13,12,17,10,14,10,20,13,19,10,19
15,10,11,13,12,15,13,18,14,17,13,13,15,20,18,10,10,16,18,14

The sequence dependent setup time of each job processed on machine 4.
(Where rows denote jobs: 1 to 20 and columns denote jobs: 0 to 20.For example:The value of Sijk is in row j,column i+1.)
18,20,11,14,10,11,12,12,18,19,10,12,15,15,13,15,12,19,10,10
20,14,14,17,16,17,11,19,20,13,11,13,14,13,19,19,10,19,11,11
16,14,10,16,10,12,12,13,15,15,20,13,16,16,18,17,18,11,15,16
11,13,12,16,18,15,15,20,15,15,12,19,19,19,18,17,17,18,15,16
16,19,18,10,13,13,13,17,14,10,16,10,17,12,17,17,20,20,20,20
16,14,14,18,16,12,10,13,10,16,18,10,10,13,14,10,15,12,13,15
17,17,20,17,15,11,12,10,20,18,11,18,15,19,14,16,10,20,14,14
13,10,17,11,15,13,16,16,18,10,20,12,18,20,19,19,18,19,10,15
17,12,20,19,13,18,17,12,14,13,19,14,17,15,17,13,10,11,20,16
10,18,15,13,12,20,17,11,14,19,18,14,18,18,19,20,17,15,18,18
17,15,15,12,18,17,17,15,13,13,14,12,19,20,12,20,12,19,10,14
10,17,12,12,14,15,14,15,19,18,10,17,15,14,17,10,12,14,20,18
17,18,11,13,16,11,13,13,16,11,10,17,18,20,14,15,10,12,17,17
19,20,15,19,15,16,20,12,11,13,13,10,16,13,13,20,14,10,18,17
19,17,11,13,20,17,18,15,11,20,11,20,16,14,16,15,12,14,14,14
11,17,17,15,15,14,15,16,17,17,10,17,20,19,12,12,15,10,18,12
12,15,17,15,14,11,16,18,12,13,18,18,20,16,16,19,20,19,19,10
10,16,19,18,15,19,20,13,17,11,10,13,11,14,14,18,16,16,13,13
13,10,18,18,19,17,17,10,20,14,19,18,12,14,10,16,10,18,11,18
14,15,11,11,18,19,11,16,16,12,16,18,12,16,12,14,11,13,15,12
11,13,11,14,20,20,11,13,15,20,12,11,10,18,10,17,11,20,14,15

The sequence dependent setup time of each job processed on machine 5.
(Where rows denote jobs: 1 to 20 and columns denote jobs: 0 to 20.For example:The value of Sijk is in row j,column i+1.)
12,19,17,11,18,20,17,12,17,10,14,17,17,12,10,15,12,19,15,11
14,19,13,14,16,13,13,13,16,18,10,18,14,12,11,13,11,10,15,20
15,10,16,18,17,16,14,17,13,19,12,13,18,11,20,16,20,10,14,16
11,16,16,17,16,12,20,18,13,12,12,19,14,20,12,16,13,16,18,14
15,13,16,16,19,10,10,20,20,10,18,18,16,18,18,11,12,13,11,14
20,11,11,13,20,13,14,13,17,13,19,17,11,18,14,15,10,14,17,10
16,14,18,14,13,11,20,10,17,15,20,13,17,11,17,16,20,17,18,17
16,19,10,12,19,20,11,15,16,18,14,18,20,17,20,17,12,14,10,14
14,13,14,11,17,18,16,14,11,19,12,15,17,11,19,18,20,13,18,12
11,20,13,13,14,14,11,13,20,20,19,17,12,15,11,16,12,13,20,18
19,18,18,10,14,20,19,11,15,15,13,20,15,12,20,11,10,17,15,17
11,11,15,14,13,10,11,16,13,19,10,12,16,16,10,13,17,14,12,10
15,11,19,20,13,15,11,16,14,11,12,11,13,19,14,14,14,15,11,15
17,11,12,16,13,16,13,12,11,11,10,15,17,16,11,11,14,17,14,17
15,11,18,20,15,15,12,17,20,20,12,19,20,16,17,19,12,19,16,20
18,11,17,18,18,20,14,17,20,19,15,14,18,14,19,19,11,11,11,11
19,19,15,18,13,10,10,12,20,20,11,16,11,17,17,13,18,15,19,10
15,18,14,13,18,11,13,10,14,17,17,17,10,16,14,18,17,12,18,19
18,16,15,16,14,18,14,15,15,19,14,17,10,17,14,19,10,20,13,20
15,11,20,16,20,20,19,17,11,10,18,16,14,13,12,14,12,17,16,16
16,17,17,17,16,15,19,13,16,12,10,19,11,16,17,13,12,17,13,14

