The number of factories:
2
The number of jobs:
20
The number of machines:
4
The number of vehicles:
4
The number of workers:
3

The factory where machine i is located:
1,1,1,2

The vehicle which belong to factory 1:
1
The vehicle which belong to factory 2:
2,3,4

The processing time of each order processed on different machines:
(where rows denote orders: 1 to 20 and columns denote machines: 1 to 
4)
37,22,25,40,34,38,40,28,33,36,35,32,27,38,28,21,31,25,28,34
25,28,27,34,28,36,36,30,29,37,37,21,25,31,26,25,32,21,25,29
24,24,29,40,23,28,39,39,27,40,34,33,23,34,23,36,37,20,34,34
30,27,36,29,31,20,37,21,28,31,31,39,36,30,20,28,27,34,21,22

The coefficient of each worker on each machine:
(where rows denote workers: 1 to 3 and columns denote machines: 1 to 
4)
0.5,1,0.75,1.25
0.75,1,1.5,1
0.75,1,1.5,1

The unit processing cost of machines:

8,7,10,9

The unit idle cost of machines:

2,5,5,1

The distance between each location:
(where rows and columns denote locations from factory 1 to customers)
0,27,43,109,35,113,16,162,92,132,91,123,203,111,136,61,66,30,151,118,188
27,0,27,83,34,87,43,155,79,109,66,128,191,109,112,86,39,52,159,135,175
43,27,0,72,22,76,58,128,52,90,50,107,164,84,95,89,36,56,140,125,149
109,83,72,0,93,4,125,140,72,38,25,155,154,122,34,161,44,127,189,190,137
35,34,22,93,0,97,47,127,59,108,70,94,168,77,114,69,57,36,125,105,153
113,87,76,4,97,0,129,142,75,37,28,158,154,125,32,165,48,131,193,194,138
16,43,58,125,47,129,0,171,105,148,107,126,214,118,152,50,82,26,151,113,200
162,155,128,140,127,142,171,0,79,113,123,73,52,55,125,166,147,151,92,136,45
92,79,52,72,59,75,105,79,0,64,49,84,112,50,74,120,67,93,118,127,96
132,109,90,38,108,37,148,113,64,0,43,144,119,110,12,176,74,144,178,191,102
91,66,50,25,70,28,107,123,49,43,0,131,144,99,46,139,33,106,166,165,127
123,128,107,155,94,158,126,73,84,144,131,0,125,35,156,104,139,101,35,63,117
203,191,164,154,168,154,214,52,112,119,144,125,0,105,129,215,174,197,141,187,17
111,109,84,122,77,125,118,55,50,110,99,35,105,0,121,111,112,97,68,90,94
136,112,95,34,114,32,152,125,74,12,46,156,129,121,0,183,75,150,190,201,113
61,86,89,161,69,165,50,166,120,176,139,104,215,111,183,0,122,34,120,71,203
66,39,36,44,57,48,82,147,67,74,33,139,174,112,75,122,0,87,173,161,157
30,52,56,127,36,131,26,151,93,144,106,101,197,97,150,34,87,0,126,89,183
151,159,140,189,125,193,151,92,118,178,166,35,141,68,190,120,173,126,0,59,137
118,135,125,190,105,194,113,136,127,191,165,63,187,90,201,71,161,89,59,0,179
188,175,149,137,153,138,200,45,96,102,127,117,17,94,113,203,157,183,137,179,0
The distance between each location:
(where rows and columns denote locations from factory 2 to customers)
0,36,38,49,58,52,79,152,73,80,39,143,180,116,81,120,6,86,176,163,163
36,0,27,83,34,87,43,155,79,109,66,128,191,109,112,86,39,52,159,135,175
38,27,0,72,22,76,58,128,52,90,50,107,164,84,95,89,36,56,140,125,149
49,83,72,0,93,4,125,140,72,38,25,155,154,122,34,161,44,127,189,190,137
58,34,22,93,0,97,47,127,59,108,70,94,168,77,114,69,57,36,125,105,153
52,87,76,4,97,0,129,142,75,37,28,158,154,125,32,165,48,131,193,194,138
79,43,58,125,47,129,0,171,105,148,107,126,214,118,152,50,82,26,151,113,200
152,155,128,140,127,142,171,0,79,113,123,73,52,55,125,166,147,151,92,136,45
73,79,52,72,59,75,105,79,0,64,49,84,112,50,74,120,67,93,118,127,96
80,109,90,38,108,37,148,113,64,0,43,144,119,110,12,176,74,144,178,191,102
39,66,50,25,70,28,107,123,49,43,0,131,144,99,46,139,33,106,166,165,127
143,128,107,155,94,158,126,73,84,144,131,0,125,35,156,104,139,101,35,63,117
180,191,164,154,168,154,214,52,112,119,144,125,0,105,129,215,174,197,141,187,17
116,109,84,122,77,125,118,55,50,110,99,35,105,0,121,111,112,97,68,90,94
81,112,95,34,114,32,152,125,74,12,46,156,129,121,0,183,75,150,190,201,113
120,86,89,161,69,165,50,166,120,176,139,104,215,111,183,0,122,34,120,71,203
6,39,36,44,57,48,82,147,67,74,33,139,174,112,75,122,0,87,173,161,157
86,52,56,127,36,131,26,151,93,144,106,101,197,97,150,34,87,0,126,89,183
176,159,140,189,125,193,151,92,118,178,166,35,141,68,190,120,173,126,0,59,137
163,135,125,190,105,194,113,136,127,191,165,63,187,90,201,71,161,89,59,0,179
163,175,149,137,153,138,200,45,96,102,127,117,17,94,113,203,157,183,137,179,0

The weight of orders:
12,12,13,18,14,16,16,18,19,13,13,18,19,18,11,10,19,18,10,16

The unit tardiness penalty of orders:

6,9,7,9,7,10,8,10,6,6,9,7,6,9,6,9,8,10,7,8

The due date of orders:
326,294,459,153,501,162,484,520,669,351,505,418,646,578,355,518,397,655,355,594

the loading and unloading time of each order:
3,3,3,5,4,4,4,5,5,3,3,5,5,5,3,3,5,5,3,4

The sequence dependent setup time of each job processed on machine 1.
(Where rows denote jobs: 1 to 20 and columns denote jobs: 0 to 20.For example:The value of Sijk is in row j,column i+1.)
17,10,11,17,18,20,14,16,14,19,16,13,13,20,11,11,14,12,19,20
12,17,12,14,17,11,12,12,17,10,14,11,18,12,11,10,19,11,14,20
12,14,15,19,15,16,11,12,16,17,19,18,10,15,11,17,13,19,20,14
14,12,14,11,15,19,15,19,12,13,13,20,14,20,19,18,19,15,18,18
20,20,12,12,13,15,13,18,10,11,12,16,13,15,20,20,13,11,20,16
12,14,17,13,17,19,11,13,13,12,20,20,19,18,14,12,17,16,20,13
18,13,11,18,20,19,16,16,10,14,18,18,15,15,14,16,19,14,15,14
14,12,16,12,14,18,19,16,20,17,13,19,14,18,17,19,20,12,19,16
17,13,13,12,18,12,16,15,20,14,15,15,18,18,10,13,18,18,16,20
18,13,15,17,10,19,20,11,20,16,10,12,13,17,19,14,15,16,16,17
12,20,14,11,10,11,14,17,18,17,11,15,19,19,18,12,13,15,13,15
18,11,11,20,17,15,19,12,14,17,12,16,12,20,14,19,14,20,15,20
18,14,12,10,18,18,17,17,18,16,17,19,20,16,16,10,19,18,16,15
12,16,11,18,18,18,20,15,18,14,11,10,11,12,19,13,20,12,20,16
18,10,17,18,10,11,18,17,11,11,17,11,19,18,11,12,12,17,20,16
12,15,16,20,10,17,11,13,12,13,16,16,17,17,10,12,14,17,19,16
18,20,18,11,10,15,20,16,18,15,12,18,15,16,10,13,20,14,15,16
12,15,11,15,14,13,19,14,20,10,15,14,15,18,13,18,18,20,19,10
19,15,10,19,13,10,18,13,17,12,20,20,19,17,17,15,13,17,18,12
12,17,15,12,12,16,19,10,12,15,18,20,15,10,17,10,13,16,19,13
13,20,18,18,14,18,15,13,16,19,17,11,14,17,10,16,20,20,15,20

The sequence dependent setup time of each job processed on machine 2.
(Where rows denote jobs: 1 to 20 and columns denote jobs: 0 to 20.For example:The value of Sijk is in row j,column i+1.)
12,19,14,19,20,14,16,18,18,17,14,18,11,11,18,14,17,12,15,13
15,11,16,17,16,15,11,14,17,19,18,19,16,14,17,17,12,15,16,14
12,18,13,10,14,14,13,11,11,11,17,10,16,19,15,19,14,14,17,18
12,17,18,12,15,10,20,12,17,16,16,13,11,20,16,16,14,10,14,18
18,14,19,15,11,14,18,11,11,10,20,14,16,11,10,16,18,18,17,17
16,15,14,12,11,17,17,15,11,11,11,20,11,19,14,17,12,14,14,13
19,20,20,17,16,20,16,13,17,14,16,13,15,14,13,10,20,10,16,19
15,15,16,12,10,15,11,18,16,11,11,20,19,20,11,16,20,10,16,15
16,16,11,10,10,13,10,10,13,10,19,14,17,16,10,11,18,16,14,13
15,10,11,16,12,14,13,18,16,20,11,17,16,10,10,12,12,15,20,18
13,18,11,14,16,18,13,20,15,17,12,14,16,17,13,11,16,14,10,20
19,11,16,13,16,10,15,14,13,15,16,13,13,14,19,16,18,15,11,14
13,12,14,11,16,17,20,18,16,10,20,15,12,14,13,11,17,17,12,15
16,19,19,11,18,18,19,12,17,15,17,11,11,16,18,13,13,17,17,17
10,13,10,13,18,13,17,13,14,12,10,15,11,12,14,19,20,20,11,19
10,18,20,10,14,12,14,13,14,11,17,11,19,13,19,13,19,20,13,16
20,11,18,14,10,16,13,10,15,12,12,11,19,11,17,17,10,16,15,16
18,18,19,20,14,18,12,17,16,20,11,14,20,20,19,16,17,19,11,17
15,18,17,19,11,13,18,20,17,10,15,20,19,17,15,12,11,17,12,11
18,17,14,10,12,19,15,16,16,11,12,15,17,14,15,14,15,11,20,19
20,11,20,15,19,15,19,17,16,17,16,20,14,11,17,20,15,20,16,11

The sequence dependent setup time of each job processed on machine 3.
(Where rows denote jobs: 1 to 20 and columns denote jobs: 0 to 20.For example:The value of Sijk is in row j,column i+1.)
12,15,10,15,16,18,16,17,13,15,13,17,13,12,13,12,13,13,10,17
19,14,15,15,15,17,11,13,15,19,18,13,15,18,20,20,11,20,14,10
10,20,11,11,12,16,15,18,19,12,20,12,14,17,11,16,18,16,15,18
19,17,10,15,10,16,11,14,10,16,19,15,20,13,19,14,17,14,13,12
16,14,10,20,18,13,11,18,18,16,11,17,12,10,12,10,13,20,11,16
20,17,13,15,12,11,10,13,14,20,18,19,12,19,19,20,18,13,13,13
17,10,11,11,19,10,18,11,16,16,17,16,10,20,19,18,15,15,11,17
12,15,13,19,11,14,10,20,17,16,17,20,18,16,18,12,20,12,12,14
20,16,13,15,16,14,11,13,15,20,10,16,11,18,11,18,17,18,17,14
18,12,12,14,14,20,17,14,15,14,13,15,16,15,13,18,11,15,14,11
19,16,12,10,18,13,15,14,18,18,12,16,20,17,11,18,13,19,14,11
13,12,14,17,14,17,16,17,13,15,13,10,16,19,14,12,13,18,12,17
11,16,19,11,14,12,11,19,20,19,15,14,17,18,15,13,12,16,12,11
10,18,19,15,17,18,13,20,18,11,18,16,15,19,14,11,12,20,14,12
20,17,18,13,13,11,12,13,13,16,18,18,10,20,18,18,15,17,14,20
18,16,17,14,13,11,12,15,16,15,16,15,16,15,11,15,16,17,20,12
19,14,20,14,15,18,13,18,10,20,17,16,17,18,14,15,15,20,14,17
11,12,14,13,17,10,19,11,14,13,16,18,19,11,18,13,16,19,13,14
14,19,17,20,13,18,18,12,16,17,12,14,20,19,16,12,20,14,18,15
12,15,20,14,18,13,17,11,11,13,18,12,11,15,12,10,13,10,13,13
20,13,11,12,19,17,16,19,17,17,18,16,15,18,16,16,14,18,11,11

The sequence dependent setup time of each job processed on machine 4.
(Where rows denote jobs: 1 to 20 and columns denote jobs: 0 to 20.For example:The value of Sijk is in row j,column i+1.)
17,14,14,15,11,16,13,15,16,20,19,19,20,20,14,17,18,12,16,17
15,20,17,19,19,18,15,11,12,13,17,14,20,14,12,20,11,12,11,13
11,14,19,19,17,16,11,18,19,15,17,14,13,13,20,20,11,13,15,15
14,17,11,13,10,10,14,17,14,18,18,15,14,13,20,10,20,20,19,13
17,13,18,14,11,20,10,19,12,10,20,18,11,12,15,14,11,12,13,13
18,14,10,16,10,17,15,19,14,13,19,12,18,20,20,11,11,19,17,16
20,11,18,10,20,19,13,14,10,18,16,16,17,18,16,17,13,20,15,15
18,14,15,15,12,13,20,12,14,14,15,19,15,20,12,16,14,15,19,18
19,19,13,17,17,16,20,20,10,19,19,12,11,12,20,12,12,16,15,20
18,18,20,19,13,16,12,15,12,14,18,14,18,18,11,11,13,12,11,13
15,12,17,13,16,18,13,14,11,19,19,10,10,11,15,20,17,18,19,12
19,20,10,18,16,12,13,19,20,15,10,19,15,16,16,11,12,12,12,11
19,16,19,15,18,13,17,12,11,14,13,10,13,11,16,18,11,10,14,20
11,12,18,10,19,18,10,19,14,14,20,15,18,12,18,14,13,12,14,18
19,14,13,11,16,15,13,16,10,14,14,13,20,16,12,12,15,18,10,18
17,13,10,18,14,13,18,11,18,10,13,14,17,12,10,12,11,14,14,10
16,16,11,13,13,20,13,19,13,13,11,10,13,14,19,15,14,15,12,17
14,18,19,20,17,16,12,13,10,18,19,17,18,19,18,18,11,15,14,13
17,15,10,20,19,15,11,17,12,11,10,12,14,18,15,20,15,15,20,12
20,16,11,10,18,13,14,10,17,17,13,14,17,14,11,12,12,12,16,19
20,12,17,18,15,11,11,11,14,14,17,17,14,15,15,17,14,11,19,20

