The number of factories:
2
The number of jobs:
20
The number of machines:
3
The number of vehicles:
2
The number of workers:
3

The factory where machine i is located:
1,1,2

The vehicle which belong to factory 1:
1
The vehicle which belong to factory 2:
2

The processing time of each order processed on different machines:
(where rows denote orders: 1 to 20 and columns denote machines: 1 to 
3)
24,29,29,31,23,32,36,27,39,32,32,27,30,35,20,24,35,38,28,32
31,36,34,39,30,39,24,30,35,21,34,31,20,23,33,33,39,26,39,32
29,35,27,25,32,37,30,24,22,28,33,33,26,32,39,20,31,26,39,35

The coefficient of each worker on each machine:
(where rows denote workers: 1 to 3 and columns denote machines: 1 to 
3)
1,0.5,0.75
0.75,0.75,0.5
0.5,1.25,0.75

The unit processing cost of machines:

9,9,7

The unit idle cost of machines:

2,1,3

The distance between each location:
(where rows and columns denote locations from factory 1 to customers)
0,111,86,92,93,174,126,94,146,43,106,134,45,51,113,76,23,117,146,64,100
111,0,29,39,132,102,126,108,197,144,61,60,155,81,178,120,133,182,150,131,99
86,29,0,44,104,102,104,82,170,116,43,58,131,68,149,91,109,153,128,101,75
92,39,44,0,141,139,147,123,207,132,88,96,133,50,182,126,112,186,172,131,118
93,132,104,141,0,128,44,27,66,77,80,109,117,129,49,18,105,53,56,34,40
174,102,102,139,128,0,91,103,175,187,68,44,216,170,174,130,196,178,103,151,90
126,126,104,147,44,91,0,32,85,119,65,85,157,149,84,55,142,88,25,76,30
94,108,82,123,27,103,32,0,90,90,54,82,126,119,76,28,110,80,54,50,14
146,197,170,207,66,175,85,90,0,114,143,168,154,189,35,81,150,33,74,83,101
43,144,116,132,77,187,119,90,114,0,122,154,41,94,79,64,37,82,134,43,101
106,61,43,88,80,68,65,54,143,122,0,32,149,105,129,75,128,133,89,92,42
134,60,58,96,109,44,85,82,168,154,32,0,178,126,158,105,157,162,105,124,69
45,155,131,133,117,216,157,126,154,41,149,178,0,86,119,102,22,121,173,83,136
51,81,68,50,129,170,149,119,189,94,105,126,86,0,159,111,66,163,173,107,119
113,178,149,182,49,174,84,76,35,79,129,158,119,159,0,58,116,4,84,52,89
76,120,91,126,18,130,55,28,81,64,75,105,102,111,58,0,88,62,72,22,40
23,133,109,112,105,196,142,110,150,37,128,157,22,66,116,88,0,118,160,72,118
117,182,153,186,53,178,88,80,33,82,133,162,121,163,4,62,118,0,86,56,93
146,150,128,172,56,103,25,54,74,134,89,105,173,173,84,72,160,86,0,91,55
64,131,101,131,34,151,76,50,83,43,92,124,83,107,52,22,72,56,91,0,62
100,99,75,118,40,90,30,14,101,101,42,69,136,119,89,40,118,93,55,62,0
The distance between each location:
(where rows and columns denote locations from factory 2 to customers)
0,189,164,204,64,156,69,82,25,127,131,153,168,192,52,81,161,52,53,89,90
189,0,29,39,132,102,126,108,197,144,61,60,155,81,178,120,133,182,150,131,99
164,29,0,44,104,102,104,82,170,116,43,58,131,68,149,91,109,153,128,101,75
204,39,44,0,141,139,147,123,207,132,88,96,133,50,182,126,112,186,172,131,118
64,132,104,141,0,128,44,27,66,77,80,109,117,129,49,18,105,53,56,34,40
156,102,102,139,128,0,91,103,175,187,68,44,216,170,174,130,196,178,103,151,90
69,126,104,147,44,91,0,32,85,119,65,85,157,149,84,55,142,88,25,76,30
82,108,82,123,27,103,32,0,90,90,54,82,126,119,76,28,110,80,54,50,14
25,197,170,207,66,175,85,90,0,114,143,168,154,189,35,81,150,33,74,83,101
127,144,116,132,77,187,119,90,114,0,122,154,41,94,79,64,37,82,134,43,101
131,61,43,88,80,68,65,54,143,122,0,32,149,105,129,75,128,133,89,92,42
153,60,58,96,109,44,85,82,168,154,32,0,178,126,158,105,157,162,105,124,69
168,155,131,133,117,216,157,126,154,41,149,178,0,86,119,102,22,121,173,83,136
192,81,68,50,129,170,149,119,189,94,105,126,86,0,159,111,66,163,173,107,119
52,178,149,182,49,174,84,76,35,79,129,158,119,159,0,58,116,4,84,52,89
81,120,91,126,18,130,55,28,81,64,75,105,102,111,58,0,88,62,72,22,40
161,133,109,112,105,196,142,110,150,37,128,157,22,66,116,88,0,118,160,72,118
52,182,153,186,53,178,88,80,33,82,133,162,121,163,4,62,118,0,86,56,93
53,150,128,172,56,103,25,54,74,134,89,105,173,173,84,72,160,86,0,91,55
89,131,101,131,34,151,76,50,83,43,92,124,83,107,52,22,72,56,91,0,62
90,99,75,118,40,90,30,14,101,101,42,69,136,119,89,40,118,93,55,62,0

The weight of orders:
16,20,15,13,11,12,14,12,18,19,12,11,13,20,11,18,10,19,15,15

The unit tardiness penalty of orders:

7,9,6,7,6,10,10,7,8,6,6,10,6,9,9,10,7,9,8,8

The due date of orders:
254,154,366,450,285,329,560,634,155,485,666,305,196,568,209,199,327,396,445,577

the loading and unloading time of each order:
4,5,4,3,3,3,4,3,5,5,3,3,3,5,3,5,3,5,4,4

The sequence dependent setup time of each job processed on machine 1.
(Where rows denote jobs: 1 to 20 and columns denote jobs: 0 to 20.For example:The value of Sijk is in row j,column i+1.)
10,15,10,15,15,18,11,15,12,13,15,16,11,20,14,16,19,20,14,13
12,13,12,10,14,20,12,14,19,19,18,12,13,12,11,17,16,16,17,17
18,15,20,19,14,13,15,13,18,14,16,12,20,14,17,11,17,17,11,13
18,15,13,17,10,12,11,11,16,16,14,11,20,15,10,15,14,19,20,16
14,12,10,14,14,14,12,10,18,11,16,10,13,20,19,17,18,15,16,15
13,20,20,11,18,14,20,12,13,16,12,20,17,17,20,11,15,13,16,14
18,18,17,14,20,10,11,12,18,18,19,18,12,13,10,14,17,12,12,16
16,15,12,12,10,17,15,11,16,19,20,18,16,14,16,13,14,16,14,17
11,20,20,10,19,17,15,16,15,19,18,20,20,11,18,14,18,13,18,14
18,15,18,15,17,15,18,18,15,13,11,20,15,14,14,13,11,18,10,16
13,19,14,12,11,13,20,16,20,15,16,14,11,17,19,18,19,20,15,20
15,11,20,14,11,20,11,15,19,19,12,20,16,16,13,20,16,15,10,14
15,11,18,19,10,17,11,13,17,18,13,14,10,19,20,20,10,13,14,10
13,17,11,15,10,19,10,19,20,20,11,11,16,20,13,10,20,18,15,20
10,13,13,14,16,14,18,18,19,15,20,10,10,11,20,12,18,17,13,17
18,19,11,11,12,10,16,13,15,11,20,16,11,20,15,10,14,17,17,19
18,14,13,18,18,15,16,20,13,12,14,11,17,14,19,20,14,10,16,20
11,11,18,18,11,12,15,15,14,18,12,17,20,12,11,18,13,17,20,16
17,11,10,15,10,17,18,12,17,20,16,12,18,13,17,15,13,14,19,19
11,16,13,12,16,11,15,19,11,10,12,12,10,14,16,14,15,10,15,13
11,16,16,10,14,13,11,19,17,16,18,13,14,17,12,18,20,16,16,16

The sequence dependent setup time of each job processed on machine 2.
(Where rows denote jobs: 1 to 20 and columns denote jobs: 0 to 20.For example:The value of Sijk is in row j,column i+1.)
12,11,20,10,20,20,17,19,19,20,20,20,10,15,14,13,17,18,18,15
18,17,18,13,14,13,19,19,20,20,18,11,15,12,14,20,18,12,17,20
20,19,14,14,17,18,18,20,16,12,13,12,14,10,10,20,18,15,12,20
11,13,18,20,17,19,17,18,13,10,17,11,17,15,18,16,14,15,13,16
12,17,11,16,17,10,12,12,20,18,14,16,20,12,14,14,15,15,11,17
19,12,19,14,10,20,17,17,15,17,14,17,12,19,16,15,12,13,10,18
15,14,10,10,20,19,11,15,19,15,16,13,11,14,15,19,10,15,12,15
11,20,14,13,16,16,15,14,20,18,18,13,12,12,19,20,18,10,19,18
18,14,16,13,14,13,17,16,18,17,16,13,15,20,14,19,17,18,14,16
18,15,16,10,10,16,20,13,17,14,19,16,18,15,16,13,18,15,18,12
10,16,17,11,10,12,17,12,12,16,13,20,13,20,12,20,12,20,14,13
12,11,15,19,20,17,19,14,13,20,17,10,10,12,15,20,11,19,16,18
14,17,16,17,11,20,14,19,19,18,18,10,18,14,20,11,20,16,20,20
18,14,13,10,18,19,16,12,20,12,14,14,20,17,11,17,14,12,10,10
15,12,20,13,14,15,19,18,14,19,13,15,10,18,19,12,14,11,13,17
16,20,11,15,10,16,18,12,16,12,15,15,18,19,20,20,15,12,11,13
15,11,11,11,19,10,17,11,20,11,18,20,18,16,15,14,15,12,16,15
13,10,16,16,18,14,12,15,19,12,10,11,18,14,15,13,17,20,19,17
11,16,13,19,16,19,18,14,13,19,13,14,17,12,18,15,11,18,16,17
14,13,12,14,17,19,14,14,14,12,17,20,15,16,18,19,18,18,14,10
11,16,20,18,14,11,13,13,15,20,10,18,14,15,18,11,11,20,14,19

The sequence dependent setup time of each job processed on machine 3.
(Where rows denote jobs: 1 to 20 and columns denote jobs: 0 to 20.For example:The value of Sijk is in row j,column i+1.)
18,13,10,20,11,10,18,17,17,15,14,19,18,14,13,18,12,10,14,12
10,10,17,17,12,20,20,17,19,17,12,10,15,10,15,18,11,19,17,17
11,18,17,11,14,10,15,13,13,19,10,20,15,10,18,15,14,10,20,12
10,11,11,12,12,11,16,11,14,16,14,17,15,16,19,10,10,19,16,16
15,11,14,11,20,20,16,11,19,10,11,12,20,16,12,15,11,15,15,11
11,19,10,11,19,12,20,15,10,14,18,10,11,12,18,18,15,17,12,14
18,13,17,18,15,12,16,15,16,14,10,17,18,19,16,12,20,10,19,17
12,19,15,12,16,16,12,10,13,11,17,10,15,17,13,14,10,14,17,19
16,16,18,10,14,20,10,14,10,17,14,16,13,13,12,11,13,17,18,19
20,14,20,11,17,10,20,16,20,19,19,14,19,13,15,14,12,16,14,12
12,20,11,14,19,16,12,19,13,20,17,14,17,20,11,20,12,15,10,14
14,10,11,13,19,11,13,14,17,11,11,12,12,20,17,20,13,17,15,14
16,11,14,18,20,13,16,15,11,16,19,20,13,18,18,14,13,15,10,20
15,13,20,10,18,18,11,15,18,17,19,13,17,19,18,19,18,16,14,20
20,18,12,11,17,16,10,13,18,20,13,10,13,17,19,10,10,13,13,15
12,18,13,15,10,16,18,11,15,10,10,15,19,18,18,13,12,15,20,18
10,13,17,15,12,12,18,16,18,19,11,19,16,16,13,11,15,18,20,18
17,14,13,12,18,20,16,10,15,18,11,18,16,11,16,11,17,13,16,19
19,13,18,11,19,14,13,16,16,11,18,19,10,13,12,16,20,13,14,10
19,16,15,19,10,10,10,15,11,14,10,19,20,20,15,19,13,13,10,15
10,16,14,16,12,11,16,10,14,14,15,10,17,17,11,15,11,16,14,16

